0,0,0,0,0,0,0,0,0,0,0,0,0,0,0,0,0,0,0,0,0,0,0,0,0,0,0,0,0,0,0,0,0,0,0,0,0,0,0,0,0,0,0,0,0,0,0,0,0,0,0,0,0,0,0,0,0,0,0,0,0,0,0,0,0,0,0,0,0,0,0,0,0,0,0,0,0,0,0,0,0,0,0,0,0,0,0,0,0,0,0,0,0,0,0,0,0,0,0,0,0,0,0,0,0,0,0,0,0,0,0,0,0,0,0,0,0,0,0,0,0,0,0,0,0,0,0,0,0,0,0,0,0,0,0,0,0,0,0,0,0,0,0,0,0,0,0,0,0,0,0,0,0,0,0,0,0,0,0,0,0,0,0,0,0,0,0,0,0,0,0,0,0,0,0,0,0,0,0,0,0,0,0,0,0,0,0,0,0,0,0,0,0,0,0,0,0,0,0,0,0,0,0,0,0,0,0,0,0,0,0,0,0,0,0,0,0,0,0,0,0,0,0,0,0,0,0,0,0,0,0,0,0,0,0,0,0,0,0,0,0,0,0,0,0,0,0,0,0,0,0,0,0,0,0,0,0,0,0,0,0,0,0,0,0,0,0,0,0,0,0,0,0,0,0,0,0,0,0,0,0,0,0,0,0,0,0,0,0,0,0,0,0,0,0,0,0,0,0,0,0,0,0,0,0,0,0,0,0,0,0,0,0,0,0,0,0,0,0,0,0,0,0,0,0,0,0,0,0,0,0,0,0,0,0,0,0,0,0,0,0,0,0,0,0,0,0,0,0,0,0,0,0,0,0,0,0,0,0,0,0,0,0,0,0,0,0,0,0,0,0,0,0,0,0,0,0,0,0,0,0,0,0,0,0,0,0,0,0,0,0,0,0,0,0,0,0,0,0,0,0,0,0,0,0,0,0,0,0,0,0,0,0,0,0,0,0,0,0,0,0,0,0,0,0,0,0,0,0,0,0,0,0,0,0,0,0,0,0,0,0,0,0,0,0,0,0,0,0,0,0,0,0,0,0,0,0,0,0,0,0,0,0,0,0,0,0,0,0,0,0,0,0,0,0,0,0,0,0,0,0,0,0,0,0,0,0,0,0,0,0,0,0,0,0,0,0,0,0,0,0,0,0,0,0,0,0,0,0,0,0,0,0,0,0,0,0,0,0,0,0,0,0,0,0,0,0,0,0,0,0,0,0,0,0,0,0,0,0,0,0,0,0,0,0,0,0,0,0,0,0,0,0,0,0
0,0,0,0,0,0,0,0,0,0,0,0,0,0,0,0,0,0,0,0,0,0,0,0,0,0,0,0,0,0,0,0,0,0,0,0,0,0,0,0,0,0,0,0,0,0,0,0,0,0,0,0,0,0,0,0,0,0,0,0,0,0,0,0,0,0,0,0,0,0,0,0,0,0,0,0,0,0,0,0,0,0,0,0,0,0,0,0,0,0,0,0,0,0,0,0,0,0,0,0,0,0,0,0,0,0,0,0,0,0,0,0,0,0,0,0,0,0,0,0,0,0,0,0,0,0,0,0,0,0,0,0,0,0,0,0,0,0,0,0,0,0,0,0,0,0,0,0,0,0,0,0,0,0,0,0,0,0,0,0,0,0,0,0,0,0,0,0,0,0,0,0,0,0,0,0,0,0,0,0,0,0,0,0,0,0,0,0,0,0,0,0,0,0,0,0,0,0,0,0,0,0,0,0,0,0,0,0,0,0,0,0,0,0,0,0,0,0,0,0,0,0,0,0,0,0,0,0,0,0,0,0,0,0,0,0,0,0,0,0,0,0,0,0,0,0,0,0,0,0,0,0,0,0,0,0,0,0,0,0,0,0,0,0,0,0,0,0,0,0,0,0,0,0,0,0,0,0,0,0,0,0,0,0,0,0,0,0,0,0,0,0,0,0,0,0,0,0,0,0,0,0,0,0,0,0,0,0,0,0,0,0,0,0,0,0,0,0,0,0,0,0,0,0,0,0,0,0,0,0,0,0,0,0,0,0,0,0,0,0,0,0,0,0,0,0,0,0,0,0,0,0,0,0,0,0,0,0,0,0,0,0,0,0,0,0,0,0,0,0,0,0,0,0,0,0,0,0,0,0,0,0,0,0,0,0,0,0,0,0,0,0,0,0,0,0,0,0,0,0,0,0,0,0,0,0,0,0,0,0,0,0,0,0,0,0,0,0,0,0,0,0,0,0,0,0,0,0,0,0,0,0,0,0,0,0,0,0,0,0,0,0,0,0,0,0,0,0,0,0,0,0,0,0,0,0,0,0,0,0,0,0,0,0,0,0,0,0,0,0,0,0,0,0,0,0,0,0,0,0,0,0,0,0,0,0,0,0,0,0,0,0,0,0,0,0,0,0,0,0,0,0,0,0,0,0,0,0,0,0,0,0,0,0,0,0,0,0,0,0,0,0,0,0,0,0,0,0,0,0,0,0,0,0,0,0,0,0,0,0,0,0,0,0,0,0,0,0,0,0,0,0,0,0,0
0,0,0,0,0.06807,0.071972,0.078005,0.086168,0.094333,0.099832,0.10266,0.10549,0.12197,0.15212,0.18227,0.20893,0.23211,0.25528,0.2591,0.24355,0.22801,0.22202,0.22559,0.22916,0.23984,0.25762,0.27541,0.30542,0.34768,0.38992,0.40921,0.40554,0.40185,0.37332,0.31992,0.26652,0.23719,0.23194,0.22669,0.26207,0.33807,0.41407,0.44662,0.4357,0.42477,0.39586,0.34899,0.30211,0.26826,0.24742,0.22659,0.21391,0.20938,0.20485,0.20357,0.20554,0.20751,0.21229,0.21989,0.22748,0.23164,0.23237,0.2331,0.23614,0.2415,0.24685,0.2537,0.26204,0.27039,0.27454,0.27452,0.27449,0.26859,0.25683,0.24507,0.23797,0.23553,0.23309,0.23319,0.23583,0.23847,0.23988,0.24007,0.24026,0.23664,0.22922,0.2218,0.21337,0.20394,0.1945,0.18737,0.18253,0.1777,0.1765,0.17895,0.1814,0.18458,0.1885,0.19242,0.19194,0.18705,0.18215,0.14284,0.069131,-0.0045759,-0.095537,-0.20375,-0.31198,-0.3561,-0.33611,-0.31612,-0.28392,-0.23953,-0.19513,-0.17184,-0.16967,-0.1675,-0.18409,-0.21944,-0.2548,-0.28688,-0.31566,-0.34443,-0.36392,-0.37412,-0.38432,-0.39553,-0.40774,-0.41996,-0.43455,-0.45153,-0.4685,-0.48306,-0.49519,-0.50732,-0.51636,-0.52229,-0.52823,-0.53265,-0.53556,-0.53847,-0.54877,-0.56647,-0.58416,-0.60025,-0.61472,-0.6292,-0.63131,-0.62105,-0.61078,-0.59458,-0.57245,-0.55031,-0.52759,-0.50427,-0.48096,-0.45468,-0.42545,-0.39621,-0.36622,-0.33545,-0.30469,-0.27547,-0.24777,-0.22007,-0.19325,-0.16733,-0.1414,-0.11536,-0.089211,-0.063052,-0.039251,-0.017816,0.0036144,0.020981,0.034272,0.047558,0.052874,0.050217,0.047557,0.043074,0.036771,0.030468,0.013704,-0.013528,-0.040772,-0.067499,-0.093693,-0.11989,-0.13609,-0.14227,-0.14846,-0.15104,-0.15002,-0.14899,-0.14791,-0.14675,-0.1456,-0.14801,-0.154,-0.15998,-0.16423,-0.16673,-0.16923,-0.171,-0.17204,-0.17308,-0.17413,-0.1752,-0.17627,-0.18154,-0.191,-0.20046,-0.21405,-0.23177,-0.24949,-0.27231,-0.30021,-0.32811,-0.35169,-0.37094,-0.39019,-0.41201,-0.43642,-0.46082,-0.48062,-0.49581,-0.511,-0.51674,-0.51302,-0.50931,-0.501,-0.48809,-0.47518,-0.46665,-0.46249,-0.45834,-0.43984,-0.407,-0.37416,-0.35469,-0.34861,-0.34253,-0.33971,-0.34015,-0.34059,-0.34425,-0.35113,-0.35801,-0.35341,-0.33733,-0.32125,-0.29665,-0.26353,-0.23041,-0.20878,-0.19864,-0.18851,-0.16546,-0.12949,-0.093525,-0.063039,-0.038037,-0.013038,0.010906,0.033797,0.056692,0.072621,0.081585,0.09055,0.097033,0.10103,0.10503,0.11262,0.12381,0.13499,0.12421,0.09146,0.058713,0.032135,0.01173,-0.0086729,-0.02568,-0.039289,-0.052898,-0.073187,-0.10016,-0.12713,-0.15933,-0.19677,-0.23421,-0.261,-0.27716,-0.2933,-0.3063,-0.31613,-0.32596,-0.33758,-0.351,-0.36442,-0.37043,-0.36901,-0.36759,-0.3669,-0.36694,-0.36699,-0.37284,-0.3845,-0.39616,-0.40076,-0.39828,-0.39581,-0.38685,-0.37138,-0.35592,-0.33969,-0.32268,-0.30567,-0.28678,-0.266,-0.24521,-0.22913,-0.21777,-0.20641,-0.19405,-0.18069,-0.16734,-0.1569,-0.14937,-0.14183,-0.14079,-0.14625,-0.15171,-0.15247,-0.14853,-0.14459,-0.14517,-0.15026,-0.15536,-0.15771,-0.15732,-0.15693,-0.15611,-0.15485,-0.1536,-0.1518,-0.14948,-0.14715,-0.14327,-0.13783,-0.13239,-0.1286,-0.12647,-0.12434,-0.12485,-0.12803,-0.1312,-0.13472,-0.13859,-0.14246,-0.14745,-0.15355,-0.15966,-0.16621,-0.1732,-0.18019,-0.18276,-0.18092,-0.17908,-0.17311,-0.16301,-0.15291,-0.14593,-0.14209,-0.13825,-0.13599,-0.1353,-0.13461,-0.1323,-0.12838,-0.12446,-0.11616,-0.10349,-0.090807,-0.083475,-0.081482,-0.079483,-0.078407,-0.078254,-0.078101,-0.076585,-0.073705,-0.070824,-0.070194,-0.071817,-0.073441,-0.075514,-0.078038,-0.080562,-0.08094,-0.079173,-0.077405,-0.073317,-0.066908,-0.060496,-0.05356,-0.046099,-0.038636,-0.037038,-0.041306,-0.045574,-0.052032,-0.060681,-0.069328,-0.079896,-0.092382,-0.10487,-0.11979,-0.13717,-0.15453,-0.16514,-0.169,-0.17285,-0.17443,-0.17375,-0.17306,-0.17166,-0.16954,-0.16743,-0.16217,-0.15376,-0.14535,-0.133,-0.11671,-0.10042,-0.080897,-0.058142,-0.035382,-0.010926,0.015216,0.041362,0.068849,0.09767,0.12648,0.15381,0.17966,0.2055,0.2298,0.25259,0.27538,0.29463,0.31033,0.32604,0.33678,0.34256,0.34833,0.35282,0.35603,0.35924,0.36406,0.37049,0.37691,0.38998,0.40967,0.42937,0.44192,0.44731,0.4527,0.45859,0.46497,0.47136,0.47182,0.46634,0.46086,0.4321,0.3801,0.3281,0.2855,0.25234,0.21917,0.19414,0.17725,0.16036,0.14419,0.12872,0.11325,0.10083,0.091451,0.082076,0.077918,0.078979,0.080042,0.089747,0.10809,0.12645,0.14205,0.15491,0.16777,0.15189,0.10728,0.062656,0.031701,0.014433,-0.0028301,-0.010738,-0.0092827,-0.007824,-0.003703,0.0030838,0.0098726,0.018093,0.027748,0.037404,0.046444,0.054871,0.063297,0.074087,0.087249,0.10041,0.11199,0.122,0.132,0.14004,0.14613,0.15221,0.15784,0.16302,0.1682,0.17292,0.17718,0.18144,0.18331,0.1828,0.18228,0.17971,0.17508,0.17046,0.16582,0.16117,0.15652,0.14956,0.14032,0.13107,0.12342,0.11737,0.11132,0.10546,0.099813,0.09416,0.091719,0.092491,0.093264,0.07805,0.046844,0.015621
0,0,0,0,0.13154,0.13946,0.15122,0.16682,0.18243,0.19432,0.20249,0.21066,0.24271,0.29868,0.35465,0.40393,0.44654,0.48915,0.49718,0.47064,0.4441,0.43465,0.4423,0.44996,0.4717,0.5075,0.54332,0.59927,0.67537,0.75147,0.78438,0.77408,0.76376,0.70942,0.61105,0.51268,0.45971,0.45216,0.44463,0.50882,0.64476,0.78069,0.84179,0.82808,0.81433,0.76515,0.68053,0.59591,0.53251,0.49034,0.44816,0.42262,0.41372,0.40482,0.40235,0.40633,0.41031,0.41983,0.4349,0.44997,0.45898,0.46195,0.46491,0.47179,0.48258,0.49337,0.50655,0.52211,0.53767,0.54531,0.54502,0.54473,0.53343,0.51112,0.4888,0.47524,0.47044,0.46564,0.46562,0.47039,0.47515,0.47752,0.47747,0.47742,0.47014,0.45562,0.44109,0.4245,0.40586,0.38722,0.37319,0.36378,0.35437,0.35239,0.35786,0.36334,0.37008,0.37811,0.38614,0.38379,0.37108,0.35837,0.28322,0.14566,0.0080803,-0.15888,-0.35522,-0.55157,-0.63494,-0.6053,-0.57566,-0.52269,-0.44636,-0.37003,-0.33203,-0.33237,-0.33273,-0.36757,-0.43687,-0.50617,-0.5696,-0.62713,-0.68465,-0.72476,-0.74744,-0.77012,-0.79342,-0.81733,-0.84124,-0.86961,-0.90246,-0.93531,-0.96397,-0.98844,-1.0129,-1.0317,-1.0449,-1.0581,-1.0689,-1.0773,-1.0857,-1.1073,-1.1419,-1.1766,-1.2074,-1.2342,-1.261,-1.2642,-1.244,-1.2238,-1.1921,-1.1492,-1.1062,-1.0611,-1.0141,-0.9671,-0.91428,-0.85567,-0.79706,-0.73715,-0.67594,-0.61474,-0.55646,-0.50109,-0.44572,-0.39216,-0.34041,-0.28866,-0.23657,-0.18412,-0.13166,-0.083601,-0.039951,0.0036982,0.039134,0.06634,0.093545,0.10599,0.10367,0.10135,0.093942,0.08146,0.068976,0.037007,-0.014466,-0.065958,-0.11699,-0.16756,-0.21814,-0.25073,-0.2653,-0.27987,-0.28706,-0.28684,-0.28663,-0.28594,-0.28479,-0.28364,-0.289,-0.30086,-0.31273,-0.32171,-0.32781,-0.3339,-0.33833,-0.34108,-0.34383,-0.34658,-0.34932,-0.35207,-0.36286,-0.38171,-0.40055,-0.42827,-0.46486,-0.50146,-0.54763,-0.60338,-0.65912,-0.70768,-0.74906,-0.79043,-0.83466,-0.88176,-0.92885,-0.96557,-0.9919,-1.0182,-1.0285,-1.0226,-1.0167,-1.0015,-0.97686,-0.95225,-0.93332,-0.92008,-0.90685,-0.86787,-0.80316,-0.73843,-0.69944,-0.68619,-0.67295,-0.66629,-0.6662,-0.66612,-0.67192,-0.68359,-0.69527,-0.68559,-0.65456,-0.62354,-0.57687,-0.51458,-0.45228,-0.41046,-0.38911,-0.36776,-0.32195,-0.25169,-0.18142,-0.12107,-0.070648,-0.020234,0.02715,0.071513,0.11587,0.14648,0.16334,0.1802,0.19137,0.19686,0.20234,0.21435,0.23289,0.25142,0.23086,0.17119,0.11151,0.059742,0.015873,-0.027994,-0.06361,-0.090968,-0.11832,-0.15732,-0.20796,-0.2586,-0.32031,-0.39307,-0.46584,-0.52011,-0.55588,-0.59165,-0.61824,-0.63565,-0.65306,-0.67452,-0.70006,-0.72561,-0.73747,-0.73564,-0.73381,-0.73383,-0.73571,-0.73759,-0.74896,-0.76984,-0.79071,-0.7992,-0.79531,-0.79141,-0.77346,-0.74144,-0.70941,-0.6766,-0.643,-0.60941,-0.57201,-0.5308,-0.4896,-0.45765,-0.43496,-0.41228,-0.38861,-0.36394,-0.33927,-0.32007,-0.30634,-0.29261,-0.29031,-0.29944,-0.30857,-0.30884,-0.30027,-0.29169,-0.29227,-0.30202,-0.31177,-0.3167,-0.31681,-0.31692,-0.31594,-0.31389,-0.31183,-0.30865,-0.30435,-0.30005,-0.29313,-0.2836,-0.27406,-0.26744,-0.26374,-0.26005,-0.26112,-0.26697,-0.27283,-0.27957,-0.28721,-0.29486,-0.30454,-0.31628,-0.32802,-0.34038,-0.35337,-0.36636,-0.37118,-0.36782,-0.36447,-0.35365,-0.33538,-0.3171,-0.30403,-0.29618,-0.28834,-0.28324,-0.28087,-0.27851,-0.27327,-0.26516,-0.25706,-0.24133,-0.21797,-0.1946,-0.18033,-0.17515,-0.16995,-0.16654,-0.16492,-0.16329,-0.15959,-0.1538,-0.14802,-0.1463,-0.14866,-0.15101,-0.15423,-0.1583,-0.16237,-0.16249,-0.15863,-0.15478,-0.14666,-0.13427,-0.12187,-0.10882,-0.095104,-0.081385,-0.078486,-0.086408,-0.094332,-0.10707,-0.12462,-0.14217,-0.16353,-0.18869,-0.21385,-0.24287,-0.27576,-0.30865,-0.3293,-0.33771,-0.34611,-0.34981,-0.3488,-0.34779,-0.34506,-0.34059,-0.33612,-0.32539,-0.3084,-0.2914,-0.26645,-0.23354,-0.20063,-0.16108,-0.11487,-0.068665,-0.018847,0.034574,0.087984,0.14384,0.20215,0.26044,0.3158,0.36824,0.42067,0.46953,0.51479,0.56007,0.59799,0.62855,0.65911,0.68011,0.69154,0.70297,0.71183,0.71812,0.7244,0.73373,0.74608,0.75844,0.78252,0.81831,0.85411,0.87767,0.88899,0.90032,0.91126,0.92181,0.93237,0.93036,0.91577,0.90118,0.84495,0.74709,0.64921,0.56744,0.50181,0.43617,0.38593,0.35111,0.31629,0.28374,0.25343,0.22313,0.19884,0.18054,0.16225,0.15438,0.15691,0.15945,0.17761,0.21138,0.24517,0.2727,0.29398,0.31527,0.28542,0.20444,0.12344,0.065781,0.031473,-0.0028242,-0.018964,-0.016935,-0.014899,-0.0068919,0.007093,0.021082,0.037714,0.056996,0.076281,0.09458,0.1119,0.12922,0.15078,0.1766,0.20242,0.22537,0.24546,0.26555,0.28174,0.29403,0.30632,0.31736,0.32717,0.33697,0.34574,0.35347,0.3612,0.36464,0.36378,0.36293,0.35824,0.34973,0.34122,0.33233,0.32305,0.31377,0.30015,0.28221,0.26428,0.24881,0.2358,0.2228,0.21056,0.19911,0.18766,0.18292,0.1849,0.18688,0.15657,0.09396,0.015621
0,0,0,0,0.12234,0.13048,0.14163,0.15579,0.16996,0.18364,0.19683,0.21003,0.24026,0.28756,0.33486,0.37607,0.41118,0.44629,0.45514,0.43771,0.42027,0.41589,0.42457,0.43324,0.45572,0.49201,0.52831,0.57612,0.63542,0.69473,0.71629,0.70008,0.68386,0.63499,0.55347,0.47194,0.43036,0.42874,0.42713,0.47819,0.58197,0.68577,0.73891,0.74142,0.74392,0.71199,0.64563,0.57927,0.5245,0.48132,0.43814,0.41225,0.40365,0.39506,0.39278,0.39683,0.40088,0.41032,0.42515,0.43997,0.45037,0.45635,0.46233,0.4708,0.48175,0.49271,0.50485,0.51816,0.53147,0.53775,0.537,0.53624,0.52592,0.50602,0.48611,0.47383,0.46919,0.46455,0.4641,0.46784,0.47159,0.47302,0.47213,0.47124,0.46384,0.44995,0.43605,0.42001,0.40182,0.38364,0.3701,0.3612,0.35231,0.35117,0.35779,0.36442,0.37192,0.38032,0.38871,0.38363,0.36506,0.34649,0.27827,0.1604,0.042516,-0.094494,-0.25064,-0.40681,-0.48042,-0.47147,-0.46252,-0.43235,-0.38095,-0.32955,-0.30871,-0.31845,-0.32821,-0.36633,-0.43281,-0.4993,-0.5613,-0.61876,-0.67622,-0.71857,-0.74583,-0.77308,-0.79814,-0.82101,-0.84388,-0.87063,-0.90128,-0.93192,-0.95968,-0.98457,-1.0095,-1.0298,-1.0456,-1.0615,-1.0761,-1.0897,-1.1033,-1.1267,-1.16,-1.1932,-1.2211,-1.2436,-1.2661,-1.2675,-1.2478,-1.2281,-1.1981,-1.1577,-1.1172,-1.0731,-1.0253,-0.97746,-0.92411,-0.8652,-0.80631,-0.74658,-0.68601,-0.62546,-0.56751,-0.51219,-0.45688,-0.40346,-0.35191,-0.30037,-0.24824,-0.1955,-0.14276,-0.093788,-0.048575,-0.0033586,0.033477,0.061938,0.090407,0.10648,0.11014,0.11381,0.10953,0.097294,0.085056,0.056201,0.010713,-0.034782,-0.080989,-0.12792,-0.17484,-0.2078,-0.22681,-0.24581,-0.25703,-0.26047,-0.26391,-0.26621,-0.26738,-0.26854,-0.27495,-0.2866,-0.29825,-0.30822,-0.31651,-0.32479,-0.33099,-0.33508,-0.33918,-0.3432,-0.34716,-0.35112,-0.36244,-0.38112,-0.39981,-0.42861,-0.4675,-0.5064,-0.55366,-0.6093,-0.66494,-0.71631,-0.76342,-0.81054,-0.85593,-0.8996,-0.94327,-0.97422,-0.99246,-1.0107,-1.0184,-1.0157,-1.0129,-1.0004,-0.97823,-0.95602,-0.93337,-0.91028,-0.88719,-0.84426,-0.78146,-0.71866,-0.67955,-0.66413,-0.64872,-0.64001,-0.63801,-0.63602,-0.63877,-0.64627,-0.65376,-0.64313,-0.61436,-0.58559,-0.54401,-0.48962,-0.43522,-0.39626,-0.37275,-0.34923,-0.30402,-0.23709,-0.17015,-0.11105,-0.059804,-0.0085521,0.03783,0.079344,0.12085,0.14896,0.16368,0.17839,0.18598,0.18645,0.18691,0.19257,0.20344,0.21431,0.19573,0.14771,0.099689,0.050681,0.00068854,-0.049297,-0.088111,-0.11575,-0.14338,-0.17921,-0.22326,-0.26731,-0.3236,-0.39214,-0.46068,-0.51631,-0.55902,-0.60174,-0.62954,-0.64244,-0.65534,-0.67325,-0.69619,-0.71914,-0.73071,-0.7309,-0.73109,-0.73391,-0.73936,-0.7448,-0.75552,-0.7715,-0.78749,-0.79459,-0.79279,-0.79099,-0.77299,-0.73877,-0.70455,-0.67105,-0.63829,-0.60552,-0.5689,-0.52842,-0.48793,-0.4564,-0.43381,-0.41122,-0.38963,-0.36903,-0.34843,-0.33261,-0.32156,-0.3105,-0.30776,-0.31331,-0.31887,-0.31666,-0.30668,-0.2967,-0.29614,-0.305,-0.31387,-0.31924,-0.32113,-0.32301,-0.32338,-0.32225,-0.32111,-0.31875,-0.31514,-0.31154,-0.30632,-0.29947,-0.29263,-0.28792,-0.28536,-0.2828,-0.28396,-0.28882,-0.29368,-0.29984,-0.30729,-0.31473,-0.32385,-0.33464,-0.34542,-0.35632,-0.36733,-0.37834,-0.38249,-0.37979,-0.3771,-0.36853,-0.3541,-0.33966,-0.32836,-0.32019,-0.31203,-0.30577,-0.30142,-0.29707,-0.29059,-0.28197,-0.27335,-0.25935,-0.23996,-0.22057,-0.20708,-0.19951,-0.19193,-0.18601,-0.18174,-0.17747,-0.17242,-0.16659,-0.16077,-0.15814,-0.1587,-0.15927,-0.16062,-0.16275,-0.16488,-0.1637,-0.15921,-0.15472,-0.14671,-0.13517,-0.12364,-0.11222,-0.10091,-0.08961,-0.087304,-0.094001,-0.1007,-0.11308,-0.13115,-0.14921,-0.17101,-0.19654,-0.22207,-0.24944,-0.27864,-0.30783,-0.32733,-0.33713,-0.34692,-0.35169,-0.35142,-0.35115,-0.34854,-0.34359,-0.33864,-0.32749,-0.31014,-0.29279,-0.26734,-0.23378,-0.20021,-0.15964,-0.11205,-0.064472,-0.012847,0.042835,0.098509,0.15615,0.21577,0.27537,0.33216,0.3861,0.44004,0.48935,0.53402,0.5787,0.61547,0.64432,0.67317,0.6932,0.7044,0.7156,0.72421,0.73023,0.73624,0.74494,0.7563,0.76767,0.78765,0.81624,0.84483,0.86533,0.87774,0.89015,0.89942,0.90554,0.91167,0.90381,0.88197,0.86013,0.80642,0.72084,0.63525,0.56032,0.49605,0.43179,0.38121,0.34431,0.30742,0.27446,0.24543,0.2164,0.1932,0.17583,0.15846,0.15146,0.15482,0.15819,0.17384,0.20178,0.22972,0.2499,0.26231,0.27472,0.24869,0.18419,0.1197,0.070533,0.036682,0.0028468,-0.013941,-0.013674,-0.0134,-0.0058633,0.0089448,0.023756,0.040772,0.059997,0.079224,0.097962,0.11621,0.13446,0.15599,0.18079,0.2056,0.22813,0.24839,0.26865,0.28505,0.29758,0.31012,0.32073,0.32941,0.3381,0.34552,0.35168,0.35785,0.36067,0.36016,0.35965,0.35589,0.34887,0.34185,0.33372,0.32448,0.31524,0.3022,0.28538,0.26856,0.25275,0.23794,0.22313,0.20984,0.19808,0.18633,0.18188,0.18473,0.18759,0.15752,0.094524,0
0,0,0,0,0.11314,0.1215,0.13205,0.14476,0.15748,0.17295,0.19117,0.2094,0.23781,0.27644,0.31507,0.3482,0.37582,0.40345,0.4131,0.40478,0.39645,0.39713,0.40682,0.41651,0.43975,0.47653,0.5133,0.55295,0.59547,0.63799,0.6482,0.62608,0.60396,0.56056,0.49589,0.43121,0.40101,0.40531,0.40961,0.44756,0.51919,0.59084,0.63603,0.65478,0.67352,0.65884,0.61073,0.56261,0.51647,0.4723,0.42812,0.40188,0.39359,0.3853,0.38321,0.38733,0.39145,0.4008,0.41539,0.42998,0.44177,0.45076,0.45975,0.46981,0.48093,0.49205,0.50314,0.5142,0.52527,0.53019,0.52897,0.52776,0.5184,0.50091,0.48341,0.47242,0.46794,0.46345,0.46257,0.4653,0.46803,0.46852,0.46679,0.46505,0.45754,0.44428,0.43101,0.41551,0.39779,0.38006,0.36701,0.35863,0.35026,0.34995,0.35773,0.3655,0.37376,0.38253,0.39129,0.38346,0.35904,0.33462,0.27331,0.17513,0.076937,-0.030122,-0.14606,-0.26204,-0.3259,-0.33764,-0.34937,-0.342,-0.31554,-0.28906,-0.28538,-0.30452,-0.32367,-0.36508,-0.42875,-0.49243,-0.55299,-0.61039,-0.66778,-0.7124,-0.74422,-0.77604,-0.80286,-0.82469,-0.84653,-0.87166,-0.90009,-0.92852,-0.95539,-0.9807,-1.006,-1.0279,-1.0463,-1.0648,-1.0834,-1.1021,-1.1208,-1.1461,-1.178,-1.2098,-1.2348,-1.253,-1.2712,-1.2708,-1.2516,-1.2325,-1.204,-1.1662,-1.1283,-1.0851,-1.0364,-0.98784,-0.93394,-0.87475,-0.81557,-0.75602,-0.6961,-0.63617,-0.57857,-0.5233,-0.46804,-0.41474,-0.36341,-0.31209,-0.25991,-0.20688,-0.15386,-0.10396,-0.057195,-0.010425,0.027815,0.05754,0.087268,0.10696,0.11662,0.12627,0.12511,0.11312,0.10114,0.075395,0.035895,-0.0036096,-0.045002,-0.088274,-0.13154,-0.16489,-0.18832,-0.21174,-0.227,-0.23409,-0.24118,-0.24647,-0.24996,-0.25345,-0.26091,-0.27234,-0.28378,-0.29474,-0.30521,-0.31569,-0.32364,-0.32909,-0.33453,-0.33983,-0.345,-0.35016,-0.36201,-0.38055,-0.39908,-0.42894,-0.47013,-0.51133,-0.5597,-0.61522,-0.67075,-0.72494,-0.77779,-0.83064,-0.87719,-0.91743,-0.95767,-0.98287,-0.99302,-1.0032,-1.0084,-1.0088,-1.0091,-0.9994,-0.97959,-0.95979,-0.93342,-0.90047,-0.86753,-0.82063,-0.75977,-0.6989,-0.65967,-0.64207,-0.62449,-0.61374,-0.60983,-0.60592,-0.60563,-0.60895,-0.61227,-0.60067,-0.57416,-0.54765,-0.51115,-0.46466,-0.41816,-0.38207,-0.35639,-0.33072,-0.28608,-0.22249,-0.15889,-0.10105,-0.048967,0.0031247,0.048504,0.087173,0.12584,0.15145,0.16402,0.17658,0.18059,0.17603,0.17147,0.17079,0.17399,0.17719,0.16061,0.12424,0.087867,0.041622,-0.014494,-0.070597,-0.11261,-0.14052,-0.16843,-0.20111,-0.23856,-0.27602,-0.3269,-0.3912,-0.45551,-0.5125,-0.56216,-0.61182,-0.64084,-0.64923,-0.65762,-0.67198,-0.69232,-0.71266,-0.72394,-0.72615,-0.72837,-0.73399,-0.743,-0.75201,-0.76207,-0.77317,-0.78427,-0.78997,-0.79027,-0.79057,-0.77252,-0.7361,-0.69969,-0.66551,-0.63357,-0.60164,-0.5658,-0.52603,-0.48627,-0.45515,-0.43266,-0.41017,-0.39065,-0.37412,-0.3576,-0.34515,-0.33677,-0.3284,-0.3252,-0.32718,-0.32917,-0.32447,-0.31309,-0.30171,-0.30001,-0.30799,-0.31597,-0.32179,-0.32545,-0.32911,-0.33083,-0.33061,-0.3304,-0.32884,-0.32594,-0.32304,-0.31951,-0.31535,-0.31119,-0.3084,-0.30698,-0.30556,-0.30679,-0.31067,-0.31454,-0.32011,-0.32736,-0.33461,-0.34315,-0.35299,-0.36283,-0.37226,-0.38129,-0.39031,-0.3938,-0.39176,-0.38972,-0.38341,-0.37282,-0.36223,-0.35269,-0.3442,-0.33571,-0.3283,-0.32197,-0.31564,-0.30791,-0.29877,-0.28964,-0.27737,-0.26195,-0.24653,-0.23383,-0.22387,-0.21391,-0.20547,-0.19856,-0.19165,-0.18526,-0.17939,-0.17351,-0.16997,-0.16875,-0.16754,-0.16702,-0.1672,-0.16738,-0.16491,-0.15978,-0.15466,-0.14676,-0.13608,-0.12541,-0.11562,-0.10673,-0.097834,-0.096122,-0.1016,-0.10707,-0.1191,-0.13768,-0.15626,-0.1785,-0.2044,-0.2303,-0.25601,-0.28152,-0.30702,-0.32537,-0.33656,-0.34774,-0.35357,-0.35404,-0.3545,-0.35202,-0.34659,-0.34116,-0.32959,-0.31188,-0.29418,-0.26822,-0.23401,-0.1998,-0.15821,-0.10925,-0.060289,-0.0068466,0.051085,0.10902,0.16845,0.22938,0.29031,0.3485,0.40395,0.4594,0.50917,0.55325,0.59732,0.63293,0.66008,0.68722,0.70628,0.71725,0.72822,0.73658,0.74233,0.74808,0.75614,0.76651,0.77689,0.79277,0.81416,0.83555,0.853,0.86649,0.87999,0.88758,0.88927,0.89096,0.87726,0.84817,0.81907,0.76787,0.69458,0.62129,0.5532,0.4903,0.42743,0.37651,0.33752,0.29855,0.26519,0.23743,0.20967,0.18757,0.17112,0.15467,0.14854,0.15273,0.15693,0.17008,0.19217,0.21427,0.2271,0.23064,0.23417,0.21196,0.16396,0.11596,0.075271,0.041892,0.0085239,-0.0089138,-0.010412,-0.0119,-0.0048325,0.010798,0.026431,0.043831,0.063001,0.082169,0.10135,0.12053,0.13971,0.1612,0.18499,0.20879,0.2309,0.25132,0.27174,0.28835,0.30113,0.31391,0.32409,0.33166,0.33922,0.34531,0.3499,0.3545,0.35671,0.35654,0.35638,0.35353,0.348,0.34248,0.33511,0.32591,0.3167,0.30425,0.28855,0.27285,0.25669,0.24008,0.22346,0.20912,0.19706,0.185,0.18084,0.18456,0.18829,0.15847,0.095098,0
0,0,0,0,0.10005,0.10864,0.11897,0.13102,0.14307,0.15914,0.17924,0.19935,0.2252,0.25677,0.28834,0.31528,0.33757,0.35987,0.37054,0.3696,0.36865,0.37379,0.38501,0.39623,0.41936,0.4544,0.48944,0.52171,0.55121,0.5807,0.58301,0.55815,0.53328,0.49545,0.44468,0.39391,0.3716,0.37779,0.38398,0.41232,0.46284,0.51336,0.55173,0.57794,0.60416,0.60062,0.56733,0.53404,0.49701,0.45624,0.41548,0.39088,0.38244,0.374,0.37223,0.37711,0.382,0.39152,0.40568,0.41984,0.4325,0.44366,0.45481,0.46601,0.47725,0.4885,0.49884,0.5083,0.51775,0.52177,0.52038,0.51899,0.51095,0.49626,0.48157,0.47195,0.46738,0.46281,0.46133,0.46293,0.46453,0.46398,0.46129,0.45859,0.45086,0.43808,0.4253,0.41043,0.39345,0.37648,0.36407,0.35623,0.3484,0.34844,0.35636,0.36427,0.37236,0.38061,0.38886,0.38018,0.35456,0.32894,0.27649,0.19721,0.11792,0.035497,-0.050012,-0.13555,-0.19056,-0.21499,-0.23942,-0.2489,-0.24346,-0.238,-0.24967,-0.27848,-0.3073,-0.35338,-0.41672,-0.48009,-0.54088,-0.59908,-0.65727,-0.70394,-0.73908,-0.77422,-0.80285,-0.82498,-0.84711,-0.87159,-0.89842,-0.92525,-0.9516,-0.97746,-1.0033,-1.0269,-1.0481,-1.0693,-1.0913,-1.1141,-1.137,-1.1634,-1.1933,-1.2233,-1.2456,-1.2601,-1.2747,-1.2729,-1.2548,-1.2368,-1.2097,-1.1737,-1.1377,-1.0954,-1.0468,-0.99818,-0.94452,-0.88586,-0.8272,-0.76816,-0.70874,-0.64933,-0.59188,-0.5364,-0.48092,-0.4273,-0.37556,-0.3238,-0.27126,-0.21792,-0.16459,-0.114,-0.066144,-0.018282,0.021614,0.053547,0.085478,0.10852,0.12267,0.13682,0.13868,0.12823,0.11779,0.095337,0.060887,0.026438,-0.010871,-0.051021,-0.091169,-0.12444,-0.15081,-0.17719,-0.19569,-0.20635,-0.217,-0.22546,-0.23173,-0.238,-0.24715,-0.25918,-0.27121,-0.28336,-0.29563,-0.30791,-0.31742,-0.32418,-0.33093,-0.33737,-0.34351,-0.34964,-0.36214,-0.38098,-0.39983,-0.43023,-0.47217,-0.51413,-0.5627,-0.61788,-0.67306,-0.72829,-0.78356,-0.83882,-0.88576,-0.92437,-0.96299,-0.98618,-0.99396,-1.0017,-1.0045,-1.0022,-1,-0.98861,-0.96807,-0.94754,-0.91717,-0.87698,-0.83678,-0.78948,-0.73504,-0.6806,-0.64302,-0.62231,-0.60159,-0.58886,-0.5841,-0.57934,-0.57652,-0.57562,-0.57473,-0.56311,-0.54077,-0.51842,-0.48809,-0.44975,-0.41141,-0.37798,-0.34945,-0.32091,-0.27661,-0.21655,-0.15649,-0.10071,-0.049194,0.0023204,0.046877,0.084476,0.12207,0.14685,0.1588,0.17075,0.17406,0.1687,0.16334,0.15868,0.15472,0.15076,0.13394,0.10424,0.074548,0.031739,-0.024192,-0.080124,-0.12401,-0.15584,-0.18767,-0.22049,-0.2543,-0.2881,-0.33556,-0.39668,-0.4578,-0.51358,-0.56404,-0.6145,-0.64387,-0.65214,-0.66041,-0.67239,-0.68808,-0.70378,-0.71363,-0.71763,-0.72163,-0.72944,-0.74104,-0.75265,-0.76383,-0.7746,-0.78536,-0.79093,-0.79131,-0.79169,-0.77298,-0.73519,-0.6974,-0.66314,-0.63243,-0.60171,-0.56699,-0.52826,-0.48954,-0.45901,-0.43669,-0.41437,-0.39636,-0.38266,-0.36897,-0.35879,-0.35211,-0.34544,-0.34203,-0.34188,-0.34173,-0.33695,-0.32753,-0.31811,-0.3157,-0.32029,-0.32489,-0.3297,-0.33472,-0.33973,-0.34259,-0.34329,-0.34399,-0.34327,-0.34113,-0.339,-0.33675,-0.3344,-0.33205,-0.33052,-0.32983,-0.32913,-0.3303,-0.33333,-0.33637,-0.34123,-0.34791,-0.35459,-0.36243,-0.37144,-0.38045,-0.3888,-0.39648,-0.40417,-0.40744,-0.40629,-0.40515,-0.40073,-0.39304,-0.38535,-0.37731,-0.36892,-0.36053,-0.35248,-0.34479,-0.33709,-0.32841,-0.31874,-0.30907,-0.29766,-0.28453,-0.27139,-0.25899,-0.24735,-0.23571,-0.22536,-0.21631,-0.20726,-0.19947,-0.19293,-0.1864,-0.18164,-0.17864,-0.17564,-0.17329,-0.1716,-0.16991,-0.16627,-0.16069,-0.15511,-0.14756,-0.13805,-0.12853,-0.12043,-0.11377,-0.1071,-0.10635,-0.11151,-0.11668,-0.12854,-0.1471,-0.16565,-0.18762,-0.213,-0.23838,-0.26243,-0.28515,-0.30786,-0.32514,-0.33698,-0.34882,-0.35539,-0.35669,-0.35799,-0.35579,-0.35008,-0.34436,-0.33249,-0.31447,-0.29645,-0.27014,-0.23553,-0.20093,-0.15877,-0.10906,-0.05935,-0.0049372,0.054164,0.11327,0.17362,0.23521,0.29679,0.35568,0.41188,0.46807,0.51798,0.56157,0.60517,0.64005,0.6662,0.69235,0.7109,0.72184,0.73279,0.74103,0.74656,0.75209,0.75946,0.76867,0.77789,0.79057,0.8067,0.82285,0.83735,0.8502,0.86306,0.86847,0.86644,0.8644,0.84689,0.81388,0.78087,0.73236,0.66835,0.60436,0.54223,0.48199,0.42175,0.37177,0.33202,0.29228,0.25904,0.23232,0.2056,0.18441,0.16876,0.1531,0.14706,0.15062,0.15419,0.16415,0.18052,0.19689,0.204,0.20185,0.1997,0.18064,0.14468,0.1087,0.075308,0.044513,0.013718,-0.0029472,-0.0054771,-0.0079989,-0.0015473,0.013884,0.029318,0.046512,0.065468,0.084422,0.10385,0.12374,0.14364,0.16517,0.18833,0.21148,0.23334,0.2539,0.27446,0.2913,0.30444,0.31758,0.32763,0.33461,0.34159,0.34686,0.35043,0.35399,0.35578,0.35579,0.35579,0.35354,0.34904,0.34453,0.33777,0.32876,0.31975,0.30787,0.29312,0.27837,0.26239,0.24518,0.22798,0.2132,0.20086,0.18852,0.18357,0.186,0.18843,0.15804,0.094841,0
0,0,0,0,0.083066,0.091903,0.1024,0.11456,0.12672,0.14222,0.16107,0.17991,0.20241,0.22854,0.25468,0.2773,0.29642,0.31553,0.32745,0.33217,0.3369,0.34589,0.35914,0.3724,0.39457,0.42565,0.45674,0.4824,0.50264,0.52286,0.52075,0.49628,0.47181,0.43966,0.39984,0.36002,0.34213,0.34617,0.35023,0.37246,0.4129,0.45334,0.48601,0.51092,0.53585,0.53736,0.51545,0.49354,0.46611,0.43318,0.40024,0.37925,0.37022,0.36118,0.35984,0.36618,0.37253,0.38247,0.39602,0.40957,0.42258,0.43505,0.44751,0.45941,0.47073,0.48206,0.49196,0.50043,0.5089,0.5125,0.51122,0.50994,0.50355,0.49207,0.48058,0.4724,0.46751,0.46262,0.46036,0.46072,0.46108,0.45939,0.45563,0.45188,0.44379,0.43136,0.41893,0.40476,0.38882,0.37289,0.36129,0.35401,0.34674,0.34663,0.35369,0.36075,0.36771,0.37458,0.38144,0.37379,0.35163,0.32948,0.2878,0.22662,0.16544,0.1024,0.037532,-0.027351,-0.074367,-0.10351,-0.13264,-0.15304,-0.1647,-0.17636,-0.20156,-0.24032,-0.27908,-0.33122,-0.39676,-0.46229,-0.52498,-0.58482,-0.64466,-0.69319,-0.73041,-0.76763,-0.79812,-0.82187,-0.84562,-0.87042,-0.89626,-0.92211,-0.94831,-0.97485,-1.0014,-1.0267,-1.0509,-1.075,-1.1,-1.1258,-1.1517,-1.1784,-1.206,-1.2337,-1.2533,-1.2649,-1.2764,-1.2739,-1.2574,-1.2408,-1.2151,-1.1804,-1.1456,-1.1043,-1.0564,-1.0085,-0.95587,-0.89853,-0.8412,-0.783,-0.72396,-0.66491,-0.60742,-0.55147,-0.49552,-0.44114,-0.38833,-0.33552,-0.28228,-0.22862,-0.17496,-0.1239,-0.075405,-0.026913,0.014872,0.049955,0.085035,0.11115,0.12831,0.14546,0.15023,0.14262,0.135,0.11603,0.085698,0.055365,0.021405,-0.016179,-0.053761,-0.086473,-0.11431,-0.14215,-0.16312,-0.17724,-0.19135,-0.20316,-0.21268,-0.2222,-0.23367,-0.2471,-0.26053,-0.27409,-0.28778,-0.30147,-0.31233,-0.32035,-0.32837,-0.33582,-0.34269,-0.34956,-0.36281,-0.38244,-0.40207,-0.43246,-0.47362,-0.51479,-0.56268,-0.6173,-0.67191,-0.72639,-0.78074,-0.83508,-0.88165,-0.92043,-0.95921,-0.98416,-0.99528,-1.0064,-1.0067,-0.99612,-0.98556,-0.96808,-0.94367,-0.91927,-0.88464,-0.8398,-0.79496,-0.75079,-0.70727,-0.66376,-0.62961,-0.60483,-0.58004,-0.56537,-0.56082,-0.55628,-0.55144,-0.5463,-0.54115,-0.53045,-0.51418,-0.49791,-0.47482,-0.4449,-0.41498,-0.38398,-0.3519,-0.31983,-0.27561,-0.21927,-0.16293,-0.11,-0.060486,-0.010965,0.032951,0.071254,0.10956,0.13515,0.14804,0.16091,0.16638,0.16444,0.16249,0.15622,0.14561,0.13501,0.11571,0.087721,0.059731,0.02102,-0.028425,-0.077883,-0.12231,-0.16172,-0.20112,-0.23737,-0.27047,-0.30357,-0.34959,-0.40855,-0.46751,-0.51955,-0.56467,-0.60979,-0.63863,-0.65117,-0.6637,-0.67448,-0.68349,-0.6925,-0.69978,-0.70533,-0.71089,-0.72027,-0.73349,-0.7467,-0.7608,-0.77578,-0.79076,-0.79747,-0.7959,-0.79434,-0.77438,-0.73604,-0.69769,-0.66395,-0.63484,-0.60573,-0.57248,-0.53511,-0.49773,-0.46799,-0.44591,-0.42384,-0.40675,-0.39464,-0.38255,-0.37353,-0.36758,-0.36164,-0.35824,-0.35739,-0.35654,-0.35407,-0.34998,-0.34589,-0.3432,-0.34191,-0.34062,-0.34296,-0.34892,-0.35489,-0.35867,-0.36028,-0.36188,-0.36203,-0.36073,-0.35942,-0.35805,-0.35662,-0.35518,-0.35427,-0.35389,-0.35352,-0.35449,-0.35683,-0.35917,-0.3632,-0.36893,-0.37467,-0.38168,-0.38998,-0.39828,-0.40593,-0.41292,-0.41991,-0.42339,-0.42338,-0.42336,-0.42049,-0.41476,-0.40903,-0.40223,-0.39435,-0.38647,-0.37831,-0.36986,-0.36142,-0.35209,-0.34186,-0.33162,-0.32023,-0.30769,-0.29514,-0.28256,-0.26994,-0.25733,-0.24567,-0.23497,-0.22429,-0.21504,-0.20724,-0.19943,-0.19314,-0.18835,-0.18357,-0.17943,-0.17595,-0.17246,-0.16779,-0.16194,-0.15609,-0.14913,-0.14107,-0.133,-0.12665,-0.12203,-0.1174,-0.11798,-0.12376,-0.12954,-0.14142,-0.1594,-0.1774,-0.19837,-0.22234,-0.24632,-0.26872,-0.28953,-0.31035,-0.32664,-0.3384,-0.35016,-0.35716,-0.35939,-0.36162,-0.35984,-0.35404,-0.34825,-0.3362,-0.31791,-0.29962,-0.2731,-0.23834,-0.20359,-0.1613,-0.11149,-0.061674,-0.0071598,0.052054,0.11128,0.17168,0.23324,0.29482,0.3537,0.40987,0.46604,0.51575,0.55901,0.60226,0.63682,0.6627,0.68857,0.70706,0.71819,0.72931,0.73755,0.74291,0.74827,0.75489,0.76278,0.77068,0.78104,0.79387,0.80672,0.81838,0.82887,0.83937,0.84209,0.83704,0.83199,0.81268,0.77911,0.74552,0.69988,0.64217,0.58446,0.52743,0.47109,0.41475,0.36698,0.32778,0.28858,0.25603,0.2301,0.20417,0.18372,0.16874,0.15376,0.14701,0.14849,0.14998,0.15608,0.16682,0.17756,0.1806,0.17594,0.17128,0.15474,0.12633,0.097912,0.070645,0.04454,0.018434,0.0039631,0.0011314,-0.0016968,0.0039932,0.018204,0.032417,0.048815,0.067399,0.085979,0.10547,0.12586,0.14625,0.1679,0.1908,0.21369,0.23547,0.25612,0.27678,0.2939,0.3075,0.3211,0.33136,0.33828,0.34519,0.35019,0.35327,0.35634,0.35789,0.35789,0.3579,0.35592,0.35196,0.348,0.34169,0.33303,0.32436,0.31305,0.29909,0.28513,0.26985,0.25326,0.23668,0.22209,0.20948,0.19688,0.19006,0.18903,0.188,0.15624,0.093763,0
0,0,0,0,0.066085,0.075163,0.085836,0.098102,0.11036,0.12529,0.14289,0.16048,0.17962,0.20032,0.22102,0.23933,0.25526,0.27119,0.28435,0.29475,0.30514,0.31799,0.33328,0.34857,0.36978,0.3969,0.42403,0.44309,0.45407,0.46505,0.4585,0.43442,0.41034,0.38387,0.355,0.32613,0.31265,0.31456,0.31648,0.33261,0.36297,0.39333,0.42032,0.44393,0.46755,0.4741,0.46357,0.45304,0.43522,0.41011,0.385,0.36763,0.35799,0.34836,0.34744,0.35525,0.36305,0.37342,0.38636,0.39929,0.41265,0.42643,0.44021,0.45281,0.46421,0.47562,0.48507,0.49256,0.50006,0.50323,0.50206,0.50089,0.49616,0.48788,0.47959,0.47285,0.46764,0.46243,0.45939,0.45852,0.45764,0.45479,0.44998,0.44516,0.43672,0.42464,0.41256,0.39908,0.38419,0.36931,0.35851,0.35179,0.34508,0.34483,0.35103,0.35723,0.36307,0.36854,0.37401,0.3674,0.34871,0.33001,0.29912,0.25604,0.21295,0.1693,0.12508,0.08084,0.041809,0.0079673,-0.025878,-0.057195,-0.085975,-0.11474,-0.15347,-0.20216,-0.25085,-0.30906,-0.37678,-0.44448,-0.50909,-0.57057,-0.63204,-0.68244,-0.72173,-0.76104,-0.79338,-0.81876,-0.84413,-0.86925,-0.89411,-0.91897,-0.94501,-0.97225,-0.99947,-1.0266,-1.0537,-1.0807,-1.1087,-1.1375,-1.1664,-1.1934,-1.2187,-1.2441,-1.261,-1.2696,-1.2782,-1.275,-1.2599,-1.2449,-1.2206,-1.187,-1.1534,-1.1131,-1.0659,-1.0188,-0.96722,-0.9112,-0.85518,-0.79784,-0.73917,-0.6805,-0.62296,-0.56654,-0.51013,-0.45499,-0.40111,-0.34723,-0.2933,-0.23932,-0.18533,-0.13378,-0.084662,-0.035551,0.0081196,0.046357,0.084591,0.11379,0.13394,0.15409,0.16178,0.157,0.15222,0.13673,0.11051,0.08429,0.053676,0.018659,-0.016357,-0.04852,-0.077822,-0.10712,-0.13056,-0.14813,-0.1657,-0.18087,-0.19363,-0.20639,-0.22019,-0.23502,-0.24985,-0.26482,-0.27993,-0.29503,-0.30724,-0.31653,-0.32582,-0.33427,-0.34187,-0.34947,-0.36348,-0.38389,-0.4043,-0.4347,-0.47507,-0.51545,-0.56267,-0.61671,-0.67075,-0.72449,-0.77791,-0.83134,-0.87753,-0.91649,-0.95544,-0.98214,-0.9966,-1.011,-1.0088,-0.98998,-0.97112,-0.94755,-0.91927,-0.89099,-0.85211,-0.80262,-0.75314,-0.7121,-0.67951,-0.64692,-0.6162,-0.58735,-0.55849,-0.54189,-0.53755,-0.53322,-0.52636,-0.51698,-0.50759,-0.4978,-0.4876,-0.47741,-0.46156,-0.44005,-0.41855,-0.38999,-0.35436,-0.31875,-0.27462,-0.22199,-0.16937,-0.11929,-0.071778,-0.024262,0.019013,0.058027,0.097039,0.12346,0.13726,0.15107,0.15871,0.16018,0.16165,0.15376,0.13651,0.11926,0.097489,0.071204,0.044917,0.010297,-0.032662,-0.075632,-0.1206,-0.16758,-0.21455,-0.25424,-0.28664,-0.31902,-0.36362,-0.42042,-0.47723,-0.52552,-0.56531,-0.60509,-0.63338,-0.6502,-0.667,-0.67657,-0.67889,-0.68122,-0.68593,-0.69304,-0.70014,-0.71111,-0.72594,-0.74076,-0.75777,-0.77697,-0.79616,-0.804,-0.80049,-0.79698,-0.77578,-0.73688,-0.69797,-0.66477,-0.63725,-0.60974,-0.57797,-0.54194,-0.50591,-0.47697,-0.45513,-0.4333,-0.41713,-0.40662,-0.39612,-0.38826,-0.38305,-0.37784,-0.37446,-0.3729,-0.37135,-0.37119,-0.37242,-0.37366,-0.37069,-0.36353,-0.35636,-0.35623,-0.36313,-0.37004,-0.37475,-0.37726,-0.37977,-0.38079,-0.38032,-0.37985,-0.37935,-0.37883,-0.37832,-0.37803,-0.37796,-0.3779,-0.37868,-0.38032,-0.38196,-0.38517,-0.38996,-0.39474,-0.40093,-0.40852,-0.41612,-0.42306,-0.42935,-0.43564,-0.43935,-0.44046,-0.44157,-0.44025,-0.43648,-0.43271,-0.42714,-0.41977,-0.4124,-0.40413,-0.39494,-0.38575,-0.37577,-0.36497,-0.35417,-0.3428,-0.33085,-0.3189,-0.30613,-0.29253,-0.27893,-0.26597,-0.25365,-0.24131,-0.23061,-0.22154,-0.21246,-0.20464,-0.19807,-0.1915,-0.18558,-0.1803,-0.17502,-0.16931,-0.16319,-0.15706,-0.15069,-0.14408,-0.13747,-0.13288,-0.13029,-0.12771,-0.12961,-0.136,-0.14239,-0.15429,-0.17171,-0.18914,-0.20913,-0.23169,-0.25426,-0.275,-0.29391,-0.31283,-0.32813,-0.33982,-0.3515,-0.35892,-0.36208,-0.36524,-0.36389,-0.35801,-0.35213,-0.33991,-0.32135,-0.30279,-0.27605,-0.24115,-0.20624,-0.16384,-0.11393,-0.064009,-0.0093867,0.049945,0.10927,0.16971,0.23128,0.29286,0.35171,0.40786,0.46401,0.51353,0.55644,0.59934,0.63359,0.65918,0.68478,0.70322,0.71453,0.72583,0.73408,0.73927,0.74445,0.75033,0.75689,0.76346,0.77151,0.78105,0.79059,0.79942,0.80755,0.81568,0.81571,0.80765,0.79959,0.77848,0.74433,0.71018,0.6674,0.61599,0.56457,0.51265,0.46021,0.40776,0.36221,0.32356,0.28491,0.25302,0.22788,0.20275,0.18303,0.16873,0.15443,0.14697,0.14637,0.14576,0.14801,0.15312,0.15823,0.1572,0.15003,0.14286,0.12885,0.10799,0.087125,0.065983,0.04457,0.023155,0.010877,0.0077402,0.0046061,0.0095341,0.022525,0.035517,0.051119,0.06933,0.087537,0.10709,0.12798,0.14887,0.17063,0.19327,0.21591,0.2376,0.25835,0.27909,0.2965,0.31056,0.32462,0.33508,0.34194,0.3488,0.35352,0.35611,0.35869,0.35999,0.36,0.36001,0.3583,0.35489,0.35148,0.34561,0.3373,0.32898,0.31823,0.30505,0.29187,0.27731,0.26135,0.24539,0.23098,0.21811,0.20524,0.19656,0.19206,0.18757,0.15445,0.092683,0.015361
0,0,0,0,0.042,0.052277,0.063742,0.076382,0.089015,0.10345,0.1197,0.13594,0.15226,0.16866,0.18505,0.20044,0.21481,0.22917,0.24355,0.25792,0.27229,0.28809,0.30533,0.32256,0.34266,0.36563,0.3886,0.4026,0.4076,0.41261,0.40421,0.38241,0.3606,0.33892,0.31735,0.29578,0.28515,0.28547,0.28579,0.29716,0.31958,0.34201,0.36363,0.38447,0.4053,0.41425,0.41135,0.40844,0.39823,0.38069,0.36315,0.35027,0.34204,0.33381,0.33382,0.34207,0.35032,0.36094,0.37393,0.38691,0.40072,0.41535,0.42999,0.44319,0.45496,0.46673,0.4762,0.48336,0.49052,0.49381,0.49323,0.49265,0.48946,0.48367,0.47788,0.47243,0.46733,0.46222,0.45863,0.45654,0.45445,0.45051,0.44473,0.43895,0.43011,0.41822,0.40633,0.39344,0.37957,0.36569,0.35558,0.34923,0.34288,0.34209,0.34686,0.35162,0.35613,0.36037,0.3646,0.35992,0.34631,0.3327,0.31205,0.28435,0.25665,0.2282,0.19899,0.16977,0.13781,0.10306,0.068287,0.03054,-0.010172,-0.050874,-0.099889,-0.15724,-0.21459,-0.27846,-0.3489,-0.41933,-0.48614,-0.54932,-0.6125,-0.66516,-0.70726,-0.74936,-0.78431,-0.81207,-0.83984,-0.86627,-0.89134,-0.91642,-0.94298,-0.97103,-0.99907,-1.0278,-1.0573,-1.0868,-1.1167,-1.147,-1.1774,-1.2041,-1.2273,-1.2504,-1.2652,-1.2716,-1.278,-1.2742,-1.2602,-1.2462,-1.2231,-1.1909,-1.1587,-1.1197,-1.0737,-1.0277,-0.97736,-0.92259,-0.86783,-0.8113,-0.75299,-0.69469,-0.63706,-0.58011,-0.52317,-0.46725,-0.41234,-0.35743,-0.30287,-0.24867,-0.19446,-0.14241,-0.092513,-0.042626,0.0026191,0.043215,0.083807,0.11546,0.13816,0.16087,0.17127,0.16936,0.16745,0.15513,0.13239,0.10966,0.081908,0.049134,0.016354,-0.015068,-0.045128,-0.07519,-0.10051,-0.12109,-0.14167,-0.1599,-0.17578,-0.19166,-0.20787,-0.22441,-0.24095,-0.25735,-0.27361,-0.28987,-0.30324,-0.31371,-0.32418,-0.33373,-0.34236,-0.35099,-0.36568,-0.38643,-0.40718,-0.43724,-0.4766,-0.51597,-0.56207,-0.61491,-0.66777,-0.72042,-0.77287,-0.82534,-0.87107,-0.91006,-0.94904,-0.97606,-0.99111,-1.0062,-1.0016,-0.97758,-0.9535,-0.92346,-0.88747,-0.85148,-0.80859,-0.75881,-0.70902,-0.67153,-0.64636,-0.62119,-0.59518,-0.56835,-0.54151,-0.52585,-0.52137,-0.5169,-0.51051,-0.5022,-0.49389,-0.48737,-0.48267,-0.47796,-0.46699,-0.44975,-0.43251,-0.40433,-0.36521,-0.32608,-0.28139,-0.23117,-0.18094,-0.1341,-0.090669,-0.047247,-0.0052488,0.035315,0.07587,0.10423,0.12038,0.13652,0.14575,0.14806,0.15037,0.14247,0.12437,0.10627,0.085629,0.062441,0.039252,0.007783,-0.031968,-0.071721,-0.11707,-0.16802,-0.21897,-0.26186,-0.29668,-0.3315,-0.37508,-0.42742,-0.47977,-0.52435,-0.56113,-0.59792,-0.62734,-0.64941,-0.67148,-0.68205,-0.68111,-0.68017,-0.68367,-0.69161,-0.69955,-0.71118,-0.72649,-0.7418,-0.75979,-0.78047,-0.80115,-0.80787,-0.80063,-0.79338,-0.77151,-0.73501,-0.6985,-0.66741,-0.64175,-0.61608,-0.58592,-0.55126,-0.51661,-0.48862,-0.46731,-0.446,-0.4305,-0.42081,-0.41112,-0.40387,-0.39905,-0.39423,-0.39099,-0.38935,-0.3877,-0.3889,-0.39295,-0.397,-0.39379,-0.38333,-0.37286,-0.37143,-0.37904,-0.38665,-0.39213,-0.3955,-0.39886,-0.40072,-0.40108,-0.40143,-0.40165,-0.40173,-0.4018,-0.40195,-0.40216,-0.40236,-0.40314,-0.40449,-0.40584,-0.40859,-0.41273,-0.41688,-0.4224,-0.42928,-0.43616,-0.44252,-0.44834,-0.45417,-0.45805,-0.45998,-0.46192,-0.4617,-0.45932,-0.45695,-0.45242,-0.44571,-0.43901,-0.43088,-0.42132,-0.41177,-0.4013,-0.38993,-0.37855,-0.36672,-0.35444,-0.34216,-0.32876,-0.31426,-0.29975,-0.28562,-0.27187,-0.25811,-0.24589,-0.2352,-0.22451,-0.21495,-0.20653,-0.19811,-0.19044,-0.18352,-0.1766,-0.16994,-0.16355,-0.15717,-0.15132,-0.14601,-0.1407,-0.13766,-0.13687,-0.13609,-0.13928,-0.14646,-0.15364,-0.16558,-0.18227,-0.19897,-0.2178,-0.23876,-0.25972,-0.27894,-0.29644,-0.31393,-0.32841,-0.33989,-0.35136,-0.35896,-0.36268,-0.36641,-0.36532,-0.35941,-0.35349,-0.34113,-0.32233,-0.30353,-0.27672,-0.24193,-0.20713,-0.16501,-0.11556,-0.066105,-0.012024,0.046679,0.10538,0.16518,0.22608,0.28698,0.3452,0.40078,0.45634,0.50537,0.54788,0.59039,0.62446,0.6501,0.67573,0.69438,0.70606,0.71774,0.72616,0.73132,0.73648,0.74183,0.74736,0.7529,0.75925,0.76641,0.77358,0.77984,0.78521,0.79057,0.78802,0.77755,0.76708,0.7451,0.71162,0.67813,0.63808,0.59147,0.54486,0.49731,0.44883,0.40035,0.35738,0.31994,0.2825,0.25151,0.22696,0.20242,0.18309,0.16897,0.15486,0.14623,0.1431,0.13998,0.13855,0.13883,0.13911,0.13501,0.12655,0.11809,0.10607,0.090485,0.074899,0.058764,0.042075,0.025385,0.015658,0.012898,0.010139,0.0146,0.026285,0.037973,0.052743,0.070596,0.088446,0.108,0.12926,0.15051,0.17244,0.19504,0.21765,0.23935,0.26012,0.2809,0.2985,0.3129,0.32731,0.33802,0.34504,0.35206,0.35678,0.3592,0.36162,0.3628,0.36276,0.36271,0.36111,0.35797,0.35482,0.34926,0.34128,0.33331,0.32316,0.31082,0.29849,0.2849,0.27005,0.25521,0.24143,0.22874,0.21604,0.20647,0.20004,0.1936,0.15866,0.095209,0.031747
0,0,0,0,0.010811,0.023257,0.03612,0.049399,0.062674,0.076706,0.0915,0.10629,0.12031,0.13353,0.14675,0.16059,0.17505,0.18951,0.20505,0.22169,0.23834,0.2562,0.27529,0.29438,0.31323,0.33184,0.35045,0.36091,0.36323,0.36555,0.35788,0.34023,0.32258,0.3048,0.28688,0.26896,0.25963,0.25889,0.25816,0.2661,0.28273,0.29937,0.31597,0.33252,0.34907,0.35783,0.3588,0.35977,0.35515,0.34492,0.3347,0.32718,0.32236,0.31754,0.31897,0.32666,0.33434,0.34503,0.35873,0.37242,0.38678,0.4018,0.41683,0.43056,0.44299,0.45541,0.46536,0.47282,0.48028,0.48425,0.48474,0.48522,0.48346,0.47945,0.47544,0.47115,0.46657,0.462,0.45807,0.45479,0.45151,0.44654,0.43988,0.43323,0.42396,0.41209,0.40022,0.38784,0.37495,0.36205,0.35251,0.34632,0.34014,0.33842,0.34118,0.34394,0.3469,0.35006,0.35322,0.35135,0.34446,0.33757,0.32661,0.31157,0.29654,0.27911,0.25929,0.23948,0.21365,0.18177,0.14987,0.11019,0.062726,0.015255,-0.040824,-0.10554,-0.17025,-0.23943,-0.31312,-0.3868,-0.45614,-0.52109,-0.58603,-0.64134,-0.68698,-0.73262,-0.77091,-0.80182,-0.83275,-0.86146,-0.88795,-0.91445,-0.9422,-0.9712,-1.0002,-1.0304,-1.0618,-1.0932,-1.1241,-1.1544,-1.1847,-1.2104,-1.2316,-1.2528,-1.2659,-1.2708,-1.2757,-1.2715,-1.2581,-1.2448,-1.2228,-1.1922,-1.1616,-1.1241,-1.0797,-1.0353,-0.98633,-0.93274,-0.87916,-0.82339,-0.76542,-0.70747,-0.64972,-0.59218,-0.53465,-0.47794,-0.42203,-0.36612,-0.31101,-0.25668,-0.20235,-0.14977,-0.098949,-0.04812,-0.001626,0.040525,0.082674,0.11616,0.14097,0.16577,0.17868,0.17969,0.1807,0.17125,0.15136,0.13147,0.10609,0.075223,0.04435,0.013867,-0.016236,-0.046344,-0.072972,-0.096115,-0.11926,-0.14026,-0.15912,-0.17799,-0.1967,-0.21526,-0.23382,-0.25167,-0.26883,-0.28599,-0.30034,-0.31189,-0.32345,-0.3342,-0.34415,-0.3541,-0.36939,-0.39004,-0.41069,-0.44008,-0.47821,-0.51634,-0.56092,-0.61192,-0.66294,-0.71416,-0.76561,-0.81708,-0.86226,-0.90115,-0.94003,-0.96593,-0.97883,-0.99173,-0.98508,-0.95889,-0.93269,-0.89583,-0.84829,-0.80075,-0.7541,-0.70835,-0.66261,-0.6291,-0.60783,-0.58656,-0.56656,-0.54782,-0.52908,-0.51723,-0.51228,-0.50732,-0.50389,-0.50196,-0.50004,-0.49917,-0.49936,-0.49955,-0.49109,-0.47398,-0.45687,-0.42702,-0.38442,-0.34181,-0.29594,-0.2468,-0.19765,-0.15444,-0.11718,-0.079924,-0.039827,0.0031105,0.046041,0.07746,0.097371,0.11728,0.12752,0.12809,0.12866,0.12237,0.10921,0.096056,0.080128,0.061427,0.042727,0.01347,-0.026341,-0.066151,-0.11172,-0.16306,-0.21439,-0.26024,-0.30062,-0.34099,-0.38398,-0.42956,-0.47516,-0.51602,-0.55215,-0.58828,-0.6205,-0.64882,-0.67714,-0.69091,-0.69012,-0.68933,-0.69297,-0.70103,-0.7091,-0.72047,-0.73514,-0.74981,-0.76687,-0.7863,-0.80573,-0.80907,-0.79631,-0.78355,-0.7616,-0.73043,-0.69926,-0.67189,-0.64831,-0.62472,-0.59631,-0.56308,-0.52984,-0.50296,-0.48244,-0.46191,-0.44683,-0.43719,-0.42755,-0.42035,-0.41557,-0.4108,-0.40786,-0.40673,-0.40561,-0.40722,-0.41157,-0.41592,-0.4125,-0.40132,-0.39014,-0.38858,-0.39664,-0.40471,-0.41082,-0.41498,-0.41914,-0.42181,-0.42299,-0.42417,-0.42494,-0.42529,-0.42564,-0.42604,-0.42648,-0.42692,-0.42787,-0.42933,-0.4308,-0.43344,-0.43726,-0.44108,-0.44608,-0.45225,-0.45842,-0.4643,-0.46989,-0.47547,-0.47949,-0.48194,-0.48438,-0.48484,-0.4833,-0.48176,-0.47804,-0.47216,-0.46628,-0.45856,-0.44901,-0.43946,-0.4287,-0.41673,-0.40476,-0.392,-0.37846,-0.36492,-0.35047,-0.33513,-0.31978,-0.30462,-0.28964,-0.27466,-0.26085,-0.24821,-0.23557,-0.22407,-0.21373,-0.20338,-0.194,-0.1856,-0.1772,-0.16968,-0.16305,-0.15641,-0.15101,-0.14685,-0.14269,-0.141,-0.14177,-0.14254,-0.147,-0.15514,-0.16328,-0.17526,-0.19109,-0.20691,-0.2244,-0.24355,-0.26271,-0.28055,-0.29709,-0.31364,-0.32748,-0.3386,-0.34973,-0.35726,-0.36119,-0.36511,-0.36412,-0.35822,-0.35232,-0.33987,-0.32086,-0.30185,-0.27513,-0.24069,-0.20625,-0.16482,-0.1164,-0.067974,-0.015092,0.042257,0.099609,0.15806,0.21763,0.27718,0.33417,0.3886,0.44303,0.49127,0.53333,0.5754,0.60944,0.63544,0.66143,0.68056,0.69281,0.70505,0.71381,0.71909,0.72437,0.72941,0.7342,0.73899,0.74425,0.74998,0.7557,0.75966,0.76186,0.76405,0.75902,0.74674,0.73447,0.71254,0.68095,0.64936,0.61192,0.56861,0.5253,0.48142,0.43695,0.39248,0.35247,0.31691,0.28135,0.2515,0.22733,0.20317,0.18388,0.16947,0.15505,0.1448,0.13871,0.13262,0.12769,0.12394,0.12018,0.11404,0.1055,0.096966,0.086405,0.073822,0.061237,0.048982,0.037056,0.025129,0.018312,0.016605,0.014901,0.019194,0.029488,0.039783,0.053685,0.071194,0.088703,0.10821,0.1297,0.15118,0.17333,0.19613,0.21894,0.24072,0.26146,0.2822,0.29989,0.31453,0.32917,0.34019,0.34759,0.35499,0.35998,0.36254,0.36511,0.36631,0.36616,0.36601,0.36435,0.36119,0.35802,0.35262,0.34499,0.33736,0.32783,0.3164,0.30497,0.29262,0.27938,0.26613,0.25346,0.24137,0.22927,0.2198,0.21294,0.20609,0.16888,0.10134,0.033793
0,0,0,0,-0.02037,-0.005763,0.0084976,0.022413,0.036328,0.049959,0.063307,0.076656,0.088357,0.098408,0.10846,0.12075,0.13529,0.14984,0.16656,0.18547,0.20438,0.22431,0.24526,0.26621,0.2838,0.29805,0.31229,0.31923,0.31887,0.3185,0.31157,0.29807,0.28456,0.27068,0.25641,0.24215,0.23412,0.23232,0.23053,0.23505,0.24589,0.25674,0.2683,0.28057,0.29285,0.30141,0.30625,0.3111,0.31207,0.30916,0.30625,0.30409,0.30267,0.30125,0.30411,0.31124,0.31836,0.32913,0.34353,0.35792,0.37283,0.38825,0.40367,0.41793,0.43101,0.44409,0.45451,0.46227,0.47004,0.4747,0.47624,0.47779,0.47745,0.47523,0.47301,0.46987,0.46582,0.46177,0.45751,0.45304,0.44857,0.44257,0.43504,0.42751,0.41782,0.40597,0.39412,0.38224,0.37033,0.35841,0.34944,0.34342,0.3374,0.33476,0.33551,0.33626,0.33767,0.33975,0.34183,0.34278,0.34261,0.34243,0.34116,0.33879,0.33642,0.33002,0.3196,0.30919,0.28948,0.26046,0.23144,0.18983,0.1356,0.081356,0.018215,-0.053835,-0.12589,-0.20041,-0.27734,-0.35428,-0.42613,-0.49284,-0.55955,-0.61751,-0.66669,-0.71586,-0.75749,-0.79157,-0.82565,-0.85665,-0.88456,-0.91248,-0.94141,-0.97137,-1.0013,-1.033,-1.0663,-1.0997,-1.1315,-1.1617,-1.192,-1.2167,-1.236,-1.2552,-1.2666,-1.27,-1.2734,-1.2688,-1.2561,-1.2434,-1.2225,-1.1935,-1.1644,-1.1285,-1.0857,-1.0429,-0.99529,-0.94288,-0.89048,-0.83548,-0.77786,-0.72024,-0.66237,-0.60425,-0.54614,-0.48863,-0.43172,-0.37482,-0.31915,-0.26469,-0.21025,-0.15714,-0.10538,-0.053616,-0.0058733,0.037834,0.081539,0.11686,0.14377,0.17068,0.1861,0.19002,0.19394,0.18737,0.17032,0.15327,0.13027,0.10131,0.072343,0.042796,0.012652,-0.017494,-0.045425,-0.071137,-0.096846,-0.12062,-0.14247,-0.16431,-0.18553,-0.20611,-0.22668,-0.246,-0.26405,-0.2821,-0.29744,-0.31008,-0.32272,-0.33467,-0.34594,-0.35721,-0.37311,-0.39365,-0.41419,-0.44291,-0.47981,-0.51671,-0.55976,-0.60893,-0.6581,-0.70791,-0.75836,-0.80881,-0.85344,-0.89223,-0.93102,-0.95579,-0.96654,-0.9773,-0.96852,-0.9402,-0.91189,-0.86819,-0.8091,-0.75002,-0.69962,-0.6579,-0.61619,-0.58665,-0.56929,-0.55193,-0.53793,-0.52729,-0.51665,-0.50861,-0.50318,-0.49774,-0.49726,-0.50172,-0.50619,-0.51096,-0.51605,-0.52113,-0.51518,-0.4982,-0.48122,-0.4497,-0.40363,-0.35755,-0.31049,-0.26245,-0.21438,-0.17479,-0.1437,-0.1126,-0.074397,-0.029098,0.016199,0.050688,0.074363,0.098034,0.10929,0.10812,0.10695,0.10226,0.094051,0.085839,0.074626,0.060412,0.046199,0.019158,-0.020714,-0.060585,-0.10637,-0.15808,-0.20979,-0.25861,-0.30455,-0.35048,-0.39287,-0.4317,-0.47054,-0.50769,-0.54316,-0.57863,-0.61365,-0.64823,-0.68279,-0.69977,-0.69914,-0.6985,-0.70227,-0.71046,-0.71865,-0.72976,-0.7438,-0.75783,-0.77394,-0.79212,-0.81031,-0.81027,-0.792,-0.77372,-0.75168,-0.72586,-0.70003,-0.67637,-0.65487,-0.63337,-0.60671,-0.57489,-0.54307,-0.5173,-0.49756,-0.47783,-0.46316,-0.45357,-0.44398,-0.43682,-0.4321,-0.42738,-0.42472,-0.42411,-0.42351,-0.42553,-0.43018,-0.43483,-0.43121,-0.41931,-0.40742,-0.40573,-0.41425,-0.42277,-0.42951,-0.43447,-0.43942,-0.4429,-0.44491,-0.44691,-0.44823,-0.44886,-0.44948,-0.45013,-0.4508,-0.45148,-0.4526,-0.45418,-0.45576,-0.45829,-0.46179,-0.46528,-0.46976,-0.47522,-0.48069,-0.48609,-0.49143,-0.49678,-0.50093,-0.50389,-0.50685,-0.50798,-0.50727,-0.50656,-0.50368,-0.49861,-0.49355,-0.48624,-0.47669,-0.46715,-0.4561,-0.44353,-0.43096,-0.41728,-0.40248,-0.38767,-0.37217,-0.356,-0.33982,-0.32362,-0.30742,-0.29122,-0.27581,-0.26122,-0.24663,-0.23319,-0.22092,-0.20865,-0.19757,-0.18769,-0.1778,-0.16942,-0.16254,-0.15565,-0.1507,-0.14769,-0.14468,-0.14434,-0.14666,-0.14899,-0.1547,-0.16381,-0.17292,-0.18495,-0.19989,-0.21484,-0.23099,-0.24834,-0.26569,-0.28216,-0.29775,-0.31334,-0.32654,-0.33732,-0.3481,-0.35556,-0.35969,-0.36381,-0.36293,-0.35704,-0.35115,-0.3386,-0.31939,-0.30018,-0.27354,-0.23945,-0.20536,-0.16462,-0.11723,-0.069841,-0.01815,0.037838,0.093829,0.15094,0.20917,0.26739,0.32315,0.37643,0.42971,0.47716,0.51879,0.56041,0.59441,0.62078,0.64714,0.66673,0.67954,0.69236,0.70147,0.70686,0.71226,0.71698,0.72103,0.72509,0.72926,0.73354,0.73782,0.73948,0.73851,0.73753,0.73001,0.71594,0.70186,0.67998,0.65029,0.6206,0.58575,0.54575,0.50575,0.46551,0.42507,0.38462,0.34756,0.31389,0.28021,0.25149,0.2277,0.20391,0.18467,0.16996,0.15525,0.14337,0.13431,0.12526,0.11684,0.10905,0.10127,0.093067,0.084456,0.075843,0.066744,0.057161,0.047577,0.039203,0.032037,0.024872,0.020964,0.020311,0.019661,0.023785,0.032688,0.041592,0.054626,0.071793,0.088959,0.10841,0.13013,0.15185,0.17421,0.19722,0.22023,0.24209,0.2628,0.28351,0.30129,0.31616,0.33102,0.34235,0.35014,0.35792,0.36317,0.36589,0.3686,0.36983,0.36957,0.36931,0.36759,0.36441,0.36122,0.35599,0.3487,0.34141,0.3325,0.32197,0.31144,0.30035,0.2887,0.27706,0.26549,0.254,0.24251,0.23312,0.22585,0.21857,0.17911,0.10748,0.035836
0,0,0,0,-0.0479,-0.03429,-0.020657,-0.0070019,0.0066536,0.019983,0.032978,0.045972,0.056767,0.065365,0.073962,0.085667,0.10048,0.11529,0.13282,0.15306,0.17331,0.19429,0.21602,0.23776,0.25466,0.26672,0.27878,0.28425,0.28312,0.282,0.27624,0.26585,0.25546,0.2444,0.23268,0.22095,0.21344,0.21015,0.20685,0.20811,0.21392,0.21973,0.22685,0.2353,0.24374,0.25112,0.25744,0.26376,0.26778,0.26947,0.27115,0.27275,0.27426,0.27576,0.28035,0.28804,0.29573,0.30716,0.32234,0.33752,0.35334,0.3698,0.38627,0.40166,0.41596,0.43026,0.44184,0.45071,0.45959,0.4655,0.46845,0.47141,0.47244,0.47154,0.47064,0.46836,0.46468,0.46101,0.45647,0.45105,0.44563,0.43878,0.43049,0.4222,0.41221,0.40053,0.38884,0.37743,0.36629,0.35515,0.34648,0.34028,0.33409,0.3305,0.32951,0.32851,0.32878,0.33031,0.33185,0.3349,0.33947,0.34404,0.34937,0.35546,0.36155,0.36289,0.35949,0.35608,0.34149,0.31572,0.28995,0.24904,0.19296,0.13686,0.071267,-0.0038286,-0.078932,-0.15575,-0.23429,-0.31284,-0.38652,-0.45531,-0.5241,-0.58513,-0.63836,-0.6916,-0.73738,-0.7757,-0.81401,-0.84843,-0.87894,-0.90945,-0.94026,-0.97137,-1.0025,-1.0349,-1.0687,-1.1025,-1.1341,-1.1634,-1.1927,-1.2161,-1.2336,-1.2511,-1.2611,-1.2637,-1.2663,-1.2615,-1.2495,-1.2374,-1.2177,-1.1902,-1.1628,-1.1285,-1.0874,-1.0462,-1,-0.94876,-0.89749,-0.84328,-0.78614,-0.72899,-0.6712,-0.61276,-0.55431,-0.49635,-0.43888,-0.38142,-0.32525,-0.27038,-0.21551,-0.16187,-0.10948,-0.057094,-0.0085436,0.036157,0.080857,0.11742,0.14584,0.17425,0.19158,0.1978,0.20402,0.1998,0.18515,0.1705,0.14952,0.1222,0.094877,0.066127,0.035949,0.0057708,-0.023088,-0.050631,-0.078175,-0.104,-0.1281,-0.1522,-0.17536,-0.19758,-0.21979,-0.24042,-0.25944,-0.27846,-0.29495,-0.30891,-0.32287,-0.33629,-0.34917,-0.36204,-0.37893,-0.39982,-0.42072,-0.44892,-0.48442,-0.51993,-0.5611,-0.60792,-0.65475,-0.70251,-0.75122,-0.79994,-0.84312,-0.88074,-0.91835,-0.94119,-0.94924,-0.9573,-0.94537,-0.91347,-0.88156,-0.83214,-0.76519,-0.69824,-0.6442,-0.60306,-0.56193,-0.53354,-0.51787,-0.5022,-0.49252,-0.48882,-0.48513,-0.48268,-0.48148,-0.48029,-0.48527,-0.49643,-0.50759,-0.51629,-0.52251,-0.52874,-0.52396,-0.50817,-0.49238,-0.46277,-0.41934,-0.37592,-0.33216,-0.28808,-0.24399,-0.20648,-0.17555,-0.14462,-0.10619,-0.060263,-0.014345,0.021465,0.047154,0.072835,0.085867,0.086234,0.086593,0.084609,0.08028,0.075951,0.067635,0.055333,0.043032,0.016617,-0.023916,-0.064446,-0.10915,-0.15802,-0.20689,-0.25563,-0.30422,-0.3528,-0.39471,-0.42995,-0.46518,-0.49997,-0.5343,-0.56863,-0.60457,-0.64214,-0.67971,-0.70017,-0.70352,-0.70686,-0.71266,-0.72091,-0.72917,-0.73978,-0.75274,-0.7657,-0.77933,-0.79365,-0.80796,-0.80582,-0.78724,-0.76866,-0.74798,-0.72521,-0.70243,-0.6811,-0.66122,-0.64134,-0.61616,-0.58568,-0.5552,-0.53056,-0.51176,-0.49296,-0.4789,-0.46957,-0.46024,-0.45331,-0.44878,-0.44425,-0.44186,-0.4416,-0.44135,-0.44364,-0.44845,-0.45327,-0.45126,-0.44241,-0.43355,-0.43156,-0.43643,-0.4413,-0.44655,-0.45218,-0.45781,-0.46206,-0.46492,-0.46777,-0.46986,-0.47116,-0.47247,-0.47382,-0.47519,-0.47657,-0.47835,-0.48055,-0.48274,-0.48561,-0.48916,-0.49271,-0.49691,-0.50176,-0.5066,-0.51142,-0.51621,-0.52099,-0.5249,-0.52792,-0.53094,-0.53236,-0.53218,-0.532,-0.52967,-0.52519,-0.52071,-0.51373,-0.50426,-0.49479,-0.48346,-0.47026,-0.45706,-0.44244,-0.4264,-0.41034,-0.39363,-0.37625,-0.35888,-0.34137,-0.32373,-0.3061,-0.28904,-0.27255,-0.25607,-0.24076,-0.22663,-0.21251,-0.19982,-0.18858,-0.17734,-0.16806,-0.16075,-0.15345,-0.14858,-0.14617,-0.14376,-0.1442,-0.14751,-0.15082,-0.15728,-0.16689,-0.1765,-0.18842,-0.20266,-0.2169,-0.23205,-0.2481,-0.26416,-0.27961,-0.29447,-0.30933,-0.32204,-0.33261,-0.34318,-0.35052,-0.35462,-0.35873,-0.35778,-0.35176,-0.34573,-0.33308,-0.31379,-0.29451,-0.26809,-0.23455,-0.201,-0.16117,-0.11506,-0.06895,-0.018733,0.035578,0.089899,0.14533,0.20184,0.25835,0.31253,0.36438,0.41622,0.4626,0.50352,0.54445,0.57818,0.60471,0.63124,0.65121,0.66462,0.67803,0.6876,0.69333,0.69906,0.70375,0.70738,0.71102,0.71431,0.71722,0.72014,0.71992,0.71654,0.71317,0.70384,0.68856,0.67328,0.65155,0.62337,0.59519,0.56256,0.52551,0.48845,0.4513,0.41405,0.37681,0.34216,0.31011,0.27806,0.2502,0.22653,0.20287,0.18326,0.1677,0.15214,0.13862,0.12713,0.11564,0.10467,0.094207,0.083747,0.074148,0.065408,0.056669,0.048649,0.041351,0.034053,0.028496,0.024679,0.020864,0.019267,0.019888,0.020509,0.025022,0.033428,0.041836,0.054499,0.071419,0.08834,0.10774,0.12962,0.15148,0.17397,0.19708,0.22019,0.24205,0.26266,0.28328,0.30105,0.31597,0.33089,0.34237,0.3504,0.35843,0.36386,0.36668,0.36949,0.37073,0.37039,0.37005,0.36828,0.36507,0.36185,0.35682,0.34995,0.34308,0.33486,0.32529,0.31571,0.30581,0.29556,0.28532,0.27491,0.26435,0.25379,0.24518,0.23854,0.2319,0.19049,0.11431,0.038111
0,0,0,0,-0.071793,-0.062322,-0.051337,-0.03884,-0.026343,-0.013226,0.00050771,0.014238,0.025533,0.034397,0.043261,0.055326,0.070596,0.085865,0.10382,0.12446,0.14509,0.16613,0.18758,0.20904,0.2258,0.23786,0.24992,0.25597,0.256,0.25603,0.25189,0.24357,0.23526,0.22595,0.21566,0.20537,0.1976,0.19236,0.18712,0.18527,0.18682,0.18836,0.19165,0.19667,0.2017,0.20693,0.21235,0.21777,0.22227,0.22585,0.22942,0.23318,0.23712,0.24105,0.2477,0.25707,0.26644,0.27914,0.29518,0.31121,0.32831,0.34647,0.36463,0.38175,0.39783,0.41392,0.42736,0.43814,0.44892,0.45666,0.46137,0.46608,0.46842,0.46839,0.46835,0.46661,0.46317,0.45973,0.45495,0.44882,0.4427,0.43517,0.42623,0.41729,0.40714,0.39576,0.38439,0.37341,0.36283,0.35226,0.34362,0.33692,0.33022,0.32564,0.32318,0.32071,0.32024,0.32176,0.32327,0.3277,0.33505,0.3424,0.35124,0.36159,0.37193,0.37772,0.37895,0.38017,0.36971,0.34755,0.3254,0.28783,0.2348,0.18177,0.11834,0.044497,-0.029322,-0.10548,-0.18398,-0.26248,-0.33732,-0.4085,-0.47968,-0.54419,-0.60203,-0.65986,-0.71059,-0.75422,-0.79785,-0.8368,-0.87109,-0.90538,-0.93874,-0.97119,-1.0036,-1.0362,-1.069,-1.1018,-1.1319,-1.1594,-1.1868,-1.2085,-1.2245,-1.2404,-1.2496,-1.2519,-1.2543,-1.2497,-1.2383,-1.2269,-1.2083,-1.1825,-1.1568,-1.1242,-1.0848,-1.0454,-1.0006,-0.95037,-0.90018,-0.84681,-0.79027,-0.73373,-0.6762,-0.61769,-0.55917,-0.50112,-0.4435,-0.3859,-0.32932,-0.27373,-0.21814,-0.16399,-0.11127,-0.05855,-0.009628,0.035496,0.080625,0.11785,0.14717,0.17649,0.19511,0.20302,0.21093,0.20854,0.19585,0.18316,0.16384,0.1379,0.11194,0.083868,0.053663,0.023454,-0.0059666,-0.034603,-0.063249,-0.090384,-0.11601,-0.14164,-0.1662,-0.18968,-0.21316,-0.23494,-0.25501,-0.27508,-0.29287,-0.30839,-0.32391,-0.33905,-0.35383,-0.3686,-0.38683,-0.40854,-0.43025,-0.45808,-0.49203,-0.52599,-0.56494,-0.6089,-0.65285,-0.69795,-0.74421,-0.79047,-0.83129,-0.86667,-0.90204,-0.92213,-0.92694,-0.93174,-0.91566,-0.8787,-0.84173,-0.78768,-0.71655,-0.64542,-0.58785,-0.54384,-0.49984,-0.46974,-0.45356,-0.43739,-0.43034,-0.43243,-0.43452,-0.43945,-0.4472,-0.45496,-0.46792,-0.48608,-0.50425,-0.51515,-0.51877,-0.52239,-0.51743,-0.5039,-0.49036,-0.46625,-0.43157,-0.39689,-0.36094,-0.32372,-0.2865,-0.2495,-0.21275,-0.17599,-0.13521,-0.090397,-0.045595,-0.010214,0.015742,0.041692,0.057257,0.062421,0.067577,0.069403,0.067898,0.066389,0.059153,0.046188,0.033223,0.0058486,-0.035939,-0.077723,-0.12003,-0.16287,-0.20572,-0.2513,-0.29963,-0.34796,-0.38952,-0.42431,-0.4591,-0.49285,-0.52556,-0.55826,-0.59326,-0.63057,-0.66788,-0.69211,-0.70327,-0.71441,-0.72412,-0.73239,-0.74066,-0.75052,-0.76197,-0.77342,-0.78306,-0.79087,-0.79868,-0.79574,-0.78205,-0.76835,-0.75049,-0.72848,-0.70647,-0.6861,-0.66737,-0.64863,-0.62465,-0.59543,-0.56622,-0.54275,-0.52503,-0.50731,-0.49403,-0.48518,-0.47633,-0.46981,-0.46561,-0.46142,-0.45928,-0.45921,-0.45914,-0.46153,-0.46638,-0.47124,-0.47264,-0.4706,-0.46855,-0.46608,-0.46319,-0.4603,-0.46194,-0.46813,-0.47432,-0.47928,-0.48302,-0.48675,-0.48982,-0.49222,-0.49461,-0.49709,-0.49965,-0.5022,-0.50514,-0.50845,-0.51175,-0.5154,-0.51939,-0.52337,-0.52752,-0.53184,-0.53616,-0.54028,-0.5442,-0.54812,-0.55139,-0.55402,-0.55665,-0.55798,-0.55803,-0.55807,-0.55603,-0.5519,-0.54776,-0.54103,-0.5317,-0.52237,-0.51077,-0.49691,-0.48305,-0.46748,-0.4502,-0.43293,-0.41483,-0.39591,-0.37697,-0.35787,-0.33859,-0.31931,-0.30052,-0.2822,-0.26389,-0.24678,-0.23087,-0.21496,-0.20076,-0.18828,-0.1758,-0.16561,-0.1577,-0.14979,-0.14466,-0.14229,-0.13992,-0.1406,-0.14431,-0.14803,-0.15471,-0.16436,-0.17402,-0.18569,-0.19939,-0.21309,-0.22757,-0.24284,-0.25812,-0.27292,-0.28726,-0.30159,-0.314,-0.32448,-0.33495,-0.34213,-0.346,-0.34987,-0.34866,-0.34237,-0.33608,-0.32332,-0.30407,-0.28482,-0.25879,-0.22598,-0.19316,-0.15447,-0.10988,-0.065301,-0.016847,0.035486,0.087821,0.14121,0.19565,0.25008,0.30235,0.35246,0.40256,0.44759,0.48754,0.52749,0.56072,0.58724,0.61375,0.63401,0.64804,0.66205,0.67221,0.6785,0.68479,0.68971,0.69326,0.6968,0.69939,0.70103,0.70266,0.70097,0.69596,0.69096,0.68051,0.66461,0.64872,0.62724,0.60017,0.57311,0.54234,0.50788,0.47342,0.43875,0.40389,0.36903,0.33626,0.30556,0.27487,0.24762,0.22383,0.20003,0.17965,0.16268,0.14573,0.13055,0.11716,0.10376,0.09118,0.079403,0.067627,0.057279,0.04836,0.039441,0.032118,0.02639,0.020663,0.016861,0.014983,0.013106,0.013223,0.015336,0.017449,0.022906,0.03171,0.040515,0.053304,0.070076,0.086847,0.1062,0.12815,0.15008,0.1726,0.19571,0.21883,0.24061,0.26106,0.28152,0.29915,0.31397,0.32878,0.34025,0.34839,0.35653,0.36203,0.36491,0.36778,0.36902,0.36864,0.36825,0.36643,0.36317,0.35991,0.3551,0.34874,0.34237,0.33491,0.32635,0.31778,0.30898,0.29995,0.29091,0.28174,0.27243,0.26312,0.25598,0.25102,0.24606,0.203,0.12182,0.019682
0,0,0,0,-0.095688,-0.090349,-0.082011,-0.070676,-0.059341,-0.046433,-0.031963,-0.017503,-0.0057049,0.0034286,0.012558,0.024988,0.040716,0.056444,0.074826,0.095858,0.11688,0.13797,0.15915,0.18032,0.19693,0.209,0.22107,0.2277,0.22888,0.23007,0.22754,0.2213,0.21506,0.20751,0.19865,0.18979,0.18176,0.17458,0.16739,0.16244,0.15971,0.15699,0.15644,0.15805,0.15967,0.16274,0.16726,0.17178,0.17677,0.18223,0.18769,0.19361,0.19998,0.20634,0.21505,0.2261,0.23715,0.25112,0.26802,0.28491,0.30328,0.32313,0.34298,0.36184,0.37971,0.39758,0.41287,0.42556,0.43825,0.44783,0.45429,0.46076,0.46441,0.46523,0.46606,0.46487,0.46166,0.45845,0.45343,0.4466,0.43977,0.43156,0.42198,0.4124,0.40207,0.391,0.37993,0.36939,0.35938,0.34937,0.34076,0.33356,0.32635,0.32078,0.31685,0.31292,0.3117,0.3132,0.3147,0.3205,0.33063,0.34076,0.35312,0.36771,0.38231,0.39254,0.3984,0.40426,0.39792,0.37938,0.36083,0.32659,0.27663,0.22666,0.1654,0.092835,0.02029,-0.055205,-0.13366,-0.21212,-0.28812,-0.36169,-0.43525,-0.50325,-0.56568,-0.62812,-0.68381,-0.73273,-0.78167,-0.82517,-0.86324,-0.9013,-0.93723,-0.971,-1.0048,-1.0375,-1.0693,-1.1011,-1.1298,-1.1553,-1.1809,-1.2009,-1.2153,-1.2298,-1.238,-1.2401,-1.2422,-1.2379,-1.2271,-1.2163,-1.1989,-1.1748,-1.1507,-1.1199,-1.0822,-1.0445,-1.0011,-0.95198,-0.90286,-0.85033,-0.7944,-0.73845,-0.68119,-0.62261,-0.56404,-0.50588,-0.44813,-0.39039,-0.33338,-0.27708,-0.22078,-0.16611,-0.11306,-0.060014,-0.010711,0.03484,0.080389,0.11828,0.1485,0.17872,0.19864,0.20824,0.21784,0.21728,0.20655,0.19582,0.17817,0.15359,0.12901,0.10161,0.071377,0.041142,0.011155,-0.018582,-0.048327,-0.076775,-0.10393,-0.13109,-0.15704,-0.18178,-0.20653,-0.22946,-0.25058,-0.2717,-0.2908,-0.30787,-0.32495,-0.34182,-0.35849,-0.37515,-0.39474,-0.41726,-0.43978,-0.46724,-0.49963,-0.53203,-0.56878,-0.60987,-0.65096,-0.69341,-0.7372,-0.781,-0.81947,-0.8526,-0.88573,-0.90307,-0.90463,-0.90619,-0.88596,-0.84393,-0.80189,-0.74322,-0.66791,-0.5926,-0.5315,-0.48462,-0.43774,-0.40595,-0.38926,-0.37257,-0.36816,-0.37604,-0.38391,-0.39621,-0.41292,-0.42963,-0.45057,-0.47573,-0.5009,-0.514,-0.51501,-0.51603,-0.5109,-0.49963,-0.48835,-0.46974,-0.4438,-0.41788,-0.38973,-0.35936,-0.32899,-0.29253,-0.24995,-0.20736,-0.16422,-0.12053,-0.076843,-0.041892,-0.015666,0.010559,0.028651,0.038607,0.048565,0.054201,0.055515,0.056827,0.05067,0.037043,0.023414,-0.0049196,-0.047958,-0.090996,-0.13092,-0.16773,-0.20454,-0.24697,-0.29504,-0.34311,-0.38432,-0.41867,-0.45302,-0.48574,-0.51682,-0.5479,-0.58197,-0.61901,-0.65606,-0.68406,-0.70301,-0.72196,-0.73558,-0.74386,-0.75214,-0.76126,-0.7712,-0.78115,-0.78678,-0.7881,-0.78941,-0.78566,-0.77685,-0.76804,-0.753,-0.73175,-0.7105,-0.69109,-0.6735,-0.65592,-0.63315,-0.60519,-0.57723,-0.55494,-0.5383,-0.52167,-0.50917,-0.5008,-0.49243,-0.48631,-0.48245,-0.47858,-0.47671,-0.47682,-0.47693,-0.47943,-0.48432,-0.4892,-0.49403,-0.49879,-0.50355,-0.5006,-0.48995,-0.47929,-0.47733,-0.48408,-0.49082,-0.49651,-0.50112,-0.50574,-0.50978,-0.51327,-0.51675,-0.52036,-0.5241,-0.52784,-0.53192,-0.53634,-0.54076,-0.54519,-0.54961,-0.55403,-0.55814,-0.56193,-0.56572,-0.56914,-0.57219,-0.57524,-0.57789,-0.58012,-0.58235,-0.58361,-0.58388,-0.58414,-0.58239,-0.5786,-0.57482,-0.56833,-0.55914,-0.54995,-0.53809,-0.52356,-0.50903,-0.49252,-0.47401,-0.45551,-0.43603,-0.41555,-0.39507,-0.37438,-0.35345,-0.33253,-0.312,-0.29185,-0.27171,-0.2528,-0.2351,-0.21741,-0.2017,-0.18798,-0.17427,-0.16315,-0.15465,-0.14614,-0.14073,-0.13841,-0.13608,-0.13699,-0.14111,-0.14524,-0.15215,-0.16184,-0.17153,-0.18295,-0.19611,-0.20927,-0.2231,-0.23759,-0.25209,-0.26624,-0.28004,-0.29385,-0.30595,-0.31634,-0.32673,-0.33374,-0.33737,-0.34101,-0.33955,-0.33299,-0.32643,-0.31355,-0.29435,-0.27514,-0.24949,-0.21741,-0.18532,-0.14775,-0.1047,-0.061645,-0.014952,0.035396,0.085746,0.13711,0.18947,0.24182,0.29217,0.34054,0.3889,0.43258,0.47156,0.51053,0.54327,0.56977,0.59626,0.61682,0.63145,0.64608,0.65682,0.66367,0.67052,0.67567,0.67913,0.68258,0.68448,0.68483,0.68517,0.68203,0.67539,0.66874,0.65717,0.64066,0.62416,0.60293,0.57698,0.55103,0.52212,0.49026,0.45839,0.42622,0.39374,0.36126,0.33034,0.30101,0.27168,0.24505,0.22112,0.19719,0.17603,0.15767,0.1393,0.12248,0.10718,0.091887,0.077694,0.0646,0.051508,0.040413,0.031314,0.022216,0.015588,0.01143,0.007274,0.0052249,0.0052856,0.0053478,0.0071792,0.010783,0.014386,0.020786,0.02999,0.039193,0.052108,0.068732,0.085353,0.10467,0.12668,0.14868,0.17123,0.19434,0.21746,0.23916,0.25946,0.27976,0.29726,0.31196,0.32666,0.33814,0.34638,0.35462,0.36021,0.36314,0.36607,0.36732,0.36688,0.36645,0.36458,0.36127,0.35796,0.35338,0.34752,0.34167,0.33496,0.32741,0.31985,0.31216,0.30433,0.2965,0.28856,0.2805,0.27245,0.26678,0.26349,0.26021,0.21549,0.12932,0
0,0,0,0,-0.12624,-0.12341,-0.11685,-0.10655,-0.096248,-0.083538,-0.068438,-0.053346,-0.040324,-0.02938,-0.018446,-0.0047361,0.011753,0.028243,0.046986,0.067987,0.088991,0.10999,0.131,0.15201,0.16901,0.182,0.19499,0.20297,0.20595,0.20892,0.20814,0.2036,0.19906,0.19264,0.18436,0.17607,0.16753,0.15873,0.14992,0.14248,0.13641,0.13033,0.12639,0.12457,0.12276,0.12301,0.12533,0.12765,0.13145,0.13674,0.14202,0.14848,0.15613,0.16377,0.17392,0.18657,0.19922,0.21479,0.23327,0.25175,0.27198,0.29396,0.31594,0.33707,0.35736,0.37764,0.39539,0.4106,0.42582,0.43775,0.44638,0.45502,0.46036,0.46241,0.46446,0.46397,0.46093,0.45789,0.45267,0.44527,0.43787,0.42914,0.41908,0.40901,0.39856,0.38773,0.37689,0.36661,0.35689,0.34718,0.33847,0.33076,0.32306,0.31674,0.31181,0.30687,0.30507,0.30639,0.30772,0.3139,0.32496,0.33601,0.34962,0.36577,0.38193,0.39416,0.40245,0.41073,0.40744,0.39256,0.37768,0.34785,0.30307,0.25827,0.20188,0.13388,0.065876,-0.0063602,-0.082848,-0.15934,-0.23507,-0.31005,-0.38504,-0.45585,-0.52252,-0.5892,-0.64968,-0.70397,-0.75826,-0.80655,-0.84883,-0.89112,-0.92984,-0.96498,-1.0001,-1.033,-1.0635,-1.094,-1.121,-1.1446,-1.1681,-1.1865,-1.1997,-1.2129,-1.2205,-1.2225,-1.2244,-1.2204,-1.2104,-1.2004,-1.1841,-1.1615,-1.1389,-1.1096,-1.0737,-1.0377,-0.99588,-0.94817,-0.90045,-0.84904,-0.79392,-0.73881,-0.68209,-0.62377,-0.56544,-0.50731,-0.44938,-0.39145,-0.33409,-0.27732,-0.22055,-0.1655,-0.11218,-0.058857,-0.0093666,0.036294,0.081956,0.12014,0.15083,0.18153,0.20225,0.21296,0.22368,0.22444,0.21524,0.20604,0.18971,0.16627,0.14281,0.11604,0.085951,0.055859,0.025591,-0.0048562,-0.035308,-0.064649,-0.092881,-0.12112,-0.14812,-0.17391,-0.19969,-0.22379,-0.2462,-0.26862,-0.28937,-0.30845,-0.32754,-0.34651,-0.36534,-0.38418,-0.40526,-0.42859,-0.45192,-0.47894,-0.50964,-0.54035,-0.57458,-0.61233,-0.65008,-0.68924,-0.72981,-0.77038,-0.80581,-0.83608,-0.86635,-0.88074,-0.87925,-0.87775,-0.8544,-0.80921,-0.76401,-0.70252,-0.62477,-0.54701,-0.48318,-0.43324,-0.38331,-0.3483,-0.32821,-0.30812,-0.30387,-0.31548,-0.32709,-0.34443,-0.36752,-0.39061,-0.41672,-0.44583,-0.47495,-0.49188,-0.49659,-0.5013,-0.50158,-0.49743,-0.49327,-0.48171,-0.46277,-0.44384,-0.42205,-0.39741,-0.37277,-0.33707,-0.29029,-0.2435,-0.19838,-0.15493,-0.11148,-0.075492,-0.046968,-0.018449,0.0020907,0.014651,0.027209,0.035753,0.04028,0.044809,0.040197,0.026442,0.012686,-0.015019,-0.056666,-0.098316,-0.13632,-0.17068,-0.20504,-0.24467,-0.28957,-0.33448,-0.37481,-0.41055,-0.44629,-0.47977,-0.51098,-0.54219,-0.57465,-0.60837,-0.64209,-0.67075,-0.69435,-0.71794,-0.73584,-0.74802,-0.7602,-0.77049,-0.77888,-0.78728,-0.79017,-0.78757,-0.78497,-0.78062,-0.77454,-0.76845,-0.75525,-0.73493,-0.71461,-0.69426,-0.67388,-0.65349,-0.63168,-0.60844,-0.58519,-0.56573,-0.55006,-0.53439,-0.52269,-0.51495,-0.50721,-0.50164,-0.49824,-0.49483,-0.49331,-0.49368,-0.49405,-0.49671,-0.50166,-0.5066,-0.51314,-0.52125,-0.52937,-0.52593,-0.51093,-0.49593,-0.49203,-0.49923,-0.50645,-0.51282,-0.51835,-0.52388,-0.52909,-0.53396,-0.53883,-0.54387,-0.54908,-0.55429,-0.55971,-0.56535,-0.57099,-0.57628,-0.58124,-0.58619,-0.59035,-0.5937,-0.59705,-0.5998,-0.60195,-0.60409,-0.60597,-0.60759,-0.60921,-0.6101,-0.61025,-0.61041,-0.60865,-0.60497,-0.60128,-0.59483,-0.58561,-0.5764,-0.56425,-0.54914,-0.53403,-0.51667,-0.49703,-0.4774,-0.45655,-0.43447,-0.4124,-0.39002,-0.36732,-0.34463,-0.32233,-0.30042,-0.27852,-0.25792,-0.23862,-0.21933,-0.20221,-0.18729,-0.17237,-0.16028,-0.15103,-0.14178,-0.13583,-0.13317,-0.13052,-0.1312,-0.13521,-0.13922,-0.14593,-0.15535,-0.16477,-0.17584,-0.18856,-0.20128,-0.21467,-0.22872,-0.24277,-0.25655,-0.27005,-0.28355,-0.29543,-0.30569,-0.31595,-0.32278,-0.32617,-0.32957,-0.32789,-0.32114,-0.31438,-0.3015,-0.28248,-0.26346,-0.23833,-0.2071,-0.17586,-0.13949,-0.097984,-0.056485,-0.011577,0.036737,0.085058,0.13432,0.18452,0.23472,0.28307,0.32956,0.37605,0.4182,0.45599,0.49378,0.52577,0.55197,0.57818,0.5988,0.61385,0.6289,0.64008,0.64741,0.65474,0.66005,0.66334,0.66663,0.66792,0.66722,0.66652,0.66232,0.65463,0.64694,0.6348,0.61819,0.60159,0.58092,0.55616,0.5314,0.50416,0.47444,0.44472,0.41457,0.38398,0.35339,0.32393,0.2956,0.26727,0.24102,0.21684,0.19267,0.17077,0.15113,0.1315,0.11335,0.096681,0.080007,0.064756,0.050926,0.037097,0.025595,0.01642,0.0072463,0.00093534,-0.0025107,-0.0059553,-0.0071108,-0.0059755,-0.0048399,-0.0018469,0.0030052,0.007856,0.015256,0.025212,0.035168,0.048518,0.065264,0.082009,0.10138,0.12336,0.14534,0.16783,0.19085,0.21387,0.23542,0.25551,0.27559,0.29292,0.30749,0.32206,0.33353,0.34189,0.35024,0.356,0.35917,0.36233,0.36378,0.3635,0.36322,0.36154,0.35844,0.35535,0.35115,0.34586,0.34056,0.33459,0.32794,0.3213,0.31443,0.30734,0.30024,0.29296,0.28548,0.27799,0.27267,0.26951,0.26634,0.22065,0.13243,0
0,0,0,0,-0.16347,-0.16152,-0.15585,-0.14646,-0.13707,-0.12455,-0.10892,-0.093283,-0.078323,-0.064041,-0.049754,-0.033842,-0.016302,0.0012423,0.020295,0.040855,0.06142,0.082186,0.10315,0.12411,0.14202,0.15685,0.17167,0.18179,0.1872,0.1926,0.19369,0.19047,0.18725,0.18136,0.17279,0.16422,0.15489,0.1448,0.13472,0.12541,0.11689,0.10837,0.10148,0.096228,0.090973,0.087752,0.086571,0.08539,0.086314,0.089355,0.092391,0.097788,0.10556,0.11335,0.12432,0.13849,0.15266,0.17015,0.19094,0.21173,0.2344,0.25896,0.28351,0.30745,0.33077,0.35409,0.37493,0.39329,0.41164,0.42643,0.43764,0.44886,0.45629,0.45992,0.46356,0.46391,0.46098,0.45805,0.45267,0.44484,0.43701,0.42791,0.41753,0.40715,0.39662,0.38594,0.37526,0.36507,0.35538,0.34568,0.33673,0.32853,0.32033,0.3135,0.30804,0.30258,0.30034,0.30134,0.30233,0.3079,0.31803,0.32817,0.34075,0.35578,0.3708,0.38257,0.39108,0.39959,0.39826,0.3871,0.37593,0.35161,0.31412,0.27662,0.22777,0.16761,0.10745,0.04106,-0.031527,-0.1041,-0.17813,-0.25359,-0.32902,-0.40201,-0.47256,-0.5431,-0.60822,-0.66792,-0.72763,-0.78095,-0.82789,-0.87482,-0.91657,-0.95313,-0.98969,-1.0225,-1.0514,-1.0804,-1.1056,-1.127,-1.1484,-1.1652,-1.1775,-1.1897,-1.1969,-1.1989,-1.2009,-1.1973,-1.1882,-1.179,-1.1638,-1.1425,-1.1212,-1.0935,-1.0593,-1.025,-0.9849,-0.93892,-0.89294,-0.84292,-0.78886,-0.73481,-0.6789,-0.62114,-0.56337,-0.50541,-0.44724,-0.38907,-0.33149,-0.27448,-0.21747,-0.16218,-0.10863,-0.055088,-0.0055883,0.039872,0.085334,0.12344,0.15417,0.18491,0.20592,0.21718,0.22844,0.23002,0.22191,0.21381,0.19847,0.17591,0.15334,0.12717,0.097392,0.067611,0.037342,0.0065812,-0.024185,-0.053995,-0.082856,-0.11172,-0.13945,-0.16605,-0.19266,-0.21793,-0.24188,-0.26584,-0.28859,-0.31014,-0.33168,-0.3531,-0.37438,-0.39566,-0.41837,-0.44252,-0.46666,-0.49317,-0.52205,-0.55094,-0.58235,-0.61627,-0.6502,-0.68545,-0.72203,-0.75861,-0.79031,-0.81712,-0.84392,-0.85514,-0.85078,-0.84641,-0.821,-0.77453,-0.72805,-0.66558,-0.58712,-0.50865,-0.44284,-0.38969,-0.33655,-0.29678,-0.27039,-0.24401,-0.23746,-0.25076,-0.26405,-0.28413,-0.31102,-0.33792,-0.36638,-0.3964,-0.42642,-0.44879,-0.4635,-0.47821,-0.48947,-0.4973,-0.50512,-0.50218,-0.48847,-0.47476,-0.45789,-0.43787,-0.41783,-0.38313,-0.33377,-0.28442,-0.23768,-0.19358,-0.14948,-0.11101,-0.078167,-0.04533,-0.02243,-0.0094576,0.0035052,0.014053,0.022194,0.030335,0.027733,0.014384,0.0010342,-0.024449,-0.062066,-0.099686,-0.13624,-0.17174,-0.20724,-0.2444,-0.28324,-0.32208,-0.36099,-0.39995,-0.43891,-0.47494,-0.50803,-0.54111,-0.57132,-0.59865,-0.62597,-0.65219,-0.67729,-0.70238,-0.72491,-0.74488,-0.76484,-0.77822,-0.78502,-0.79181,-0.79324,-0.78929,-0.78535,-0.78062,-0.77511,-0.76959,-0.75722,-0.738,-0.71878,-0.69561,-0.66849,-0.64136,-0.62025,-0.60518,-0.5901,-0.57514,-0.56031,-0.54548,-0.53459,-0.52764,-0.52069,-0.5158,-0.51298,-0.51017,-0.50911,-0.50981,-0.51051,-0.51338,-0.51841,-0.52344,-0.52997,-0.538,-0.54603,-0.54208,-0.52614,-0.5102,-0.50602,-0.5136,-0.52119,-0.52822,-0.53471,-0.5412,-0.54772,-0.55429,-0.56085,-0.56762,-0.57459,-0.58156,-0.58852,-0.59547,-0.60243,-0.6087,-0.61428,-0.61987,-0.62416,-0.62716,-0.63016,-0.63226,-0.63346,-0.63466,-0.63565,-0.63643,-0.63721,-0.63745,-0.63716,-0.63687,-0.63481,-0.63099,-0.62717,-0.62055,-0.61114,-0.60174,-0.58924,-0.57364,-0.55805,-0.53992,-0.51924,-0.49857,-0.47638,-0.45267,-0.42896,-0.40481,-0.38021,-0.35561,-0.33151,-0.30791,-0.2843,-0.26214,-0.24142,-0.22071,-0.2023,-0.1862,-0.17011,-0.15699,-0.14685,-0.1367,-0.12995,-0.12659,-0.12324,-0.12324,-0.12661,-0.12997,-0.13607,-0.14491,-0.15374,-0.16435,-0.17674,-0.18912,-0.20228,-0.21623,-0.23018,-0.24386,-0.25727,-0.27069,-0.28244,-0.29252,-0.3026,-0.30922,-0.31239,-0.31555,-0.31369,-0.30681,-0.29993,-0.28715,-0.26847,-0.24979,-0.22531,-0.19504,-0.16477,-0.12967,-0.089749,-0.049824,-0.0067418,0.039499,0.085746,0.13285,0.18082,0.2288,0.27503,0.31952,0.364,0.40443,0.44082,0.47719,0.50821,0.53386,0.55951,0.57997,0.59524,0.61051,0.622,0.62973,0.63746,0.64285,0.6459,0.64895,0.64972,0.6482,0.64668,0.64185,0.6337,0.62555,0.61338,0.5972,0.58103,0.56119,0.5377,0.51421,0.48846,0.46044,0.43241,0.40381,0.37463,0.34545,0.31701,0.28931,0.26162,0.23552,0.211,0.18648,0.16384,0.14308,0.12232,0.10318,0.08565,0.068121,0.052364,0.038377,0.024391,0.012825,0.0036773,-0.0054691,-0.01184,-0.015434,-0.019025,-0.020149,-0.018804,-0.017457,-0.013856,-0.0079976,-0.0021401,0.0063184,0.017378,0.028438,0.042536,0.059674,0.076814,0.096322,0.1182,0.14007,0.16241,0.18523,0.20806,0.22938,0.2492,0.26901,0.28613,0.30055,0.31498,0.32643,0.33491,0.34339,0.34942,0.353,0.35657,0.3584,0.35849,0.35857,0.3573,0.35468,0.35207,0.34842,0.34373,0.33905,0.33379,0.32795,0.32212,0.31579,0.30895,0.30212,0.29492,0.28734,0.27976,0.27367,0.26907,0.26446,0.21849,0.13113,0.021755
0,0,0,0,-0.2007,-0.19963,-0.19486,-0.18638,-0.1779,-0.16557,-0.1494,-0.13322,-0.11632,-0.098693,-0.081063,-0.062951,-0.044355,-0.025756,-0.0063917,0.013732,0.033854,0.054377,0.075295,0.096215,0.11502,0.13169,0.14836,0.16062,0.16845,0.17628,0.17925,0.17735,0.17545,0.17007,0.16122,0.15237,0.14226,0.13089,0.11951,0.10835,0.097379,0.086411,0.076579,0.067883,0.059187,0.052497,0.047814,0.043128,0.041178,0.041971,0.042759,0.047099,0.055004,0.062916,0.074721,0.090409,0.1061,0.12549,0.14859,0.1717,0.19681,0.22395,0.25107,0.27781,0.30418,0.33055,0.35447,0.37596,0.39745,0.4151,0.4289,0.4427,0.45221,0.45744,0.46266,0.46386,0.46104,0.45821,0.45267,0.44441,0.43615,0.42667,0.41598,0.40529,0.39468,0.38416,0.37363,0.36353,0.35386,0.34418,0.335,0.3263,0.31761,0.31027,0.30428,0.29828,0.29562,0.29628,0.29695,0.30189,0.3111,0.32032,0.33188,0.34577,0.35967,0.37098,0.37971,0.38844,0.38909,0.38164,0.37419,0.35536,0.32517,0.29496,0.25368,0.20133,0.149,0.088478,0.019808,-0.048853,-0.12117,-0.19711,-0.27301,-0.34817,-0.4226,-0.497,-0.56676,-0.63187,-0.69698,-0.75534,-0.80693,-0.85852,-0.9033,-0.94128,-0.97925,-1.012,-1.0394,-1.0668,-1.0902,-1.1094,-1.1287,-1.144,-1.1553,-1.1666,-1.1733,-1.1753,-1.1774,-1.1742,-1.1659,-1.1577,-1.1435,-1.1236,-1.1036,-1.0773,-1.0448,-1.0123,-0.97392,-0.92967,-0.88542,-0.83679,-0.7838,-0.7308,-0.67571,-0.6185,-0.5613,-0.50351,-0.4451,-0.38669,-0.32887,-0.27163,-0.21439,-0.15887,-0.10509,-0.051322,-0.0018075,0.04345,0.088708,0.12673,0.15752,0.18829,0.20959,0.22139,0.2332,0.23559,0.22858,0.22157,0.20723,0.18555,0.16387,0.13829,0.10883,0.079359,0.04909,0.018017,-0.01306,-0.043338,-0.072824,-0.10232,-0.13077,-0.1582,-0.18562,-0.21208,-0.23757,-0.26306,-0.28781,-0.31182,-0.33582,-0.35969,-0.38342,-0.40715,-0.4315,-0.45645,-0.4814,-0.50741,-0.53446,-0.56152,-0.5901,-0.62021,-0.65031,-0.68166,-0.71425,-0.74685,-0.77482,-0.79816,-0.82149,-0.82954,-0.82231,-0.81508,-0.78759,-0.73985,-0.6921,-0.62864,-0.54947,-0.4703,-0.40252,-0.34615,-0.28978,-0.24526,-0.21258,-0.17991,-0.17106,-0.18603,-0.201,-0.22383,-0.25453,-0.28522,-0.31602,-0.34695,-0.37789,-0.40571,-0.43041,-0.45511,-0.47736,-0.49716,-0.51696,-0.52263,-0.51416,-0.50569,-0.49374,-0.47832,-0.46289,-0.42921,-0.37727,-0.32533,-0.27698,-0.23223,-0.18748,-0.14653,-0.10937,-0.072209,-0.046944,-0.03357,-0.020203,-0.0076458,0.0041082,0.015862,0.015267,0.0023251,-0.010618,-0.033882,-0.067471,-0.10106,-0.13617,-0.1728,-0.20943,-0.24413,-0.27691,-0.30969,-0.34717,-0.38935,-0.43153,-0.47011,-0.50507,-0.54004,-0.56799,-0.58893,-0.60987,-0.63363,-0.66023,-0.68682,-0.71399,-0.74173,-0.76947,-0.78595,-0.79115,-0.79635,-0.7963,-0.79102,-0.78573,-0.78062,-0.77567,-0.77073,-0.7592,-0.74108,-0.72296,-0.69697,-0.6631,-0.62923,-0.60884,-0.60192,-0.59501,-0.58456,-0.57056,-0.55657,-0.54649,-0.54032,-0.53416,-0.52996,-0.52773,-0.5255,-0.5249,-0.52594,-0.52697,-0.53005,-0.53516,-0.54028,-0.54681,-0.55475,-0.56269,-0.55823,-0.54135,-0.52448,-0.52002,-0.52797,-0.53593,-0.54363,-0.55107,-0.55852,-0.56636,-0.57462,-0.58288,-0.59137,-0.6001,-0.60883,-0.61733,-0.6256,-0.63387,-0.64111,-0.64733,-0.65354,-0.65797,-0.66062,-0.66327,-0.66472,-0.66498,-0.66523,-0.66533,-0.66527,-0.66521,-0.66481,-0.66407,-0.66333,-0.66098,-0.65701,-0.65305,-0.64627,-0.63667,-0.62707,-0.61423,-0.59815,-0.58208,-0.56318,-0.54146,-0.51975,-0.49621,-0.47087,-0.44552,-0.4196,-0.3931,-0.3666,-0.3407,-0.3154,-0.29009,-0.26637,-0.24423,-0.22209,-0.20238,-0.18512,-0.16785,-0.1537,-0.14266,-0.13163,-0.12408,-0.12001,-0.11595,-0.11528,-0.118,-0.12072,-0.12621,-0.13446,-0.14272,-0.15286,-0.16491,-0.17695,-0.18989,-0.20374,-0.21758,-0.23117,-0.2445,-0.25783,-0.26945,-0.27935,-0.28925,-0.29567,-0.2986,-0.30153,-0.29949,-0.29249,-0.28548,-0.27281,-0.25446,-0.23612,-0.21229,-0.18298,-0.15367,-0.11985,-0.081506,-0.043164,-0.0019181,0.042253,0.086427,0.13138,0.17712,0.22287,0.26699,0.30947,0.35195,0.39067,0.42565,0.46062,0.49065,0.51575,0.54085,0.56114,0.57663,0.59211,0.60392,0.61204,0.62017,0.62564,0.62846,0.63127,0.63152,0.62918,0.62685,0.62137,0.61276,0.60415,0.59197,0.57621,0.56046,0.54147,0.51924,0.49702,0.47275,0.44643,0.4201,0.39305,0.36527,0.3375,0.31008,0.28303,0.25597,0.23002,0.20516,0.1803,0.15692,0.13503,0.11314,0.093005,0.074618,0.056234,0.039971,0.025828,0.011686,5.5178e-05,-0.0090644,-0.018184,-0.024616,-0.028356,-0.032096,-0.03319,-0.031634,-0.030075,-0.025866,-0.019004,-0.012139,-0.0026228,0.0095426,0.021708,0.036552,0.054079,0.071614,0.091265,0.11303,0.13479,0.15699,0.17962,0.20225,0.22333,0.24288,0.26243,0.27934,0.29361,0.30788,0.31932,0.32793,0.33655,0.34285,0.34683,0.35081,0.35303,0.35347,0.35391,0.35307,0.35093,0.34879,0.34568,0.34161,0.33754,0.33299,0.32796,0.32294,0.31714,0.31057,0.304,0.29688,0.28921,0.28153,0.27467,0.26863,0.26258,0.21632,0.12981,0.021755
0,0,0,0,-0.23235,-0.23286,-0.22914,-0.2212,-0.21327,-0.20112,-0.18476,-0.1684,-0.1505,-0.13105,-0.11161,-0.092052,-0.072356,-0.052664,-0.03255,-0.012011,0.0085301,0.02951,0.05092,0.072336,0.092165,0.11039,0.12863,0.14264,0.15242,0.16221,0.16675,0.16605,0.16534,0.16059,0.1518,0.143,0.13245,0.12015,0.10785,0.095177,0.082132,0.069085,0.056583,0.044624,0.032665,0.022415,0.013875,0.005333,-0.00010517,-0.0024365,-0.0047681,-0.0026001,0.004068,0.010741,0.022214,0.038477,0.054744,0.075373,0.10035,0.12535,0.15279,0.1827,0.21261,0.24246,0.27229,0.30212,0.32958,0.35467,0.37977,0.40076,0.41765,0.43453,0.44657,0.45377,0.46097,0.46349,0.46132,0.45916,0.45388,0.44549,0.43709,0.42744,0.41652,0.40561,0.39486,0.38427,0.37369,0.3635,0.35372,0.34393,0.33453,0.32551,0.31649,0.30879,0.30242,0.29605,0.29285,0.29281,0.29277,0.29657,0.30421,0.31184,0.3216,0.33349,0.34538,0.35536,0.36343,0.3715,0.37322,0.36857,0.36391,0.34979,0.32619,0.30258,0.26852,0.22399,0.17947,0.12554,0.062226,-0.0010926,-0.070075,-0.14469,-0.2193,-0.29492,-0.37159,-0.44826,-0.52123,-0.59052,-0.65982,-0.72218,-0.77759,-0.83301,-0.88053,-0.92011,-0.95969,-0.99288,-1.0197,-1.0465,-1.0688,-1.0867,-1.1046,-1.1188,-1.1292,-1.1397,-1.1458,-1.1477,-1.1496,-1.1467,-1.1389,-1.1311,-1.1177,-1.0989,-1.08,-1.055,-1.0241,-0.99317,-0.95644,-0.91392,-0.8714,-0.82433,-0.77271,-0.72109,-0.66706,-0.61061,-0.55417,-0.49682,-0.43855,-0.38028,-0.32253,-0.26528,-0.20802,-0.15257,-0.09895,-0.045329,0.0039027,0.048737,0.093574,0.13123,0.16172,0.1922,0.21346,0.22551,0.23756,0.24049,0.23429,0.22809,0.21463,0.19391,0.17319,0.1484,0.11955,0.090713,0.060737,0.029631,-0.0014755,-0.032104,-0.062253,-0.092408,-0.12177,-0.15034,-0.17892,-0.20693,-0.23438,-0.26182,-0.2889,-0.31561,-0.34232,-0.36869,-0.39471,-0.42072,-0.44643,-0.47181,-0.49719,-0.52242,-0.54749,-0.57257,-0.59833,-0.62477,-0.65121,-0.67871,-0.70726,-0.73581,-0.75994,-0.77966,-0.79937,-0.80441,-0.79478,-0.78515,-0.7557,-0.70645,-0.6572,-0.59429,-0.51773,-0.44118,-0.37321,-0.31385,-0.25449,-0.2059,-0.16806,-0.13023,-0.11679,-0.12772,-0.13867,-0.15934,-0.18973,-0.22014,-0.14542,-0.16112,-0.17681,-0.19208,-0.20693,-0.22178,-0.45726,-0.48535,-0.51344,-0.52707,-0.52624,-0.52541,-0.52014,-0.51043,-0.50072,-0.47021,-0.41888,-0.36754,-0.31786,-0.26982,-0.22178,-0.17784,-0.138,-0.098152,-0.070309,-0.054467,-0.03863,-0.024305,-0.011489,0.0013256,0.001657,-0.010497,-0.022652,-0.044878,-0.077179,-0.10948,-0.14332,-0.17869,-0.21406,-0.24792,-0.28027,-0.31263,-0.34886,-0.38898,-0.42911,-0.46686,-0.50223,-0.5376,-0.56525,-0.58517,-0.60508,-0.6283,-0.65483,-0.68137,-0.71032,-0.74168,-0.77304,-0.79094,-0.79537,-0.79979,-0.79907,-0.79321,-0.78735,-0.7824,-0.77836,-0.77433,-0.76389,-0.74704,-0.7302,-0.70322,-0.66611,-0.629,-0.60905,-0.60628,-0.60352,-0.59529,-0.58159,-0.5679,-0.55831,-0.55284,-0.54736,-0.54391,-0.54247,-0.54104,-0.5411,-0.54266,-0.54422,-0.5476,-0.55278,-0.55797,-0.5645,-0.57236,-0.58023,-0.57768,-0.56471,-0.55174,-0.54702,-0.55055,-0.55409,-0.56001,-0.56829,-0.57657,-0.5856,-0.59537,-0.60514,-0.61526,-0.62572,-0.63618,-0.64619,-0.65575,-0.6653,-0.67343,-0.68013,-0.68682,-0.69132,-0.69363,-0.69594,-0.6968,-0.6962,-0.6956,-0.69481,-0.69384,-0.69287,-0.69168,-0.69028,-0.68888,-0.68602,-0.6817,-0.67738,-0.67029,-0.6604,-0.65053,-0.63731,-0.62075,-0.6042,-0.58458,-0.5619,-0.53923,-0.51448,-0.48765,-0.46081,-0.43328,-0.40504,-0.3768,-0.34922,-0.3223,-0.29538,-0.27016,-0.24663,-0.2231,-0.20212,-0.18369,-0.16526,-0.15006,-0.13808,-0.1261,-0.11768,-0.11282,-0.10796,-0.10652,-0.10849,-0.11046,-0.11525,-0.12287,-0.13048,-0.14012,-0.15179,-0.16346,-0.17612,-0.18979,-0.20345,-0.21686,-0.23001,-0.24316,-0.25454,-0.26417,-0.27379,-0.27995,-0.28264,-0.28533,-0.28318,-0.27618,-0.26917,-0.25672,-0.23883,-0.22093,-0.19781,-0.16948,-0.14114,-0.10856,-0.071733,-0.034909,0.0045874,0.04677,0.088951,0.1318,0.17532,0.21885,0.26082,0.30121,0.34159,0.3785,0.41191,0.44532,0.4742,0.49855,0.52289,0.54279,0.55823,0.57368,0.58555,0.59382,0.60209,0.60751,0.61009,0.61266,0.61252,0.60966,0.60681,0.60101,0.59227,0.58352,0.57158,0.55644,0.5413,0.52325,0.50229,0.48133,0.45843,0.43359,0.40875,0.38303,0.35642,0.32983,0.30328,0.27677,0.25026,0.22512,0.20134,0.17755,0.15375,0.12992,0.1061,0.084696,0.065711,0.046727,0.030019,0.015591,0.0011634,-0.010745,-0.020136,-0.029527,-0.036281,-0.040398,-0.044513,-0.045809,-0.044282,-0.042754,-0.038265,-0.030812,-0.023356,-0.013156,-0.00021121,0.012733,0.028142,0.046022,0.063903,0.08367,0.10532,0.12697,0.14898,0.17135,0.19372,0.21456,0.23388,0.2532,0.26997,0.28418,0.29839,0.30994,0.31884,0.32774,0.33447,0.33902,0.34358,0.34638,0.34743,0.34848,0.34822,0.34665,0.34509,0.34255,0.33903,0.33552,0.33144,0.3268,0.32216,0.31662,0.31016,0.30371,0.29648,0.28847,0.28046,0.27304,0.26623,0.25941,0.21336,0.12803,0
0,0,0,0,-0.25844,-0.2612,-0.25871,-0.25094,-0.24318,-0.2312,-0.21501,-0.19883,-0.18087,-0.16114,-0.14141,-0.12114,-0.10032,-0.079501,-0.058187,-0.036372,-0.01455,0.0075843,0.030023,0.052472,0.073452,0.092959,0.11247,0.12785,0.13912,0.15039,0.15621,0.15658,0.15695,0.15293,0.14452,0.13611,0.12547,0.1126,0.099723,0.085909,0.071151,0.056391,0.04149,0.026447,0.011403,-0.0024957,-0.015249,-0.028003,-0.037543,-0.04387,-0.050196,-0.051325,-0.04726,-0.043194,-0.03321,-0.017307,-0.0013985,0.019787,0.046237,0.072694,0.10236,0.13523,0.16811,0.20139,0.2351,0.26881,0.30025,0.32942,0.35859,0.38341,0.40388,0.42436,0.43938,0.44894,0.4585,0.46281,0.46185,0.46089,0.45629,0.44807,0.43984,0.4302,0.41914,0.40809,0.39714,0.38628,0.37542,0.36498,0.35495,0.34492,0.33532,0.32614,0.31696,0.30908,0.30248,0.29588,0.29202,0.29092,0.28981,0.29195,0.29733,0.30272,0.30992,0.31893,0.32794,0.33571,0.34224,0.34877,0.35066,0.34788,0.34511,0.33488,0.31718,0.29948,0.27229,0.23559,0.19889,0.15227,0.09574,0.039217,-0.024824,-0.096343,-0.16787,-0.24227,-0.31956,-0.39688,-0.47164,-0.54387,-0.61611,-0.68145,-0.73988,-0.79831,-0.84822,-0.88962,-0.93101,-0.96522,-0.99228,-1.0193,-1.0415,-1.0588,-1.0761,-1.0896,-1.0993,-1.109,-1.1146,-1.1161,-1.1177,-1.1146,-1.107,-1.0993,-1.0865,-1.0684,-1.0503,-1.0266,-0.99707,-0.96758,-0.93244,-0.89166,-0.85088,-0.80553,-0.7556,-0.70566,-0.65294,-0.59745,-0.54196,-0.48534,-0.42759,-0.36985,-0.31246,-0.25542,-0.19837,-0.1433,-0.090204,-0.037115,0.011536,0.05574,0.099941,0.13695,0.16679,0.19663,0.21754,0.22954,0.24154,0.2447,0.23902,0.23334,0.22066,0.20098,0.18129,0.15749,0.12958,0.10168,0.072296,0.041427,0.01056,-0.020296,-0.051147,-0.082,-0.11245,-0.1425,-0.17255,-0.20249,-0.23231,-0.26213,-0.29186,-0.32152,-0.35117,-0.38008,-0.40823,-0.43637,-0.46316,-0.4886,-0.51403,-0.53821,-0.56114,-0.58408,-0.60701,-0.62995,-0.65288,-0.67657,-0.70103,-0.72549,-0.74569,-0.76163,-0.77757,-0.77975,-0.76818,-0.75661,-0.72533,-0.67434,-0.62336,-0.56255,-0.49192,-0.42129,-0.35492,-0.2928,-0.23068,-0.17868,-0.13683,-0.094974,-0.074644,-0.075835,-0.077029,-0.090629,-0.076593,-0.090704,0,0,0,0,0,0,-0.22161,-0.46186,-0.49455,-0.51551,-0.52472,-0.53393,-0.5371,-0.53422,-0.53134,-0.50613,-0.45858,-0.41104,-0.36029,-0.30632,-0.25236,-0.20494,-0.16405,-0.12317,-0.092534,-0.072154,-0.051779,-0.035926,-0.024597,-0.01327,-0.013097,-0.024082,-0.035069,-0.057438,-0.091192,-0.12495,-0.15769,-0.18941,-0.22112,-0.25576,-0.29332,-0.33088,-0.36606,-0.39885,-0.43164,-0.46519,-0.4995,-0.53381,-0.5631,-0.58735,-0.61159,-0.63617,-0.66109,-0.68601,-0.71389,-0.74471,-0.77554,-0.79319,-0.79767,-0.80214,-0.80154,-0.79587,-0.79019,-0.78596,-0.78317,-0.78038,-0.77129,-0.75588,-0.74048,-0.71436,-0.6775,-0.64064,-0.6209,-0.61827,-0.61564,-0.60735,-0.5934,-0.57946,-0.57005,-0.56517,-0.5603,-0.55764,-0.55721,-0.55677,-0.5577,-0.55999,-0.56227,-0.56603,-0.57127,-0.5765,-0.58302,-0.59084,-0.59865,-0.60044,-0.59621,-0.59197,-0.58702,-0.58135,-0.57568,-0.57735,-0.58636,-0.59537,-0.60543,-0.61654,-0.62765,-0.63929,-0.65146,-0.66362,-0.67511,-0.68592,-0.69673,-0.70566,-0.71268,-0.71971,-0.72421,-0.72619,-0.72817,-0.72848,-0.72713,-0.72577,-0.72411,-0.72215,-0.72019,-0.71807,-0.71579,-0.71352,-0.70994,-0.70505,-0.70016,-0.6926,-0.68236,-0.67212,-0.65848,-0.64145,-0.62441,-0.60412,-0.58058,-0.55704,-0.53118,-0.50301,-0.47484,-0.44584,-0.41603,-0.38622,-0.35709,-0.32863,-0.30018,-0.27351,-0.24862,-0.22375,-0.20151,-0.18192,-0.16234,-0.14606,-0.1331,-0.12014,-0.11078,-0.10503,-0.099275,-0.096954,-0.098065,-0.099179,-0.1032,-0.11012,-0.11705,-0.12614,-0.13738,-0.14863,-0.16096,-0.17438,-0.18781,-0.20095,-0.21382,-0.22668,-0.23773,-0.24697,-0.2562,-0.26205,-0.2645,-0.26695,-0.26474,-0.25787,-0.251,-0.2389,-0.22157,-0.20423,-0.18189,-0.15453,-0.12718,-0.095812,-0.060436,-0.025062,0.012767,0.053044,0.093319,0.13412,0.17543,0.21675,0.25651,0.29474,0.33295,0.3679,0.3996,0.4313,0.45884,0.48223,0.50562,0.5249,0.54006,0.55522,0.56689,0.57506,0.58323,0.58847,0.59079,0.59311,0.59273,0.58965,0.58657,0.58076,0.57221,0.56366,0.55221,0.53788,0.52355,0.50653,0.48683,0.46713,0.44549,0.42192,0.39835,0.37374,0.34808,0.32243,0.29658,0.27053,0.24449,0.22083,0.19954,0.17825,0.15432,0.12776,0.10119,0.078252,0.058923,0.039594,0.022507,0.0076626,-0.0071779,-0.019578,-0.029538,-0.039498,-0.046838,-0.051558,-0.056276,-0.058007,-0.056751,-0.055495,-0.051051,-0.043421,-0.035791,-0.025279,-0.011882,0.0015159,0.017311,0.035497,0.053679,0.073538,0.095072,0.11661,0.13839,0.16043,0.18247,0.20305,0.22219,0.24132,0.25801,0.27225,0.2865,0.29829,0.30764,0.31699,0.3243,0.32958,0.33486,0.33846,0.34036,0.34226,0.34277,0.34187,0.34097,0.33902,0.33601,0.333,0.32915,0.32447,0.31978,0.31421,0.30773,0.30126,0.29372,0.28513,0.27654,0.26878,0.26187,0.25495,0.20959,0.12576,0.020777
0,0,0,0,-0.28453,-0.28955,-0.28827,-0.28068,-0.27309,-0.26128,-0.24526,-0.22925,-0.21124,-0.19122,-0.17121,-0.15023,-0.12828,-0.10633,-0.083811,-0.060722,-0.037628,-0.014341,0.009129,0.032607,0.054739,0.075524,0.096311,0.11308,0.12583,0.13857,0.14567,0.14711,0.14855,0.14526,0.13724,0.12922,0.11849,0.10505,0.0916,0.076644,0.060173,0.0437,0.0264,0.0082727,-0.0098565,-0.027402,-0.044367,-0.061333,-0.074977,-0.085298,-0.095619,-0.10005,-0.09859,-0.097124,-0.088619,-0.073081,-0.057535,-0.035803,-0.0078786,0.02004,0.051911,0.08776,0.1236,0.16031,0.1979,0.23549,0.27092,0.30416,0.3374,0.36605,0.39011,0.41417,0.43217,0.4441,0.45603,0.46212,0.46237,0.46261,0.45871,0.45065,0.44258,0.43296,0.42177,0.41058,0.39942,0.38829,0.37716,0.36646,0.35619,0.34591,0.33611,0.32677,0.31744,0.30936,0.30253,0.2957,0.2912,0.28903,0.28685,0.28733,0.29046,0.2936,0.29823,0.30437,0.3105,0.31607,0.32105,0.32605,0.3281,0.3272,0.32631,0.31997,0.30817,0.29638,0.27605,0.24717,0.2183,0.17899,0.12926,0.079522,0.020421,-0.048015,-0.11645,-0.18962,-0.26755,-0.3455,-0.42206,-0.49722,-0.5724,-0.64072,-0.70216,-0.76361,-0.81593,-0.85911,-0.90231,-0.93756,-0.96489,-0.99221,-1.0142,-1.0309,-1.0477,-1.0605,-1.0694,-1.0783,-1.0833,-1.0845,-1.0857,-1.0826,-1.0751,-1.0676,-1.0552,-1.038,-1.0207,-0.99809,-0.97004,-0.94199,-0.90844,-0.8694,-0.83036,-0.78672,-0.73848,-0.69023,-0.63884,-0.58429,-0.52973,-0.47385,-0.41663,-0.35941,-0.30239,-0.24555,-0.18872,-0.13403,-0.081462,-0.028899,0.019165,0.062734,0.1063,0.14267,0.17186,0.20105,0.22162,0.23356,0.24551,0.24891,0.24376,0.2386,0.2267,0.20804,0.18939,0.16658,0.13961,0.11265,0.083851,0.053225,0.022593,-0.0084907,-0.040039,-0.071585,-0.10312,-0.13465,-0.16619,-0.19806,-0.23025,-0.26243,-0.29483,-0.32743,-0.36003,-0.39147,-0.42175,-0.45202,-0.4799,-0.50538,-0.53086,-0.554,-0.57479,-0.59559,-0.6157,-0.63512,-0.65455,-0.67444,-0.69481,-0.71517,-0.73144,-0.74361,-0.75577,-0.7551,-0.74159,-0.72808,-0.69497,-0.64225,-0.58953,-0.53082,-0.46612,-0.40142,-0.33663,-0.27175,-0.20687,-0.15148,-0.1056,-0.059728,-0.032515,-0.02396,-0.01541,-0.021947,0,0,0,0,0,0,0,0,0,-0.43838,-0.47568,-0.50395,-0.5232,-0.54245,-0.55404,-0.55799,-0.56194,-0.54204,-0.49828,-0.45453,-0.40271,-0.34282,-0.28293,-0.23203,-0.1901,-0.14818,-0.11476,-0.089841,-0.064933,-0.047552,-0.037703,-0.027861,-0.027847,-0.037663,-0.047481,-0.069994,-0.1052,-0.14042,-0.17206,-0.20013,-0.22819,-0.2636,-0.30636,-0.34913,-0.38325,-0.40871,-0.43418,-0.46354,-0.49678,-0.53003,-0.56095,-0.58953,-0.61811,-0.64405,-0.66736,-0.69066,-0.71745,-0.74774,-0.77803,-0.79544,-0.79997,-0.80449,-0.80402,-0.79853,-0.79304,-0.78952,-0.78797,-0.78643,-0.77867,-0.76472,-0.75077,-0.72549,-0.6889,-0.6523,-0.63275,-0.63025,-0.62775,-0.61941,-0.60521,-0.59102,-0.58178,-0.57751,-0.57323,-0.57138,-0.57194,-0.57251,-0.5743,-0.57731,-0.58032,-0.58447,-0.58975,-0.59503,-0.60155,-0.60931,-0.61708,-0.62321,-0.6277,-0.6322,-0.62701,-0.61214,-0.59727,-0.5947,-0.60443,-0.61417,-0.62526,-0.63771,-0.65016,-0.66332,-0.67719,-0.69106,-0.70403,-0.71609,-0.72816,-0.73788,-0.74523,-0.75259,-0.7571,-0.75875,-0.7604,-0.76017,-0.75806,-0.75594,-0.75341,-0.75045,-0.7475,-0.74445,-0.7413,-0.73816,-0.73386,-0.7284,-0.72293,-0.71491,-0.70431,-0.69371,-0.67965,-0.66214,-0.64463,-0.62367,-0.59926,-0.57485,-0.54788,-0.51837,-0.48886,-0.45841,-0.42702,-0.39564,-0.36495,-0.33496,-0.30497,-0.27686,-0.25062,-0.22439,-0.2009,-0.18016,-0.15941,-0.14207,-0.12812,-0.11417,-0.10387,-0.097228,-0.090585,-0.08739,-0.087644,-0.087901,-0.091146,-0.097382,-0.10362,-0.11215,-0.12297,-0.13379,-0.14579,-0.15898,-0.17216,-0.18504,-0.19762,-0.2102,-0.22091,-0.22976,-0.23862,-0.24415,-0.24636,-0.24857,-0.24631,-0.23957,-0.23284,-0.22108,-0.2043,-0.18753,-0.16596,-0.13958,-0.11321,-0.083057,-0.049137,-0.015213,0.020939,0.059315,0.097688,0.13643,0.17554,0.21465,0.25222,0.28826,0.3243,0.3573,0.38729,0.41727,0.44349,0.46592,0.48836,0.50701,0.52188,0.53675,0.54822,0.55629,0.56436,0.56943,0.57149,0.57356,0.57294,0.56964,0.56634,0.56051,0.55215,0.54379,0.53285,0.51933,0.5058,0.48981,0.47137,0.45293,0.43256,0.41026,0.38795,0.36445,0.33973,0.31503,0.28988,0.2643,0.23873,0.21653,0.19773,0.17894,0.15489,0.1256,0.096299,0.071814,0.052135,0.03246,0.014995,-0.00026225,-0.015517,-0.028408,-0.038937,-0.049468,-0.057395,-0.062717,-0.068038,-0.070206,-0.069221,-0.068234,-0.063838,-0.056033,-0.048229,-0.037402,-0.02355,-0.0096983,0.0064741,0.024964,0.043453,0.063405,0.084822,0.10624,0.1278,0.14951,0.17122,0.19154,0.21049,0.22944,0.24605,0.26033,0.27461,0.28664,0.29643,0.30623,0.31413,0.32014,0.32615,0.33053,0.33329,0.33605,0.33731,0.33708,0.33685,0.33549,0.33298,0.33047,0.32686,0.32213,0.31741,0.31179,0.3053,0.2988,0.29096,0.28179,0.27261,0.26452,0.2575,0.25049,0.20582,0.1235,0.041183
0,0,0,0,-0.31161,-0.31673,-0.31559,-0.30819,-0.3008,-0.28923,-0.2735,-0.25777,-0.23971,-0.21932,-0.19894,-0.1771,-0.1538,-0.1305,-0.1064,-0.081518,-0.056634,-0.031719,-0.0067842,0.018153,0.041521,0.063311,0.085107,0.10284,0.11652,0.1302,0.13824,0.14066,0.14308,0.14062,0.13329,0.12596,0.11546,0.10179,0.088114,0.072318,0.054396,0.036474,0.017071,-0.0038121,-0.024694,-0.045535,-0.066338,-0.087141,-0.10481,-0.11934,-0.13387,-0.14217,-0.14421,-0.14625,-0.14038,-0.12659,-0.1128,-0.091762,-0.063487,-0.035224,-0.0020197,0.036143,0.074287,0.11401,0.15531,0.19661,0.23602,0.2735,0.31099,0.34372,0.37168,0.39964,0.42106,0.43594,0.45082,0.4593,0.46136,0.46342,0.4608,0.4535,0.4462,0.43698,0.42583,0.41468,0.40338,0.39193,0.38048,0.36946,0.35887,0.34828,0.33825,0.32879,0.31932,0.31104,0.30394,0.29685,0.29167,0.2884,0.28513,0.28396,0.28489,0.28582,0.28803,0.2915,0.29497,0.2984,0.30179,0.30518,0.30692,0.30702,0.30712,0.30331,0.2956,0.28789,0.27271,0.25006,0.22742,0.19439,0.15098,0.10757,0.053733,-0.010507,-0.074737,-0.14518,-0.22187,-0.29856,-0.37497,-0.4511,-0.52724,-0.59694,-0.6602,-0.72345,-0.77752,-0.82238,-0.86724,-0.90382,-0.93213,-0.96043,-0.983,-0.99988,-1.0167,-1.0294,-1.0379,-1.0464,-1.051,-1.0518,-1.0525,-1.049,-1.0413,-1.0336,-1.0212,-1.0043,-0.98733,-0.96525,-0.93805,-0.91085,-0.87841,-0.84072,-0.80302,-0.76083,-0.71413,-0.66743,-0.61746,-0.56423,-0.51099,-0.45626,-0.40003,-0.34381,-0.28769,-0.23167,-0.17566,-0.12184,-0.070186,-0.018539,0.028575,0.071157,0.11374,0.14924,0.17766,0.20608,0.22617,0.23793,0.2497,0.25327,0.24864,0.24401,0.2329,0.2153,0.19771,0.17595,0.15002,0.12408,0.095948,0.065628,0.035299,0.0039441,-0.028438,-0.060816,-0.093766,-0.1273,-0.16084,-0.19512,-0.23013,-0.26514,-0.30039,-0.33587,-0.37135,-0.40514,-0.43724,-0.46934,-0.4981,-0.52354,-0.54898,-0.5712,-0.5902,-0.6092,-0.62695,-0.64345,-0.65994,-0.67648,-0.69304,-0.70961,-0.72201,-0.73024,-0.73847,-0.73496,-0.71972,-0.70448,-0.67077,-0.6186,-0.56642,-0.51058,-0.45108,-0.39157,-0.32921,-0.264,-0.1988,-0.14161,-0.092446,-0.043291,-0.0099727,0.0075129,0.024993,0.025533,0,0,0,0,0,0,0,0,0,-0.40742,-0.45461,-0.49078,-0.51594,-0.54111,-0.55731,-0.56454,-0.57178,-0.55695,-0.52006,-0.48316,-0.43407,-0.37277,-0.31147,-0.25868,-0.21438,-0.17009,-0.13389,-0.10576,-0.077648,-0.058025,-0.046896,-0.035774,-0.035049,-0.044719,-0.054393,-0.076983,-0.11249,-0.148,-0.17933,-0.20648,-0.23363,-0.26914,-0.31303,-0.35693,-0.39253,-0.41985,-0.44716,-0.47688,-0.50902,-0.54116,-0.57233,-0.60253,-0.63273,-0.65728,-0.67618,-0.69508,-0.71814,-0.74534,-0.77255,-0.7901,-0.79801,-0.80591,-0.80733,-0.80228,-0.79723,-0.79295,-0.78945,-0.78595,-0.77796,-0.76549,-0.75302,-0.73039,-0.69758,-0.66478,-0.64707,-0.64445,-0.64185,-0.63316,-0.61839,-0.60361,-0.59425,-0.59029,-0.58634,-0.58509,-0.58654,-0.58799,-0.59058,-0.59431,-0.59803,-0.60265,-0.60816,-0.61367,-0.62032,-0.62811,-0.63591,-0.6443,-0.65329,-0.66227,-0.65952,-0.64503,-0.63054,-0.6259,-0.63112,-0.63634,-0.64561,-0.65895,-0.67228,-0.68648,-0.70154,-0.71661,-0.73069,-0.74379,-0.75688,-0.76732,-0.7751,-0.78288,-0.78753,-0.78907,-0.7906,-0.78998,-0.78723,-0.78447,-0.7811,-0.77713,-0.77317,-0.76913,-0.76503,-0.76092,-0.75581,-0.74968,-0.74355,-0.73495,-0.72386,-0.71277,-0.69819,-0.68013,-0.66207,-0.64042,-0.6152,-0.58997,-0.56205,-0.53141,-0.50079,-0.46914,-0.43645,-0.40376,-0.37175,-0.34041,-0.30907,-0.27965,-0.25217,-0.22468,-0.20002,-0.1782,-0.15637,-0.13801,-0.12311,-0.10821,-0.097003,-0.089482,-0.081962,-0.077914,-0.07734,-0.076768,-0.079243,-0.084765,-0.090287,-0.098183,-0.10845,-0.11872,-0.13021,-0.14293,-0.15565,-0.16807,-0.18019,-0.19232,-0.20259,-0.21101,-0.21944,-0.22465,-0.22666,-0.22865,-0.22635,-0.21976,-0.21316,-0.20175,-0.18551,-0.16927,-0.14845,-0.12306,-0.097657,-0.06871,-0.036221,-0.0037305,0.030754,0.06724,0.10373,0.14043,0.17737,0.2143,0.24972,0.28364,0.31756,0.34867,0.37697,0.40527,0.43012,0.45152,0.47292,0.49083,0.50524,0.51964,0.53078,0.53865,0.54652,0.55142,0.55332,0.55524,0.55452,0.55119,0.54785,0.54215,0.53407,0.526,0.51555,0.50273,0.48991,0.47479,0.45738,0.43998,0.42066,0.39944,0.37821,0.35566,0.3318,0.30793,0.28346,0.25839,0.23333,0.21149,0.19289,0.17429,0.15034,0.12103,0.091717,0.067103,0.047188,0.027279,0.0094561,-0.0062811,-0.022019,-0.035473,-0.046641,-0.05781,-0.066352,-0.072265,-0.078177,-0.080835,-0.080235,-0.079633,-0.075511,-0.067864,-0.060217,-0.049458,-0.035584,-0.02171,-0.0055357,0.012948,0.031434,0.051249,0.072403,0.093556,0.1148,0.13613,0.15746,0.17752,0.19631,0.2151,0.23175,0.24625,0.26075,0.2732,0.28359,0.29398,0.30261,0.30946,0.31631,0.32156,0.32521,0.32885,0.33092,0.33139,0.33187,0.33101,0.32882,0.32662,0.32311,0.31829,0.31347,0.30771,0.30102,0.29433,0.28644,0.27734,0.26825,0.26029,0.25348,0.24666,0.20272,0.12165,0.040571
0,0,0,0,-0.33967,-0.34273,-0.34066,-0.33348,-0.3263,-0.31505,-0.29971,-0.28439,-0.2663,-0.24546,-0.22461,-0.20176,-0.17689,-0.15201,-0.12597,-0.098766,-0.071563,-0.044551,-0.017724,0.0091057,0.03379,0.056317,0.07885,0.097148,0.1112,0.12526,0.13394,0.13722,0.14051,0.13899,0.13265,0.12631,0.11637,0.10281,0.08926,0.072929,0.053817,0.034708,0.013501,-0.0098074,-0.033115,-0.056902,-0.081169,-0.10543,-0.12705,-0.14601,-0.16497,-0.17768,-0.18413,-0.19059,-0.18849,-0.17784,-0.16718,-0.1481,-0.12059,-0.093096,-0.059437,-0.019634,0.020158,0.062489,0.10733,0.15216,0.19554,0.23743,0.27935,0.3164,0.34857,0.38075,0.40605,0.42446,0.44287,0.45433,0.45882,0.46331,0.46259,0.45664,0.4507,0.44225,0.43131,0.42037,0.409,0.3972,0.38539,0.374,0.36302,0.35203,0.34175,0.33218,0.3226,0.31411,0.30671,0.29931,0.29342,0.28904,0.28466,0.28185,0.28063,0.2794,0.2793,0.28032,0.28135,0.28273,0.28445,0.28617,0.28714,0.28734,0.28754,0.28491,0.27946,0.27401,0.26228,0.24426,0.22625,0.19847,0.16092,0.12338,0.075126,0.016194,-0.042728,-0.10896,-0.18252,-0.25607,-0.3304,-0.40549,-0.4806,-0.55009,-0.61397,-0.67785,-0.733,-0.7794,-0.8258,-0.864,-0.89401,-0.924,-0.94787,-0.96564,-0.9834,-0.99651,-1.005,-1.0134,-1.0177,-1.0178,-1.0179,-1.0139,-1.0056,-0.9973,-0.98455,-0.96733,-0.95011,-0.92804,-0.90111,-0.87419,-0.84235,-0.80561,-0.76886,-0.72784,-0.68255,-0.63725,-0.58882,-0.53727,-0.48571,-0.43255,-0.37779,-0.32304,-0.26837,-0.21378,-0.15919,-0.10672,-0.056372,-0.0060356,0.039762,0.081014,0.12226,0.15665,0.18418,0.21171,0.2312,0.24265,0.2541,0.25777,0.25366,0.24956,0.23926,0.22275,0.20625,0.18559,0.16079,0.13598,0.10859,0.07864,0.048678,0.017018,-0.016343,-0.049703,-0.084398,-0.12045,-0.15649,-0.19366,-0.23195,-0.27024,-0.30854,-0.34683,-0.38513,-0.42109,-0.4547,-0.48831,-0.51777,-0.54307,-0.56837,-0.5898,-0.60735,-0.62491,-0.64076,-0.65491,-0.66907,-0.68267,-0.69574,-0.7088,-0.7174,-0.72153,-0.72566,-0.71934,-0.70257,-0.6858,-0.65274,-0.60339,-0.55404,-0.50183,-0.44679,-0.39174,-0.33266,-0.26956,-0.20647,-0.14907,-0.097367,-0.045669,-0.0070113,0.018595,0.044196,0.051836,0,0,0,0,0,0,0,0,0,-0.369,-0.43133,-0.47597,-0.50294,-0.52991,-0.54689,-0.55388,-0.56087,-0.55088,-0.52392,-0.49695,-0.45437,-0.39617,-0.33797,-0.28488,-0.23689,-0.18892,-0.14993,-0.11993,-0.089933,-0.067348,-0.052177,-0.037012,-0.034704,-0.045254,-0.055807,-0.078407,-0.11305,-0.1477,-0.17951,-0.20848,-0.23745,-0.2724,-0.31334,-0.35429,-0.39393,-0.43225,-0.47057,-0.50523,-0.53622,-0.56721,-0.59725,-0.62635,-0.65545,-0.67586,-0.68757,-0.69929,-0.71594,-0.73752,-0.7591,-0.77719,-0.79179,-0.80639,-0.8115,-0.80714,-0.80277,-0.79626,-0.78761,-0.77896,-0.76916,-0.75821,-0.74726,-0.72905,-0.70356,-0.67807,-0.66384,-0.66088,-0.65792,-0.64861,-0.63293,-0.61724,-0.60744,-0.60354,-0.59963,-0.59878,-0.601,-0.60322,-0.60655,-0.61098,-0.61541,-0.62058,-0.62649,-0.6324,-0.63931,-0.64724,-0.65516,-0.66374,-0.67297,-0.6822,-0.68455,-0.68002,-0.67549,-0.67096,-0.66642,-0.66188,-0.66649,-0.68024,-0.694,-0.70876,-0.72452,-0.74028,-0.7551,-0.769,-0.7829,-0.79399,-0.80228,-0.81057,-0.81553,-0.81715,-0.81876,-0.81792,-0.81464,-0.81135,-0.80721,-0.8022,-0.79718,-0.79211,-0.78696,-0.78182,-0.7758,-0.76892,-0.76202,-0.75272,-0.74102,-0.72931,-0.7141,-0.69541,-0.67673,-0.65438,-0.6284,-0.60241,-0.57365,-0.54214,-0.51062,-0.47801,-0.4443,-0.41058,-0.37748,-0.34498,-0.31248,-0.2819,-0.25327,-0.22463,-0.19889,-0.17605,-0.15322,-0.13389,-0.11808,-0.10227,-0.09017,-0.081787,-0.073405,-0.068527,-0.067152,-0.065779,-0.067486,-0.072272,-0.077056,-0.084241,-0.093824,-0.1034,-0.11421,-0.12626,-0.1383,-0.15006,-0.16155,-0.17303,-0.18276,-0.19072,-0.19867,-0.20356,-0.20538,-0.20719,-0.20488,-0.19843,-0.19198,-0.1809,-0.16518,-0.14946,-0.12938,-0.10495,-0.080523,-0.052771,-0.021701,0.0093677,0.042208,0.076819,0.11143,0.14613,0.18091,0.2157,0.24902,0.28089,0.31275,0.342,0.36865,0.39529,0.41876,0.43904,0.45932,0.47635,0.49012,0.50389,0.51457,0.52214,0.52972,0.53444,0.53629,0.53813,0.53747,0.53429,0.53111,0.52567,0.51797,0.51027,0.50031,0.48809,0.47587,0.46146,0.44487,0.42828,0.40981,0.38946,0.36911,0.34738,0.32426,0.30114,0.27733,0.25282,0.2283,0.2057,0.18501,0.16432,0.14067,0.11406,0.087451,0.064124,0.044083,0.024047,0.0058882,-0.010399,-0.026686,-0.040769,-0.052647,-0.064524,-0.07371,-0.080203,-0.086696,-0.089895,-0.089796,-0.089695,-0.086067,-0.078913,-0.071757,-0.061448,-0.047986,-0.034522,-0.018712,-0.00054941,0.017614,0.037066,0.057814,0.078559,0.099388,0.1203,0.14121,0.161,0.17966,0.19831,0.21511,0.23003,0.24495,0.25798,0.26912,0.28026,0.28974,0.29755,0.30535,0.31154,0.31611,0.32069,0.32358,0.3248,0.32602,0.32559,0.32352,0.32145,0.31792,0.31295,0.30798,0.30196,0.29491,0.28786,0.28016,0.27179,0.26343,0.25609,0.24978,0.24347,0.20028,0.12019,0.040095
0,0,0,0,-0.36774,-0.36873,-0.36574,-0.35878,-0.35181,-0.34086,-0.32593,-0.31101,-0.2929,-0.27159,-0.25029,-0.22641,-0.19997,-0.17352,-0.14554,-0.11602,-0.086494,-0.057376,-0.02866,6.1219e-05,0.026058,0.049326,0.072598,0.091453,0.10589,0.12033,0.12963,0.13379,0.13795,0.13736,0.13202,0.12668,0.11729,0.10385,0.090407,0.073542,0.053247,0.032944,0.0099328,-0.015798,-0.041534,-0.068266,-0.095991,-0.12372,-0.14928,-0.17267,-0.19605,-0.21318,-0.22405,-0.23492,-0.23659,-0.22908,-0.22156,-0.20443,-0.1777,-0.15096,-0.11686,-0.075419,-0.03397,0.010954,0.059324,0.10768,0.15503,0.20136,0.24771,0.28907,0.32546,0.36186,0.39103,0.41297,0.43492,0.44936,0.45628,0.4632,0.46437,0.45978,0.45519,0.44753,0.4368,0.42607,0.41462,0.40246,0.3903,0.37853,0.36716,0.35578,0.34525,0.33557,0.32588,0.31719,0.30949,0.30178,0.29518,0.28968,0.28418,0.27974,0.27636,0.27298,0.27057,0.26915,0.26773,0.26705,0.26711,0.26717,0.26735,0.26765,0.26795,0.26651,0.26332,0.26013,0.25185,0.23846,0.22508,0.20255,0.17087,0.13919,0.09652,0.042895,-0.010732,-0.072762,-0.14318,-0.21359,-0.28583,-0.35989,-0.43394,-0.50323,-0.56774,-0.63226,-0.68848,-0.73642,-0.78436,-0.82418,-0.85588,-0.88758,-0.91275,-0.9314,-0.95005,-0.96358,-0.97199,-0.98039,-0.98436,-0.98388,-0.9834,-0.97873,-0.96988,-0.96103,-0.94786,-0.93038,-0.9129,-0.89083,-0.86418,-0.83752,-0.8063,-0.7705,-0.7347,-0.69485,-0.65096,-0.60706,-0.56017,-0.51029,-0.46042,-0.40884,-0.35556,-0.30227,-0.24905,-0.19588,-0.14271,-0.091601,-0.042561,0.0064711,0.050946,0.090868,0.13079,0.16406,0.1907,0.21735,0.23623,0.24736,0.25849,0.26227,0.25869,0.25511,0.24562,0.23021,0.21479,0.19524,0.17156,0.14788,0.12124,0.091653,0.062053,0.030093,-0.0042454,-0.038592,-0.075036,-0.11359,-0.15215,-0.19221,-0.23377,-0.27535,-0.31669,-0.3578,-0.39891,-0.43703,-0.47216,-0.50729,-0.53744,-0.5626,-0.58777,-0.6084,-0.62451,-0.64062,-0.65458,-0.66639,-0.67819,-0.68888,-0.69844,-0.708,-0.71279,-0.71283,-0.71286,-0.70373,-0.68543,-0.66713,-0.63472,-0.58819,-0.54167,-0.4931,-0.4425,-0.39191,-0.33612,-0.27514,-0.21416,-0.15654,-0.1023,-0.04805,-0.0040584,0.029668,0.063386,0.07812,0.04502,0,0,0,0,-0.018359,0,0,0,-0.33058,-0.40804,-0.46115,-0.48993,-0.5187,-0.53645,-0.5432,-0.54994,-0.5448,-0.52777,-0.51073,-0.47467,-0.41956,-0.36446,-0.31107,-0.2594,-0.20774,-0.16596,-0.13409,-0.10222,-0.07667,-0.057455,-0.038247,-0.034354,-0.045781,-0.057213,-0.07982,-0.11361,-0.1474,-0.17968,-0.21047,-0.24125,-0.27565,-0.31365,-0.35165,-0.39532,-0.44465,-0.49399,-0.53358,-0.56342,-0.59326,-0.62217,-0.65017,-0.67817,-0.69443,-0.69897,-0.7035,-0.71375,-0.72971,-0.74567,-0.76429,-0.78557,-0.80686,-0.81566,-0.81198,-0.8083,-0.79957,-0.78577,-0.77197,-0.76035,-0.75093,-0.7415,-0.72771,-0.70954,-0.69137,-0.68062,-0.67731,-0.674,-0.66405,-0.64746,-0.63087,-0.62064,-0.61678,-0.61291,-0.61247,-0.61546,-0.61845,-0.62251,-0.62764,-0.63278,-0.6385,-0.64482,-0.65113,-0.65831,-0.66636,-0.67441,-0.68317,-0.69265,-0.70212,-0.70957,-0.715,-0.72043,-0.716,-0.70172,-0.68743,-0.68737,-0.70155,-0.71573,-0.73105,-0.74749,-0.76394,-0.77951,-0.79421,-0.80891,-0.82066,-0.82946,-0.83827,-0.84352,-0.84522,-0.84692,-0.84586,-0.84205,-0.83824,-0.83331,-0.82725,-0.8212,-0.81508,-0.8089,-0.80272,-0.79579,-0.78814,-0.78049,-0.77049,-0.75817,-0.74584,-0.73001,-0.7107,-0.69138,-0.66834,-0.64159,-0.61484,-0.58527,-0.55286,-0.52045,-0.48689,-0.45215,-0.41741,-0.38321,-0.34954,-0.31588,-0.28416,-0.25437,-0.22458,-0.19777,-0.17392,-0.15006,-0.12977,-0.11305,-0.096323,-0.083337,-0.074092,-0.064849,-0.059139,-0.056965,-0.054791,-0.055727,-0.059776,-0.063823,-0.070293,-0.079189,-0.088088,-0.098221,-0.10958,-0.12095,-0.13206,-0.1429,-0.15375,-0.16292,-0.17041,-0.1779,-0.18246,-0.1841,-0.18574,-0.18341,-0.17711,-0.17081,-0.16005,-0.14485,-0.12964,-0.11031,-0.086847,-0.063388,-0.036833,-0.0071847,0.022465,0.05366,0.086399,0.11914,0.15183,0.18446,0.2171,0.24833,0.27813,0.30794,0.33534,0.36032,0.38532,0.4074,0.42656,0.44572,0.46187,0.475,0.48813,0.49835,0.50563,0.51292,0.51745,0.51925,0.52103,0.52042,0.51739,0.51437,0.5092,0.50187,0.49454,0.48506,0.47345,0.46183,0.44813,0.43235,0.41658,0.39896,0.37949,0.36002,0.3391,0.31673,0.29436,0.2712,0.24724,0.22328,0.19991,0.17713,0.15435,0.131,0.1071,0.083188,0.061149,0.040983,0.020818,0.0023176,-0.014517,-0.031352,-0.046064,-0.058651,-0.071238,-0.081068,-0.088142,-0.095214,-0.098953,-0.099355,-0.099756,-0.096624,-0.08996,-0.083299,-0.073443,-0.060389,-0.047338,-0.031892,-0.01405,0.0037913,0.022884,0.043225,0.063564,0.083975,0.10447,0.12496,0.14447,0.16299,0.18152,0.19846,0.2138,0.22914,0.24275,0.25464,0.26654,0.27686,0.28563,0.29439,0.30152,0.30702,0.31252,0.31625,0.31821,0.32017,0.32017,0.31822,0.31627,0.31273,0.30761,0.30248,0.29622,0.28881,0.28139,0.27387,0.26624,0.25861,0.25189,0.24608,0.24028,0.19783,0.11873,0.039595
0,0,0,0,-0.39883,-0.39843,-0.39444,-0.38685,-0.37926,-0.3679,-0.35278,-0.33766,-0.31896,-0.29667,-0.27437,-0.24902,-0.22062,-0.19222,-0.16206,-0.13016,-0.098251,-0.06695,-0.036257,-0.0055582,0.021989,0.04638,0.070773,0.090501,0.10556,0.12063,0.13065,0.13561,0.14057,0.1408,0.13628,0.13177,0.1229,0.10967,0.096438,0.079281,0.058191,0.037088,0.012748,-0.014834,-0.042419,-0.071556,-0.10225,-0.13294,-0.16204,-0.18953,-0.21702,-0.23852,-0.25403,-0.26954,-0.27554,-0.27204,-0.26854,-0.2545,-0.22992,-0.20534,-0.17218,-0.13045,-0.08871,-0.042372,0.0085396,0.059443,0.11002,0.16028,0.21054,0.25598,0.29665,0.33731,0.37054,0.39635,0.42217,0.44004,0.44997,0.4599,0.46349,0.46076,0.45803,0.45161,0.4415,0.43139,0.42016,0.40782,0.39548,0.38345,0.37174,0.36003,0.34924,0.33936,0.32949,0.32055,0.31255,0.30455,0.29734,0.29094,0.28454,0.27882,0.27378,0.26874,0.26455,0.26121,0.25787,0.25553,0.25417,0.25282,0.25212,0.25206,0.25201,0.25093,0.24881,0.2467,0.24037,0.22981,0.21926,0.20031,0.17297,0.14563,0.10758,0.058811,0.010051,-0.047491,-0.11382,-0.18015,-0.2491,-0.32071,-0.39231,-0.4601,-0.52407,-0.58803,-0.64449,-0.69342,-0.74236,-0.78349,-0.8168,-0.85011,-0.87671,-0.89659,-0.91647,-0.9308,-0.93959,-0.94837,-0.95232,-0.95145,-0.95057,-0.94529,-0.93562,-0.92594,-0.91191,-0.89354,-0.87516,-0.85237,-0.82516,-0.79795,-0.76653,-0.73088,-0.69524,-0.65596,-0.61304,-0.57012,-0.52454,-0.4763,-0.42807,-0.37827,-0.32692,-0.27556,-0.22428,-0.17307,-0.12186,-0.072657,-0.025456,0.021743,0.064524,0.10289,0.14125,0.17325,0.19889,0.22453,0.24277,0.25362,0.26447,0.26836,0.26528,0.2622,0.25346,0.23906,0.22465,0.20608,0.18332,0.16057,0.13451,0.10511,0.07571,0.04327,0.0077741,-0.027731,-0.066101,-0.10734,-0.14858,-0.19169,-0.23665,-0.28162,-0.32607,-0.36998,-0.4139,-0.45421,-0.49091,-0.52761,-0.55866,-0.58404,-0.60943,-0.62973,-0.64496,-0.66019,-0.67282,-0.68286,-0.6929,-0.70096,-0.70703,-0.7131,-0.71398,-0.70968,-0.70538,-0.69222,-0.67019,-0.64817,-0.61588,-0.57334,-0.5308,-0.48646,-0.44034,-0.39423,-0.34201,-0.28369,-0.22536,-0.16924,-0.11532,-0.061396,-0.015791,0.021499,0.058786,0.077058,0.076301,0.031125,0.02547,0.014312,0.0031505,-0.030598,-0.031856,-0.051469,-0.081823,-0.27859,-0.36219,-0.41786,-0.44558,-0.47328,-0.49283,-0.50423,-0.51562,-0.51811,-0.5117,-0.50529,-0.47834,-0.43087,-0.38339,-0.3332,-0.2803,-0.22739,-0.18292,-0.1469,-0.11088,-0.081198,-0.057872,-0.03455,-0.027606,-0.037047,-0.046493,-0.067642,-0.10051,-0.13337,-0.16616,-0.19887,-0.23158,-0.26786,-0.3077,-0.34753,-0.39565,-0.45206,-0.50847,-0.55392,-0.5884,-0.62287,-0.65342,-0.68004,-0.70667,-0.71984,-0.71956,-0.71928,-0.72511,-0.73705,-0.749,-0.76465,-0.78402,-0.80338,-0.81244,-0.81119,-0.80993,-0.80134,-0.7854,-0.76946,-0.75811,-0.75135,-0.7446,-0.73446,-0.72096,-0.70745,-0.69887,-0.69522,-0.69157,-0.68087,-0.66311,-0.64536,-0.63429,-0.62991,-0.62553,-0.62499,-0.62828,-0.63158,-0.63613,-0.64194,-0.64775,-0.65414,-0.66111,-0.66807,-0.67576,-0.68416,-0.69257,-0.70167,-0.71147,-0.72127,-0.73159,-0.74243,-0.75327,-0.75185,-0.73816,-0.72447,-0.72204,-0.7309,-0.73976,-0.75244,-0.76892,-0.78542,-0.80112,-0.81605,-0.83097,-0.84305,-0.85229,-0.86153,-0.8672,-0.8693,-0.87139,-0.87049,-0.86659,-0.86268,-0.85734,-0.85057,-0.8438,-0.83681,-0.82962,-0.82243,-0.8145,-0.80582,-0.79715,-0.78617,-0.7729,-0.75962,-0.74291,-0.72278,-0.70264,-0.67885,-0.6514,-0.62396,-0.59369,-0.56061,-0.52752,-0.4932,-0.45764,-0.42208,-0.38698,-0.35231,-0.31765,-0.28494,-0.25416,-0.22339,-0.19566,-0.17097,-0.14627,-0.12517,-0.10767,-0.090162,-0.076401,-0.066382,-0.056364,-0.049876,-0.046922,-0.043968,-0.044117,-0.04737,-0.050623,-0.056297,-0.064393,-0.072491,-0.081848,-0.092459,-0.10307,-0.11349,-0.12372,-0.13394,-0.14258,-0.14964,-0.1567,-0.16095,-0.16238,-0.16382,-0.16145,-0.15527,-0.14908,-0.13865,-0.12396,-0.10927,-0.090686,-0.068214,-0.045741,-0.020415,0.0077674,0.035948,0.065482,0.096378,0.12728,0.15806,0.18871,0.21936,0.24867,0.27665,0.30462,0.33037,0.35388,0.37739,0.3982,0.41631,0.43442,0.44971,0.46219,0.47467,0.4844,0.49136,0.49832,0.50266,0.50439,0.50611,0.50553,0.50265,0.49977,0.49482,0.4878,0.48078,0.47169,0.46054,0.44939,0.43624,0.42108,0.40592,0.38896,0.3702,0.35144,0.33123,0.30957,0.2879,0.2654,0.24206,0.21871,0.19527,0.17171,0.14816,0.1252,0.1028,0.080407,0.059101,0.038884,0.018667,-7.3385e-05,-0.017329,-0.034583,-0.049808,-0.063001,-0.076195,-0.086641,-0.094339,-0.10204,-0.10643,-0.1075,-0.10858,-0.10616,-0.10025,-0.094332,-0.085217,-0.072894,-0.060574,-0.045824,-0.028644,-0.011465,0.0069958,0.026732,0.046466,0.066346,0.086378,0.10641,0.12566,0.14411,0.16257,0.1797,0.1955,0.21129,0.22555,0.23828,0.251,0.26224,0.272,0.28176,0.28987,0.29635,0.30283,0.3074,0.31008,0.31276,0.31325,0.31157,0.30988,0.30646,0.30131,0.29615,0.28986,0.28242,0.27498,0.26773,0.26065,0.25358,0.24768,0.24294,0.2382,0.19654,0.11793,0.039315
0,0,0,0,-0.43293,-0.43182,-0.42674,-0.4177,-0.40866,-0.39619,-0.38027,-0.36436,-0.3445,-0.32068,-0.29686,-0.26958,-0.23883,-0.20808,-0.17553,-0.14118,-0.10682,-0.073273,-0.040516,-0.007754,0.021577,0.047472,0.073368,0.094289,0.11023,0.12617,0.13699,0.14268,0.14837,0.14929,0.14544,0.14159,0.1332,0.12028,0.10735,0.090139,0.068637,0.047127,0.021942,-0.0069146,-0.035772,-0.06679,-0.09996,-0.13312,-0.16534,-0.1966,-0.22786,-0.25368,-0.27407,-0.29446,-0.30535,-0.30674,-0.30814,-0.29832,-0.27728,-0.25625,-0.22539,-0.18473,-0.14407,-0.097488,-0.045026,0.0074242,0.060495,0.11415,0.16782,0.21715,0.26212,0.30708,0.34458,0.3746,0.40461,0.42638,0.43989,0.4534,0.45996,0.45959,0.45921,0.45449,0.44541,0.43633,0.42562,0.41327,0.40093,0.38876,0.37676,0.36477,0.3537,0.34356,0.33343,0.32421,0.31591,0.30761,0.29992,0.29282,0.28573,0.27908,0.27288,0.26668,0.26122,0.2565,0.25178,0.24816,0.24564,0.24312,0.24142,0.24056,0.23969,0.23815,0.23593,0.23372,0.22785,0.21831,0.20878,0.19175,0.16724,0.14272,0.10829,0.063965,0.019645,-0.033153,-0.094446,-0.15574,-0.22024,-0.28795,-0.35568,-0.42069,-0.48293,-0.54519,-0.60101,-0.65039,-0.69979,-0.7419,-0.77674,-0.81159,-0.83974,-0.86119,-0.88265,-0.89817,-0.90775,-0.91733,-0.92159,-0.92052,-0.91946,-0.91355,-0.90279,-0.89203,-0.8767,-0.85679,-0.83689,-0.81265,-0.78407,-0.75548,-0.72305,-0.68677,-0.65049,-0.61117,-0.56879,-0.52641,-0.48191,-0.43528,-0.38865,-0.34085,-0.29188,-0.2429,-0.19407,-0.14536,-0.096656,-0.049886,-0.0050501,0.039783,0.080494,0.11707,0.15365,0.18421,0.20873,0.23326,0.25082,0.26142,0.27202,0.27602,0.27342,0.27081,0.26278,0.24931,0.23583,0.21809,0.19608,0.17407,0.14839,0.11903,0.089656,0.056557,0.019721,-0.017119,-0.057587,-0.10168,-0.14578,-0.19208,-0.24058,-0.28908,-0.33667,-0.38338,-0.43009,-0.4726,-0.51094,-0.54928,-0.58143,-0.60739,-0.63335,-0.65379,-0.6687,-0.68361,-0.69549,-0.70434,-0.71319,-0.71891,-0.72151,-0.7241,-0.72096,-0.71209,-0.70322,-0.68482,-0.65687,-0.62892,-0.59624,-0.55884,-0.52142,-0.48191,-0.4403,-0.39869,-0.35033,-0.29521,-0.24009,-0.18717,-0.13645,-0.08573,-0.042214,-0.0058933,0.030425,0.048668,0.048823,0.048967,0.040262,0.022704,0.0031505,-0.012238,-0.031856,-0.051469,-0.081823,-0.21306,-0.29384,-0.34612,-0.3699,-0.39368,-0.41603,-0.43696,-0.4579,-0.47082,-0.47573,-0.48063,-0.46542,-0.4301,-0.39477,-0.35126,-0.29957,-0.24788,-0.2008,-0.15836,-0.11593,-0.080947,-0.053433,-0.025924,-0.014464,-0.019057,-0.023653,-0.04188,-0.073749,-0.10563,-0.13894,-0.17368,-0.20843,-0.24904,-0.29549,-0.34194,-0.39494,-0.45449,-0.51404,-0.56627,-0.61116,-0.65605,-0.69099,-0.71598,-0.74096,-0.75208,-0.74935,-0.7466,-0.75,-0.75954,-0.76908,-0.77827,-0.78711,-0.79596,-0.80184,-0.80475,-0.80766,-0.80159,-0.78652,-0.77145,-0.76243,-0.75948,-0.75653,-0.74931,-0.73782,-0.72632,-0.71859,-0.71462,-0.71064,-0.69906,-0.67988,-0.6607,-0.64838,-0.64293,-0.63748,-0.63633,-0.63947,-0.64262,-0.64742,-0.65387,-0.66032,-0.66749,-0.67536,-0.68323,-0.69166,-0.70065,-0.70963,-0.71923,-0.72943,-0.73963,-0.75059,-0.76231,-0.77403,-0.7785,-0.77575,-0.77299,-0.7705,-0.7683,-0.76609,-0.77293,-0.78881,-0.8047,-0.81993,-0.83451,-0.84909,-0.86118,-0.87078,-0.88037,-0.88658,-0.88938,-0.89219,-0.89181,-0.88826,-0.8847,-0.87933,-0.87215,-0.86498,-0.8573,-0.84913,-0.84096,-0.83191,-0.82196,-0.812,-0.79975,-0.7852,-0.77064,-0.75279,-0.73166,-0.71053,-0.68592,-0.65783,-0.62975,-0.59894,-0.56538,-0.53181,-0.49695,-0.46077,-0.42459,-0.38877,-0.35327,-0.31777,-0.28425,-0.25266,-0.22107,-0.19259,-0.16721,-0.14184,-0.12008,-0.10193,-0.08379,-0.069365,-0.058657,-0.047951,-0.040738,-0.037023,-0.033309,-0.032652,-0.035053,-0.037455,-0.042248,-0.049431,-0.056616,-0.065103,-0.074889,-0.084671,-0.094369,-0.10398,-0.1136,-0.12174,-0.1284,-0.13506,-0.13901,-0.14022,-0.14145,-0.13901,-0.13291,-0.12681,-0.11668,-0.10251,-0.088334,-0.070515,-0.049048,-0.027581,-0.003516,0.023147,0.049807,0.077671,0.10676,0.13584,0.1648,0.19363,0.22246,0.25006,0.27643,0.30281,0.3271,0.34931,0.37152,0.39118,0.40831,0.42542,0.43989,0.4517,0.46352,0.47273,0.47933,0.48593,0.49006,0.49171,0.49336,0.4928,0.49005,0.48729,0.48253,0.47576,0.46899,0.46019,0.44938,0.43856,0.42579,0.41104,0.3963,0.37981,0.3616,0.34338,0.32378,0.30278,0.28179,0.25995,0.23727,0.2146,0.19176,0.16876,0.14576,0.12324,0.10118,0.079117,0.057987,0.037785,0.017588,-0.0012841,-0.018834,-0.03638,-0.052003,-0.0657,-0.079395,-0.090427,-0.098796,-0.10716,-0.11231,-0.11424,-0.11617,-0.11468,-0.10977,-0.10486,-0.096769,-0.085501,-0.074232,-0.060511,-0.044335,-0.02816,-0.010603,0.0083325,0.027266,0.046504,0.066039,0.085571,0.10456,0.12301,0.14145,0.15883,0.17513,0.19142,0.20639,0.22004,0.23367,0.24588,0.25666,0.26745,0.27659,0.2841,0.29161,0.29705,0.30043,0.3038,0.30484,0.30356,0.30228,0.29911,0.29405,0.28899,0.28289,0.27575,0.26862,0.26171,0.25503,0.24834,0.24345,0.24034,0.23724,0.19641,0.11786,0.039293
0,0,0,0,-0.46705,-0.46522,-0.45906,-0.44857,-0.43807,-0.42447,-0.40776,-0.39105,-0.37004,-0.3447,-0.31936,-0.29014,-0.25704,-0.22395,-0.189,-0.1522,-0.1154,-0.079586,-0.044768,-0.0099477,0.021165,0.048566,0.075968,0.098078,0.11489,0.13171,0.14333,0.14975,0.15618,0.15779,0.1546,0.15141,0.14351,0.13089,0.11826,0.101,0.079083,0.05716,0.031133,0.0010055,-0.029125,-0.062017,-0.097659,-0.1333,-0.16864,-0.20367,-0.2387,-0.26884,-0.29411,-0.31937,-0.33514,-0.34144,-0.34773,-0.34213,-0.32464,-0.30715,-0.2786,-0.23901,-0.19942,-0.1526,-0.09859,-0.044598,0.010942,0.068023,0.12511,0.1783,0.22758,0.27687,0.31862,0.35284,0.38705,0.41271,0.42981,0.4469,0.45643,0.45842,0.4604,0.45737,0.44932,0.44127,0.43107,0.41872,0.40638,0.39406,0.38178,0.36951,0.35817,0.34777,0.33736,0.32786,0.31927,0.31068,0.30249,0.2947,0.28691,0.27934,0.27198,0.26462,0.25789,0.25178,0.24568,0.24079,0.2371,0.23341,0.23073,0.22905,0.22737,0.22537,0.22306,0.22074,0.21532,0.20681,0.1983,0.1832,0.1615,0.1398,0.10901,0.069119,0.029228,-0.018831,-0.075071,-0.13132,-0.19137,-0.25521,-0.31906,-0.38126,-0.4418,-0.50235,-0.55753,-0.60737,-0.65721,-0.70032,-0.7367,-0.77308,-0.80278,-0.82579,-0.84883,-0.86554,-0.87591,-0.88629,-0.89085,-0.8896,-0.88834,-0.8818,-0.86996,-0.85812,-0.84149,-0.82005,-0.79862,-0.77293,-0.74297,-0.71301,-0.67958,-0.64266,-0.60574,-0.56637,-0.52453,-0.4827,-0.43927,-0.39425,-0.34923,-0.30343,-0.25684,-0.21025,-0.16386,-0.11765,-0.071444,-0.027108,0.015363,0.057832,0.096467,0.13126,0.16606,0.19517,0.21858,0.242,0.25888,0.26923,0.27957,0.28368,0.28155,0.27943,0.27209,0.25955,0.24701,0.2301,0.20884,0.18756,0.16227,0.13294,0.10359,0.069838,0.031664,-0.0065093,-0.049071,-0.096035,-0.14299,-0.19247,-0.2445,-0.29652,-0.34728,-0.39678,-0.44627,-0.491,-0.53097,-0.57095,-0.6042,-0.63074,-0.65728,-0.67784,-0.69244,-0.70703,-0.71816,-0.72582,-0.73348,-0.73687,-0.73599,-0.73511,-0.72795,-0.71451,-0.70107,-0.67742,-0.64355,-0.60969,-0.57661,-0.54433,-0.51205,-0.47736,-0.44025,-0.40314,-0.35864,-0.30673,-0.25482,-0.2051,-0.15758,-0.11007,-0.068642,-0.033288,0.0020636,0.020273,0.021338,0.022399,0.018907,0.010861,0,0,0,0,0,-0.090149,-0.12983,-0.15513,-0.29424,-0.31408,-0.33923,-0.3697,-0.40018,-0.42352,-0.43974,-0.45595,-0.45248,-0.42932,-0.40615,-0.36932,-0.31884,-0.26836,-0.21868,-0.16983,-0.12097,-0.080691,-0.048989,-0.017297,-0.00132,-0.0010615,-0.00080781,-0.016114,-0.046992,-0.077877,-0.11172,-0.1485,-0.18528,-0.23021,-0.28328,-0.33635,-0.39422,-0.45691,-0.51959,-0.5786,-0.63391,-0.68922,-0.72856,-0.75191,-0.77525,-0.78434,-0.77914,-0.77395,-0.77492,-0.78204,-0.78917,-0.7919,-0.79022,-0.78854,-0.79124,-0.79831,-0.80539,-0.80183,-0.78763,-0.77343,-0.76676,-0.76761,-0.76846,-0.76415,-0.75468,-0.74521,-0.73831,-0.73401,-0.7297,-0.71725,-0.69664,-0.67603,-0.66247,-0.65595,-0.64943,-0.64767,-0.65066,-0.65366,-0.6587,-0.6658,-0.67289,-0.68083,-0.68961,-0.69839,-0.70756,-0.71713,-0.7267,-0.73679,-0.74739,-0.758,-0.7696,-0.78219,-0.79478,-0.80516,-0.81333,-0.8215,-0.81895,-0.80569,-0.79242,-0.79343,-0.8087,-0.82399,-0.83875,-0.85298,-0.86721,-0.87931,-0.88926,-0.89921,-0.90595,-0.90947,-0.91298,-0.91314,-0.90993,-0.90671,-0.90132,-0.89374,-0.88616,-0.87779,-0.86865,-0.8595,-0.84932,-0.83809,-0.82686,-0.81333,-0.7975,-0.78166,-0.76267,-0.74054,-0.7184,-0.69298,-0.66427,-0.63555,-0.60418,-0.57014,-0.5361,-0.5007,-0.4639,-0.42711,-0.39055,-0.35423,-0.3179,-0.28354,-0.25114,-0.21874,-0.18951,-0.16345,-0.1374,-0.11498,-0.096197,-0.077418,-0.062329,-0.050932,-0.039536,-0.0316,-0.027124,-0.02265,-0.021187,-0.022736,-0.024287,-0.028198,-0.03447,-0.040744,-0.048359,-0.057316,-0.066272,-0.075247,-0.084251,-0.093261,-0.1009,-0.10716,-0.11342,-0.11706,-0.11806,-0.11907,-0.11656,-0.11055,-0.10454,-0.094712,-0.081056,-0.067401,-0.050342,-0.02988,-0.0094176,0.013385,0.038525,0.063666,0.089867,0.11713,0.14441,0.17154,0.19855,0.22557,0.25146,0.27622,0.30099,0.32383,0.34474,0.36565,0.38417,0.4003,0.41643,0.43007,0.44121,0.45236,0.46105,0.4673,0.47354,0.47745,0.47903,0.4806,0.48008,0.47745,0.47482,0.47025,0.46372,0.4572,0.44869,0.43822,0.42773,0.41533,0.401,0.38667,0.37067,0.353,0.33532,0.31632,0.296,0.27567,0.2545,0.23249,0.21048,0.18826,0.16581,0.14336,0.12128,0.099558,0.077829,0.056871,0.03669,0.016511,-0.0024962,-0.020336,-0.038176,-0.054196,-0.068396,-0.082594,-0.094214,-0.10325,-0.11229,-0.1182,-0.12098,-0.12376,-0.12319,-0.11929,-0.11538,-0.10832,-0.098109,-0.087895,-0.075205,-0.060031,-0.044859,-0.028205,-0.010066,0.0080715,0.026659,0.045692,0.064727,0.083469,0.10191,0.12033,0.13795,0.15475,0.17155,0.18723,0.20178,0.21633,0.22952,0.24133,0.25314,0.26331,0.27185,0.2804,0.2867,0.29077,0.29483,0.29643,0.29556,0.29468,0.29176,0.28679,0.28182,0.27592,0.26909,0.26226,0.25569,0.2494,0.2431,0.23922,0.23775,0.23628,0.1963,0.1178,0.039286
0,0,0,0,-0.50663,-0.50371,-0.49623,-0.48419,-0.47214,-0.45691,-0.43849,-0.42008,-0.39701,-0.36926,-0.34151,-0.30979,-0.27409,-0.2384,-0.20093,-0.16169,-0.12244,-0.084236,-0.047094,-0.0099541,0.023341,0.052786,0.082225,0.10609,0.12438,0.14267,0.15546,0.16276,0.17005,0.17235,0.16966,0.16696,0.15942,0.14702,0.13462,0.11738,0.095309,0.073232,0.046725,0.015789,-0.01515,-0.049356,-0.086823,-0.1243,-0.16213,-0.20032,-0.23851,-0.27249,-0.30227,-0.33205,-0.35267,-0.36413,-0.37558,-0.37482,-0.36183,-0.34883,-0.32379,-0.2867,-0.24962,-0.20404,-0.15001,-0.095985,-0.039289,0.020095,0.079489,0.13567,0.18865,0.24164,0.2873,0.32563,0.36395,0.39351,0.41433,0.43514,0.4479,0.45261,0.45731,0.45638,0.44979,0.4432,0.43395,0.42201,0.41008,0.39793,0.38558,0.37322,0.36174,0.35113,0.34053,0.3308,0.32196,0.31312,0.30461,0.29642,0.28823,0.28014,0.27214,0.26415,0.25668,0.24974,0.2428,0.23703,0.23242,0.2278,0.22421,0.22162,0.21904,0.21625,0.21325,0.21025,0.20452,0.19607,0.18761,0.17333,0.15322,0.1331,0.10484,0.068422,0.032003,-0.012018,-0.063635,-0.11526,-0.17095,-0.23069,-0.29045,-0.34946,-0.40772,-0.46599,-0.51993,-0.56954,-0.61916,-0.66269,-0.70012,-0.73756,-0.76846,-0.79284,-0.81723,-0.83508,-0.84636,-0.85765,-0.86267,-0.86142,-0.86017,-0.85309,-0.8402,-0.82731,-0.80922,-0.78593,-0.76264,-0.73499,-0.70299,-0.67099,-0.63582,-0.59748,-0.55913,-0.51895,-0.47693,-0.4349,-0.39199,-0.34818,-0.30437,-0.26034,-0.2161,-0.17185,-0.12806,-0.084715,-0.041368,0.00016128,0.039875,0.079586,0.11577,0.14842,0.18108,0.20847,0.23061,0.25274,0.2688,0.2788,0.28879,0.29295,0.29125,0.28956,0.28288,0.27121,0.25953,0.24341,0.22285,0.20228,0.17726,0.14779,0.1183,0.083703,0.043995,0.004283,-0.0405,-0.09036,-0.14022,-0.19287,-0.24834,-0.30381,-0.35779,-0.41028,-0.46278,-0.51004,-0.55208,-0.59411,-0.6289,-0.65644,-0.68398,-0.70505,-0.71965,-0.73425,-0.74468,-0.75093,-0.75718,-0.75803,-0.75347,-0.74891,-0.73804,-0.72086,-0.70368,-0.67683,-0.64031,-0.60379,-0.57007,-0.53916,-0.50825,-0.47611,-0.44272,-0.40934,-0.36812,-0.31905,-0.26999,-0.22388,-0.18075,-0.13763,-0.099793,-0.067249,-0.03471,-0.017934,-0.016926,-0.015922,0.0041145,0.0024687,0,0,0,0,0,0,0,0,-0.21367,-0.22856,-0.25564,-0.29491,-0.3342,-0.36518,-0.38789,-0.4106,-0.41647,-0.40551,-0.39454,-0.36645,-0.32126,-0.27606,-0.22737,-0.17519,-0.12301,-0.078357,-0.04124,-0.0041327,0.016737,0.021359,0.025978,0.014041,-0.014454,-0.04295,-0.076085,-0.11385,-0.1516,-0.19904,-0.25617,-0.3133,-0.37488,-0.44088,-0.50688,-0.57192,-0.63598,-0.70002,-0.7482,-0.78051,-0.8128,-0.83029,-0.83295,-0.83561,-0.83502,-0.83117,-0.82732,-0.81888,-0.80585,-0.79281,-0.78793,-0.79121,-0.79449,-0.79163,-0.78264,-0.77364,-0.7717,-0.7768,-0.7819,-0.78081,-0.77353,-0.76624,-0.75763,-0.74769,-0.73776,-0.72432,-0.70737,-0.69042,-0.67811,-0.67045,-0.66279,-0.66016,-0.66257,-0.66499,-0.66977,-0.67693,-0.68409,-0.69239,-0.70184,-0.71129,-0.72128,-0.7318,-0.74233,-0.75334,-0.76483,-0.77633,-0.78876,-0.80214,-0.81552,-0.82914,-0.843,-0.85686,-0.85421,-0.83503,-0.81585,-0.81355,-0.82816,-0.84277,-0.8568,-0.87025,-0.8837,-0.89532,-0.90511,-0.9149,-0.92183,-0.92589,-0.92994,-0.93076,-0.92834,-0.92593,-0.92102,-0.91363,-0.90625,-0.89754,-0.88752,-0.87749,-0.8661,-0.85333,-0.84056,-0.8255,-0.80814,-0.79078,-0.77045,-0.74715,-0.72385,-0.69754,-0.66821,-0.63887,-0.60704,-0.57272,-0.53839,-0.50261,-0.46535,-0.42809,-0.39093,-0.35388,-0.31682,-0.2817,-0.24856,-0.21541,-0.18549,-0.15882,-0.13214,-0.10913,-0.0898,-0.070467,-0.054797,-0.042789,-0.03078,-0.022174,-0.016972,-0.01177,-0.0095201,-0.010224,-0.010929,-0.013957,-0.019306,-0.024659,-0.031394,-0.039514,-0.047639,-0.0559,-0.064303,-0.072708,-0.079855,-0.085739,-0.091622,-0.094974,-0.095787,-0.096599,-0.094081,-0.088226,-0.082369,-0.07294,-0.059936,-0.046934,-0.03075,-0.011387,0.0079763,0.029515,0.053225,0.076937,0.10163,0.12729,0.15296,0.17851,0.20394,0.22938,0.25377,0.27711,0.30045,0.32199,0.34173,0.36146,0.37895,0.39419,0.40943,0.42231,0.43284,0.44337,0.45158,0.45746,0.46333,0.467,0.46844,0.46988,0.4693,0.46668,0.46407,0.45955,0.45314,0.44672,0.43839,0.42814,0.4179,0.4058,0.39185,0.37789,0.36235,0.34521,0.32807,0.30968,0.29004,0.27039,0.24992,0.22862,0.20733,0.18575,0.16389,0.14204,0.12041,0.099025,0.07764,0.05688,0.036746,0.016615,-0.0024804,-0.02054,-0.038597,-0.054958,-0.069626,-0.084291,-0.096501,-0.10626,-0.11602,-0.12278,-0.12654,-0.1303,-0.13083,-0.12812,-0.12541,-0.1196,-0.11068,-0.10176,-0.090339,-0.076403,-0.062465,-0.046909,-0.029731,-0.012559,0.0052654,0.02375,0.042239,0.060684,0.079069,0.097447,0.11527,0.13252,0.14976,0.16608,0.18145,0.19683,0.21091,0.22372,0.23652,0.24768,0.2572,0.26672,0.27392,0.27879,0.28367,0.28598,0.28572,0.28546,0.28307,0.27857,0.27407,0.26866,0.26234,0.25602,0.24992,0.24403,0.23814,0.23443,0.2329,0.23138,0.1922,0.11535,0.019643
0,0,0,0,-0.55166,-0.5473,-0.53827,-0.52457,-0.51088,-0.49352,-0.47247,-0.45143,-0.42539,-0.39435,-0.36331,-0.32851,-0.28996,-0.25141,-0.2113,-0.16963,-0.12795,-0.087239,-0.047501,-0.007768,0.028111,0.060128,0.092135,0.11832,0.13868,0.15904,0.17337,0.18168,0.18999,0.19296,0.1906,0.18823,0.18092,0.16867,0.15641,0.1393,0.11731,0.095338,0.068709,0.037428,0.0061481,-0.02882,-0.067471,-0.10612,-0.14582,-0.18656,-0.2273,-0.26464,-0.29858,-0.33251,-0.35792,-0.37482,-0.39172,-0.3964,-0.38885,-0.38131,-0.36097,-0.32783,-0.29469,-0.25184,-0.1993,-0.14675,-0.090196,-0.029655,0.030908,0.089236,0.14532,0.20142,0.25063,0.29297,0.3353,0.3688,0.39346,0.41813,0.43436,0.44216,0.44997,0.45152,0.44682,0.44213,0.43423,0.42314,0.41205,0.40039,0.38815,0.37591,0.36442,0.35367,0.34292,0.33302,0.32398,0.31494,0.30628,0.29798,0.28968,0.28148,0.27338,0.26527,0.2576,0.25037,0.24314,0.23688,0.23158,0.22629,0.22185,0.21826,0.21468,0.21076,0.20651,0.20226,0.19545,0.18608,0.1767,0.16214,0.14238,0.12262,0.09579,0.061887,0.027982,-0.012691,-0.060125,-0.10755,-0.15898,-0.21438,-0.26979,-0.32524,-0.38068,-0.43611,-0.48819,-0.53691,-0.58562,-0.62898,-0.667,-0.70501,-0.73678,-0.76232,-0.78786,-0.80679,-0.8191,-0.83141,-0.83704,-0.83598,-0.83492,-0.82743,-0.81352,-0.7996,-0.7799,-0.75442,-0.72893,-0.69884,-0.66413,-0.62942,-0.59179,-0.55123,-0.51066,-0.46891,-0.42597,-0.38303,-0.34006,-0.29706,-0.25407,-0.2116,-0.16966,-0.12772,-0.086685,-0.046557,-0.0064299,0.031915,0.068484,0.10505,0.1384,0.16855,0.19869,0.22411,0.2448,0.26549,0.2806,0.29015,0.29969,0.30381,0.30251,0.30121,0.29513,0.28426,0.27338,0.258,0.23811,0.21821,0.19337,0.16358,0.13377,0.098147,0.056701,0.015251,-0.031873,-0.084672,-0.13746,-0.19327,-0.2521,-0.31093,-0.36819,-0.4239,-0.47961,-0.52972,-0.57425,-0.61876,-0.65551,-0.68448,-0.71345,-0.7354,-0.75033,-0.76527,-0.77505,-0.77968,-0.78431,-0.7824,-0.77395,-0.76551,-0.75124,-0.73115,-0.71105,-0.68305,-0.64714,-0.61123,-0.57662,-0.54332,-0.51002,-0.47816,-0.44772,-0.41729,-0.37878,-0.33218,-0.28558,-0.2435,-0.20595,-0.1684,-0.13567,-0.10777,-0.079882,-0.065942,-0.065964,-0.065993,0,0,0,0,0,0,0,0,0,0,-0.085461,-0.091423,-0.10522,-0.21259,-0.25994,-0.2958,-0.32019,-0.34458,-0.35741,-0.35868,-0.35996,-0.34267,-0.30684,-0.27099,-0.22686,-0.17445,-0.12204,-0.073952,-0.030185,0.013575,0.039706,0.048203,0.056699,0.048589,0.02387,-0.00085636,-0.032062,-0.069735,-0.1074,-0.15554,-0.21418,-0.27282,-0.33692,-0.40643,-0.47595,-0.54627,-0.61739,-0.68849,-0.74995,-0.80178,-0.8536,-0.88993,-0.91075,-0.93157,-0.93029,-0.9069,-0.88351,-0.8592,-0.83398,-0.80877,-0.79192,-0.78344,-0.77497,-0.77101,-0.77155,-0.77209,-0.77726,-0.78706,-0.79685,-0.79928,-0.79435,-0.78942,-0.77653,-0.75567,-0.73481,-0.72027,-0.71206,-0.70385,-0.69531,-0.68643,-0.67755,-0.67381,-0.67521,-0.6766,-0.68062,-0.68726,-0.6939,-0.70216,-0.71205,-0.72193,-0.7328,-0.74466,-0.75652,-0.76888,-0.78175,-0.79461,-0.80809,-0.82217,-0.83625,-0.85045,-0.86476,-0.87908,-0.87627,-0.85632,-0.83636,-0.83331,-0.84717,-0.86104,-0.87409,-0.88632,-0.89856,-0.90923,-0.91834,-0.92745,-0.93422,-0.93865,-0.94308,-0.9447,-0.94352,-0.94234,-0.93845,-0.93185,-0.92524,-0.91654,-0.90574,-0.89494,-0.88226,-0.86769,-0.85313,-0.83628,-0.81714,-0.798,-0.77611,-0.7515,-0.72688,-0.6996,-0.66967,-0.63973,-0.60755,-0.57311,-0.53868,-0.50268,-0.46511,-0.42754,-0.3899,-0.35221,-0.31451,-0.27875,-0.2449,-0.21107,-0.18053,-0.15329,-0.12605,-0.10253,-0.082739,-0.062948,-0.046778,-0.034232,-0.021686,-0.012464,-0.0065669,-0.00067045,0.0023467,0.0024824,0.0026179,0.00047883,-0.0039368,-0.0083572,-0.014209,-0.021492,-0.028775,-0.036322,-0.044137,-0.05195,-0.058616,-0.064139,-0.069658,-0.072744,-0.073397,-0.074048,-0.071558,-0.065924,-0.060288,-0.051363,-0.039148,-0.026934,-0.011739,0.0064329,0.024604,0.044877,0.067245,0.089614,0.11294,0.13722,0.1615,0.1857,0.20979,0.23389,0.25699,0.27909,0.30119,0.32158,0.34027,0.35895,0.37552,0.38997,0.40442,0.41663,0.42659,0.43656,0.44429,0.4498,0.45531,0.45869,0.45994,0.4612,0.46047,0.45775,0.45504,0.45046,0.444,0.43755,0.42927,0.41916,0.40905,0.39719,0.38358,0.36997,0.35485,0.33824,0.32163,0.30385,0.2849,0.26596,0.24621,0.22567,0.20513,0.18424,0.16301,0.14177,0.12064,0.09959,0.078552,0.058006,0.037947,0.017893,-0.0012373,-0.019444,-0.037648,-0.054295,-0.06939,-0.084485,-0.097293,-0.10782,-0.11834,-0.12604,-0.13092,-0.13579,-0.13757,-0.13625,-0.13493,-0.13058,-0.12321,-0.11584,-0.10592,-0.093448,-0.080977,-0.066717,-0.050673,-0.034635,-0.017674,0.00021201,0.018104,0.036205,0.054504,0.072801,0.090779,0.10842,0.12606,0.14294,0.15905,0.17515,0.19009,0.20385,0.21761,0.22971,0.24015,0.25059,0.2587,0.2645,0.2703,0.27348,0.27404,0.2746,0.27305,0.26939,0.26573,0.2611,0.25552,0.24993,0.2444,0.23893,0.23346,0.22909,0.22582,0.22254,0.18411,0.11049,0
0,0,0,0,-0.59669,-0.59089,-0.58032,-0.56497,-0.54962,-0.53011,-0.50645,-0.48278,-0.45378,-0.41946,-0.38512,-0.34724,-0.30583,-0.26443,-0.22168,-0.17758,-0.13348,-0.090255,-0.047916,-0.0055785,0.032883,0.067467,0.10205,0.13055,0.15298,0.17541,0.19128,0.20061,0.20993,0.21357,0.21154,0.2095,0.20243,0.19032,0.17821,0.16121,0.13933,0.11744,0.090684,0.059063,0.027449,-0.0082756,-0.048107,-0.08794,-0.12951,-0.1728,-0.21608,-0.25678,-0.29487,-0.33296,-0.36317,-0.38551,-0.40785,-0.41797,-0.41587,-0.41377,-0.39813,-0.36895,-0.33977,-0.29964,-0.24858,-0.19751,-0.14109,-0.079386,-0.017676,0.042782,0.10198,0.16118,0.21395,0.2603,0.30665,0.34408,0.3726,0.40112,0.42082,0.43172,0.44262,0.44666,0.44385,0.44105,0.43452,0.42427,0.41402,0.40284,0.39072,0.3786,0.36709,0.3562,0.34531,0.33524,0.326,0.31676,0.30794,0.29954,0.29114,0.28283,0.27461,0.26639,0.25852,0.251,0.24348,0.23673,0.23075,0.22477,0.21949,0.21491,0.21032,0.20528,0.19978,0.19427,0.18638,0.17609,0.1658,0.15095,0.13155,0.11214,0.086741,0.055349,0.023953,-0.013365,-0.05661,-0.099851,-0.14701,-0.19808,-0.24915,-0.30101,-0.35363,-0.40624,-0.45646,-0.50428,-0.5521,-0.5953,-0.63388,-0.67246,-0.7051,-0.7318,-0.75849,-0.7785,-0.79183,-0.80517,-0.81141,-0.81054,-0.80968,-0.80177,-0.78683,-0.77188,-0.75058,-0.7229,-0.69523,-0.66269,-0.62527,-0.58785,-0.54775,-0.50497,-0.4622,-0.41887,-0.37501,-0.33115,-0.28813,-0.24595,-0.20377,-0.16286,-0.12321,-0.083577,-0.045304,-0.008394,0.028513,0.063675,0.097096,0.13051,0.16104,0.18868,0.21632,0.23976,0.259,0.27824,0.29241,0.3015,0.31059,0.31468,0.31377,0.31287,0.30738,0.29731,0.28724,0.2726,0.25337,0.23415,0.20948,0.17936,0.14924,0.11259,0.069406,0.026224,-0.023235,-0.078979,-0.13472,-0.19367,-0.25586,-0.31805,-0.3786,-0.43752,-0.49644,-0.54941,-0.59642,-0.64342,-0.68213,-0.71252,-0.74292,-0.76575,-0.78102,-0.79628,-0.80542,-0.80842,-0.81143,-0.80677,-0.79444,-0.78211,-0.76444,-0.74143,-0.71843,-0.68927,-0.65397,-0.61866,-0.58316,-0.54747,-0.51179,-0.4802,-0.45272,-0.42524,-0.38944,-0.34531,-0.30117,-0.26312,-0.23114,-0.19916,-0.17155,-0.1483,-0.12505,-0.11394,-0.115,-0.11605,0,0,0,0,0,0,0,0,0,0,0,0,0,-0.085713,-0.11141,-0.13056,-0.25248,-0.27855,-0.29833,-0.31185,-0.32536,-0.31888,-0.2924,-0.26591,-0.22635,-0.17372,-0.12107,-0.069542,-0.019127,0.031282,0.062673,0.075044,0.087418,0.083136,0.06219,0.041235,0.011968,-0.025604,-0.063178,-0.11204,-0.17218,-0.23233,-0.29892,-0.37196,-0.445,-0.5206,-0.59877,-0.67694,-0.7517,-0.82305,-0.89439,-0.94956,-0.98855,-1.0275,-1.0256,-0.98264,-0.9397,-0.89953,-0.86212,-0.82472,-0.79591,-0.77568,-0.75546,-0.75039,-0.76047,-0.77054,-0.78283,-0.79731,-0.8118,-0.81776,-0.81518,-0.8126,-0.79543,-0.76365,-0.73186,-0.71623,-0.71676,-0.71729,-0.71251,-0.70242,-0.69232,-0.68746,-0.68784,-0.68822,-0.69147,-0.69759,-0.70371,-0.71193,-0.72225,-0.73257,-0.74432,-0.75752,-0.77071,-0.78442,-0.79866,-0.8129,-0.82741,-0.8422,-0.85698,-0.87176,-0.88653,-0.90129,-0.89833,-0.87761,-0.85688,-0.85308,-0.86619,-0.87931,-0.89138,-0.9024,-0.91342,-0.92314,-0.93157,-0.93999,-0.94661,-0.95141,-0.95621,-0.95864,-0.95869,-0.95875,-0.95587,-0.95005,-0.94424,-0.93554,-0.92396,-0.91238,-0.89841,-0.88205,-0.86568,-0.84705,-0.82613,-0.80521,-0.78178,-0.75584,-0.72991,-0.70166,-0.67112,-0.64058,-0.60804,-0.5735,-0.53896,-0.50276,-0.46488,-0.42699,-0.38887,-0.35054,-0.31221,-0.27578,-0.24125,-0.20672,-0.17556,-0.14776,-0.11996,-0.095925,-0.075675,-0.055427,-0.038759,-0.025675,-0.012591,-0.0027524,0.0038389,0.010429,0.014214,0.01519,0.016165,0.014912,0.01143,0.0079447,0.0029798,-0.0034672,-0.0099127,-0.016743,-0.023966,-0.031191,-0.037381,-0.042535,-0.04769,-0.050512,-0.051004,-0.051493,-0.049032,-0.04362,-0.038206,-0.029787,-0.01836,-0.0069333,0.0072721,0.024255,0.041236,0.060243,0.081269,0.10229,0.12425,0.14715,0.17005,0.19288,0.21565,0.23841,0.26022,0.28107,0.30193,0.32117,0.33881,0.35644,0.37209,0.38575,0.39942,0.41095,0.42035,0.42974,0.43701,0.44215,0.44728,0.45039,0.45145,0.45251,0.45164,0.44882,0.44601,0.44136,0.43487,0.42839,0.42015,0.41018,0.4002,0.38858,0.37531,0.36204,0.34736,0.33127,0.31519,0.29802,0.27977,0.26152,0.2425,0.22272,0.20293,0.18274,0.16212,0.14151,0.12086,0.10016,0.07946,0.059126,0.039149,0.01917,4.7867e-06,-0.018343,-0.036695,-0.053635,-0.069157,-0.084679,-0.098087,-0.10938,-0.12067,-0.12931,-0.1353,-0.14129,-0.14432,-0.14439,-0.14445,-0.14157,-0.13574,-0.12991,-0.12149,-0.11049,-0.099485,-0.086527,-0.071621,-0.056717,-0.040617,-0.023324,-0.0060306,0.011731,0.029945,0.048156,0.066288,0.084326,0.10236,0.1198,0.13664,0.15348,0.16926,0.18398,0.19871,0.21174,0.22309,0.23445,0.24349,0.25021,0.25693,0.26099,0.26237,0.26375,0.26303,0.26021,0.25739,0.25355,0.24869,0.24383,0.23887,0.23382,0.22877,0.22374,0.21873,0.21371,0.17602,0.10563,0.017206
0,0,0,0,-0.64636,-0.63979,-0.6276,-0.6098,-0.592,-0.56954,-0.54243,-0.51531,-0.48283,-0.44499,-0.40715,-0.36611,-0.32189,-0.27767,-0.23223,-0.18556,-0.13889,-0.092974,-0.047818,-0.0026605,0.038679,0.076202,0.11372,0.14489,0.1697,0.19451,0.21222,0.22285,0.23347,0.23798,0.23636,0.23473,0.22794,0.21597,0.204,0.18717,0.16545,0.14373,0.11707,0.085485,0.053893,0.017888,-0.022523,-0.062942,-0.10571,-0.1508,-0.19589,-0.23924,-0.28082,-0.3224,-0.35688,-0.38427,-0.41167,-0.42715,-0.43072,-0.43428,-0.42391,-0.3996,-0.37529,-0.33902,-0.29081,-0.2426,-0.18777,-0.12634,-0.064939,-0.0036756,0.057466,0.11861,0.174,0.22364,0.27328,0.31415,0.34625,0.37836,0.40143,0.41547,0.42951,0.43625,0.43569,0.43513,0.43036,0.42139,0.41241,0.40212,0.39051,0.3789,0.36768,0.35688,0.34606,0.33603,0.32678,0.31752,0.30874,0.30044,0.29213,0.28396,0.27593,0.26789,0.26011,0.25258,0.24506,0.23806,0.23159,0.22512,0.21908,0.21349,0.20789,0.20167,0.19484,0.188,0.17889,0.1675,0.15612,0.14072,0.1213,0.10188,0.077342,0.047688,0.01803,-0.016792,-0.056772,-0.096756,-0.14049,-0.18794,-0.2354,-0.28413,-0.33409,-0.38405,-0.43236,-0.47901,-0.52566,-0.5683,-0.60692,-0.64553,-0.6785,-0.7058,-0.73311,-0.75374,-0.76769,-0.78164,-0.78823,-0.78747,-0.7867,-0.77841,-0.76258,-0.74676,-0.724,-0.6943,-0.6646,-0.62965,-0.58945,-0.54926,-0.50643,-0.46097,-0.41552,-0.37005,-0.32456,-0.27906,-0.23526,-0.19315,-0.15104,-0.11108,-0.073276,-0.035475,0.00034772,0.034196,0.068042,0.10001,0.13009,0.16018,0.18766,0.21253,0.2374,0.25859,0.2761,0.29362,0.30661,0.31507,0.32353,0.32742,0.32676,0.32609,0.32108,0.31172,0.30236,0.28835,0.26969,0.25102,0.22644,0.19594,0.16544,0.12773,0.082804,0.037882,-0.013871,-0.072481,-0.13109,-0.19319,-0.2588,-0.32441,-0.38847,-0.45096,-0.51346,-0.56974,-0.61981,-0.66988,-0.71105,-0.74331,-0.77557,-0.79941,-0.81483,-0.83025,-0.83822,-0.83873,-0.83924,-0.83151,-0.81553,-0.79956,-0.77795,-0.75072,-0.72349,-0.69314,-0.65966,-0.62618,-0.59095,-0.55398,-0.51702,-0.48554,-0.45954,-0.43354,-0.39964,-0.35785,-0.31606,-0.28068,-0.25173,-0.22278,-0.19829,-0.17825,-0.15822,-0.1481,-0.14789,-0.14769,0,0,0,0,0,0,0,0,0,0,0,0,0,0,0,0,-0.18219,-0.2046,-0.22826,-0.25318,-0.2781,-0.28121,-0.26252,-0.24382,-0.21015,-0.16149,-0.11283,-0.061668,-0.0080214,0.04562,0.080338,0.096131,0.11192,0.1113,0.094265,0.077219,0.051598,0.017408,-0.01679,-0.061896,-0.11789,-0.17388,-0.23987,-0.31582,-0.39178,-0.47636,-0.56955,-0.66274,-0.75247,-0.83874,-0.92501,-0.9971,-1.055,-1.1129,-1.1141,-1.0585,-1.003,-0.9491,-0.89696,-0.84482,-0.80456,-0.77618,-0.74782,-0.74039,-0.75388,-0.76737,-0.7856,-0.80856,-0.83153,-0.83963,-0.83287,-0.82611,-0.80635,-0.77359,-0.74082,-0.72673,-0.73133,-0.73593,-0.73269,-0.72161,-0.71052,-0.70448,-0.70348,-0.70248,-0.70444,-0.70936,-0.71428,-0.72184,-0.73203,-0.74223,-0.75447,-0.76876,-0.78306,-0.79812,-0.81395,-0.82979,-0.84562,-0.86146,-0.87731,-0.8928,-0.90794,-0.92309,-0.92288,-0.90732,-0.89175,-0.88716,-0.89357,-0.89998,-0.90811,-0.91797,-0.92783,-0.93656,-0.94417,-0.95177,-0.95799,-0.96281,-0.96764,-0.97051,-0.97144,-0.97236,-0.97029,-0.96523,-0.96017,-0.95163,-0.9396,-0.92757,-0.91263,-0.8948,-0.87697,-0.85676,-0.83418,-0.81159,-0.78669,-0.7595,-0.7323,-0.70316,-0.67207,-0.64098,-0.60811,-0.57343,-0.53875,-0.50234,-0.46418,-0.42601,-0.38748,-0.34863,-0.30977,-0.27276,-0.23759,-0.20243,-0.17064,-0.14224,-0.11383,-0.089246,-0.068491,-0.047739,-0.030542,-0.016903,-0.0032626,0.0072143,0.014525,0.021835,0.02641,0.028249,0.030087,0.02974,0.027205,0.024669,0.020611,0.015028,0.0094447,0.003348,-0.0032576,-0.0098664,-0.015602,-0.020455,-0.025308,-0.028005,-0.028543,-0.029079,-0.026842,-0.021832,-0.016818,-0.0090014,0.0016193,0.012239,0.025464,0.041293,0.057122,0.074927,0.094705,0.11448,0.13522,0.15691,0.1786,0.20025,0.22184,0.24344,0.26411,0.28385,0.30359,0.3218,0.33847,0.35514,0.36995,0.38288,0.39581,0.40671,0.41558,0.42444,0.43127,0.43605,0.44082,0.44363,0.44448,0.44532,0.44426,0.4413,0.43834,0.43357,0.42701,0.42044,0.41222,0.40236,0.3925,0.38113,0.36824,0.35535,0.34114,0.32562,0.3101,0.29356,0.27599,0.25842,0.24011,0.22104,0.20198,0.18244,0.16242,0.14241,0.12223,0.10188,0.081535,0.061412,0.041512,0.021609,0.0023864,-0.016153,-0.034693,-0.051968,-0.067973,-0.083975,-0.098035,-0.11015,-0.12226,-0.1319,-0.13906,-0.14622,-0.15057,-0.15209,-0.15362,-0.15227,-0.14804,-0.14381,-0.13696,-0.12749,-0.11802,-0.10644,-0.092767,-0.079089,-0.063966,-0.047408,-0.030853,-0.013567,0.0044296,0.022424,0.040582,0.058881,0.077185,0.095071,0.11254,0.13002,0.14653,0.16207,0.17762,0.1915,0.20373,0.21597,0.22594,0.23365,0.24136,0.24645,0.24893,0.2514,0.25178,0.25008,0.24836,0.2455,0.24149,0.23747,0.23318,0.2286,0.22403,0.21889,0.21318,0.20748,0.17053,0.10234,0.034126
0,0,0,0,-0.70064,-0.69398,-0.68012,-0.65907,-0.63802,-0.6118,-0.58041,-0.54902,-0.51252,-0.47094,-0.42938,-0.38511,-0.33813,-0.29115,-0.24297,-0.19359,-0.1442,-0.095408,-0.047209,0.00099242,0.045504,0.086336,0.12716,0.16133,0.18883,0.21633,0.23619,0.2484,0.26062,0.26616,0.26504,0.26392,0.25745,0.24562,0.23379,0.21715,0.19569,0.17421,0.14788,0.11667,0.085468,0.049667,0.0092686,-0.031134,-0.074411,-0.12057,-0.16674,-0.21203,-0.25643,-0.30083,-0.33905,-0.37112,-0.40318,-0.42394,-0.43339,-0.44284,-0.4383,-0.41977,-0.40124,-0.36998,-0.32601,-0.28203,-0.23021,-0.17055,-0.11091,-0.050131,0.011797,0.073732,0.1308,0.18301,0.2352,0.27902,0.31444,0.34987,0.3762,0.39343,0.41066,0.42029,0.42234,0.42438,0.42177,0.4145,0.40723,0.39824,0.38752,0.3768,0.36619,0.35569,0.34519,0.3354,0.32631,0.31721,0.30867,0.30066,0.29266,0.28488,0.27734,0.26979,0.26239,0.25513,0.24788,0.24086,0.23409,0.22732,0.22062,0.214,0.20738,0.19994,0.1917,0.18344,0.17299,0.16033,0.14767,0.13144,0.11163,0.09183,0.067583,0.038898,0.010212,-0.02296,-0.060609,-0.098263,-0.13938,-0.18396,-0.22854,-0.27457,-0.32205,-0.36953,-0.41588,-0.46109,-0.50631,-0.54798,-0.5861,-0.62421,-0.65696,-0.68434,-0.71171,-0.73249,-0.74665,-0.76081,-0.76751,-0.76675,-0.76599,-0.75734,-0.74078,-0.72423,-0.70017,-0.6686,-0.63703,-0.59973,-0.55668,-0.51363,-0.46782,-0.41923,-0.37064,-0.32244,-0.27461,-0.22678,-0.18147,-0.13868,-0.095887,-0.056277,-0.019845,0.016584,0.050267,0.081208,0.11215,0.1409,0.16747,0.19405,0.21825,0.24009,0.26192,0.2806,0.29611,0.31163,0.32321,0.33086,0.33852,0.34205,0.34146,0.34088,0.33622,0.32748,0.31875,0.30527,0.28705,0.26883,0.24425,0.2133,0.18234,0.14354,0.096876,0.050213,-0.0038002,-0.065191,-0.12657,-0.19181,-0.26091,-0.33002,-0.3978,-0.46422,-0.53065,-0.59073,-0.64443,-0.69813,-0.74227,-0.77684,-0.8114,-0.83638,-0.85177,-0.86716,-0.87344,-0.8706,-0.86775,-0.85664,-0.83725,-0.81786,-0.79178,-0.75901,-0.72625,-0.69465,-0.6642,-0.63377,-0.59998,-0.56285,-0.52573,-0.49417,-0.46817,-0.44217,-0.40938,-0.3698,-0.33022,-0.29619,-0.26772,-0.23925,-0.21589,-0.19765,-0.17941,-0.16841,-0.16465,-0.16089,-0.068637,-0.041183,0,0,0,0,0,0,0,0,0,0,0,0,0,0,-0.072871,-0.081834,-0.093866,-0.10896,-0.12407,-0.22969,-0.2172,-0.20472,-0.17825,-0.13778,-0.097305,-0.050333,0.0031329,0.056597,0.092708,0.11146,0.13021,0.13309,0.12009,0.10708,0.08682,0.059292,0.031759,-0.0051134,-0.051312,-0.097518,-0.15978,-0.23807,-0.31636,-0.41359,-0.52974,-0.64588,-0.75226,-0.84885,-0.94546,-1.0326,-1.1101,-1.1877,-1.1959,-1.1346,-1.0733,-1.0079,-0.93848,-0.86905,-0.81788,-0.78495,-0.75204,-0.74098,-0.75177,-0.76257,-0.78558,-0.8208,-0.85603,-0.86491,-0.84743,-0.82995,-0.8093,-0.78548,-0.76167,-0.75176,-0.75576,-0.75977,-0.75585,-0.74399,-0.73214,-0.72484,-0.72211,-0.71937,-0.71952,-0.72256,-0.72561,-0.73188,-0.74139,-0.7509,-0.76323,-0.7784,-0.79357,-0.80998,-0.82763,-0.84528,-0.86273,-0.87998,-0.89722,-0.91357,-0.92901,-0.94445,-0.94993,-0.94543,-0.94093,-0.93555,-0.9293,-0.92305,-0.9243,-0.93304,-0.94178,-0.94948,-0.95613,-0.96279,-0.96836,-0.97287,-0.97737,-0.98033,-0.98175,-0.98317,-0.98171,-0.97738,-0.97304,-0.9648,-0.95265,-0.94051,-0.92494,-0.90595,-0.88697,-0.86541,-0.84126,-0.81712,-0.79085,-0.76247,-0.73408,-0.70411,-0.67253,-0.64095,-0.60774,-0.57289,-0.53804,-0.50142,-0.46301,-0.4246,-0.38575,-0.34646,-0.30719,-0.26968,-0.23392,-0.19816,-0.16576,-0.13672,-0.10767,-0.082497,-0.061193,-0.039896,-0.022138,-0.0079201,0.0062971,0.017435,0.02549,0.033544,0.038934,0.04166,0.044385,0.044962,0.043389,0.041817,0.038683,0.033988,0.029294,0.02396,0.017988,0.012019,0.0067224,0.0021018,-0.0025149,-0.005222,-0.0060166,-0.00681,-0.004991,-0.00055732,0.0038771,0.010992,0.020788,0.030583,0.042836,0.057548,0.072261,0.088931,0.10756,0.12618,0.14583,0.1665,0.18716,0.20779,0.22838,0.24898,0.26866,0.28742,0.30618,0.32346,0.33927,0.35507,0.3691,0.38135,0.3936,0.40391,0.41228,0.42066,0.42706,0.43149,0.43592,0.43844,0.43903,0.43963,0.43834,0.43518,0.43203,0.4271,0.4204,0.41371,0.40548,0.39572,0.38596,0.37484,0.36237,0.3499,0.33621,0.32129,0.30638,0.29047,0.27357,0.25667,0.23903,0.22064,0.20226,0.18335,0.16391,0.14447,0.12476,0.10477,0.084775,0.064864,0.045032,0.025202,0.0059049,-0.012867,-0.03164,-0.049294,-0.065834,-0.082372,-0.097137,-0.11013,-0.12312,-0.13381,-0.14221,-0.1506,-0.15632,-0.15938,-0.16244,-0.16268,-0.1601,-0.15752,-0.1523,-0.14444,-0.13658,-0.12647,-0.11411,-0.10175,-0.087723,-0.072039,-0.05636,-0.039693,-0.02204,-0.0043927,0.013655,0.032091,0.050528,0.068753,0.086764,0.10478,0.12189,0.13812,0.15435,0.169,0.18207,0.19515,0.20607,0.21482,0.22358,0.22988,0.23372,0.23756,0.23932,0.23898,0.23865,0.23696,0.23391,0.23086,0.22731,0.22327,0.21923,0.21453,0.20919,0.20384,0.16765,0.1006,0.033545
0,0,0,0,-0.75491,-0.74815,-0.73262,-0.70833,-0.68404,-0.65406,-0.6184,-0.58273,-0.54223,-0.49691,-0.45161,-0.4041,-0.35436,-0.30462,-0.25371,-0.20162,-0.14952,-0.097851,-0.046608,0.0046422,0.052332,0.096469,0.14061,0.17777,0.20796,0.23815,0.26015,0.27395,0.28776,0.29435,0.29373,0.29312,0.28697,0.27528,0.26358,0.24714,0.22592,0.2047,0.17868,0.14787,0.11705,0.08145,0.041068,0.00068485,-0.04312,-0.090355,-0.13759,-0.18482,-0.23204,-0.27925,-0.32122,-0.35796,-0.3947,-0.42073,-0.43606,-0.45139,-0.45269,-0.43994,-0.42718,-0.40094,-0.3612,-0.32146,-0.27264,-0.21477,-0.15689,-0.096599,-0.033873,0.028858,0.087598,0.14237,0.19713,0.24388,0.28263,0.32138,0.35096,0.37138,0.39181,0.40434,0.40898,0.41363,0.41317,0.40761,0.40206,0.39436,0.38453,0.37471,0.3647,0.35451,0.34432,0.33477,0.32584,0.31691,0.30859,0.30089,0.29319,0.28581,0.27875,0.27169,0.26466,0.25768,0.25069,0.24367,0.23659,0.22952,0.22216,0.21452,0.20687,0.19822,0.18855,0.17889,0.16709,0.15316,0.13922,0.12216,0.10197,0.081782,0.057825,0.030108,0.0023898,-0.029127,-0.064444,-0.099763,-0.13827,-0.17997,-0.22168,-0.26502,-0.31002,-0.35501,-0.39939,-0.44318,-0.48696,-0.52766,-0.56528,-0.60291,-0.63544,-0.66288,-0.69033,-0.71124,-0.72561,-0.73998,-0.74679,-0.74604,-0.74529,-0.73627,-0.71898,-0.70169,-0.67634,-0.64291,-0.60948,-0.56982,-0.52392,-0.47801,-0.4292,-0.37749,-0.32577,-0.27483,-0.22466,-0.17449,-0.12768,-0.084206,-0.040739,-0.0014764,0.033584,0.068642,0.10019,0.12822,0.15625,0.1818,0.20485,0.22791,0.24884,0.26765,0.28645,0.30261,0.31612,0.32963,0.33981,0.34666,0.3535,0.35668,0.35617,0.35566,0.35135,0.34324,0.33513,0.32219,0.30441,0.28664,0.26205,0.23065,0.19924,0.15935,0.11095,0.062549,0.0062732,-0.05789,-0.12205,-0.19043,-0.26303,-0.33562,-0.40711,-0.47748,-0.54785,-0.61171,-0.66905,-0.72639,-0.7735,-0.81036,-0.84723,-0.87334,-0.88871,-0.90408,-0.90866,-0.90246,-0.89626,-0.88176,-0.85897,-0.83616,-0.80561,-0.76731,-0.729,-0.69615,-0.66875,-0.64135,-0.60901,-0.57172,-0.53444,-0.5028,-0.4768,-0.45081,-0.41913,-0.38176,-0.34438,-0.3117,-0.28371,-0.25571,-0.23349,-0.21704,-0.2006,-0.18872,-0.1814,-0.17409,-0.14204,-0.085232,0,0,0,0,0,0,0,0,0,0,0,0,0,0,0,0,0,0,0,-0.10196,-0.17189,-0.16562,-0.14635,-0.11407,-0.081788,-0.039,0.014286,0.067569,0.10507,0.12679,0.1485,0.15488,0.14591,0.13695,0.12204,0.10117,0.080304,0.051664,0.015248,-0.021166,-0.079684,-0.16031,-0.24094,-0.35081,-0.48989,-0.62898,-0.752,-0.85894,-0.96589,-1.068,-1.1653,-1.2625,-1.2776,-1.2106,-1.1436,-1.0667,-0.98,-0.89329,-0.83119,-0.79372,-0.75626,-0.74157,-0.74968,-0.75779,-0.78557,-0.83304,-0.88051,-0.89016,-0.86198,-0.83379,-0.81225,-0.79739,-0.78252,-0.77679,-0.78019,-0.7836,-0.779,-0.76638,-0.75376,-0.74522,-0.74074,-0.73626,-0.73461,-0.73577,-0.73693,-0.74192,-0.75074,-0.75957,-0.772,-0.78805,-0.80409,-0.82184,-0.84131,-0.86077,-0.87983,-0.89848,-0.91714,-0.93434,-0.95008,-0.96582,-0.97697,-0.98354,-0.99011,-0.98394,-0.96503,-0.94612,-0.94048,-0.94811,-0.95574,-0.96241,-0.9681,-0.9738,-0.97874,-0.98292,-0.9871,-0.99015,-0.99207,-0.99398,-0.99313,-0.98952,-0.98591,-0.97797,-0.96571,-0.95344,-0.93725,-0.91711,-0.89697,-0.87406,-0.84835,-0.82265,-0.79501,-0.76544,-0.73587,-0.70505,-0.67299,-0.64092,-0.60739,-0.57236,-0.53733,-0.50049,-0.46184,-0.42319,-0.384,-0.3443,-0.30462,-0.2666,-0.23024,-0.19389,-0.16088,-0.1312,-0.10151,-0.075745,-0.053897,-0.032051,-0.01373,0.0010642,0.015859,0.027657,0.036455,0.045254,0.051459,0.055071,0.058682,0.060183,0.059573,0.058963,0.056756,0.052948,0.04914,0.044572,0.039239,0.033906,0.029048,0.024662,0.02028,0.017562,0.01651,0.01546,0.016862,0.020718,0.024572,0.030985,0.039955,0.048925,0.060207,0.073803,0.087398,0.10294,0.12041,0.13788,0.15644,0.17608,0.19572,0.21533,0.23492,0.25452,0.27321,0.29099,0.30877,0.32513,0.34007,0.355,0.36825,0.37982,0.39138,0.40111,0.40899,0.41687,0.42285,0.42694,0.43103,0.43324,0.43359,0.43393,0.43242,0.42907,0.42572,0.42063,0.4138,0.40698,0.39874,0.38908,0.37941,0.36856,0.3565,0.34445,0.33127,0.31696,0.30265,0.28738,0.27115,0.25492,0.23795,0.22024,0.20254,0.18426,0.1654,0.14654,0.12729,0.10765,0.088015,0.068319,0.048557,0.028795,0.0094175,-0.0095826,-0.028583,-0.046618,-0.063693,-0.080769,-0.096241,-0.11011,-0.12398,-0.13573,-0.14535,-0.15497,-0.16208,-0.16667,-0.17125,-0.17308,-0.17216,-0.17124,-0.16765,-0.1614,-0.15514,-0.14649,-0.13545,-0.12441,-0.11149,-0.096674,-0.081868,-0.065817,-0.048512,-0.031216,-0.013277,0.0052997,0.023874,0.042437,0.060985,0.079533,0.097265,0.11418,0.13108,0.1465,0.16041,0.17433,0.1862,0.196,0.2058,0.21331,0.21852,0.22373,0.22685,0.22789,0.22894,0.22841,0.22633,0.22424,0.22144,0.21793,0.21442,0.21017,0.20519,0.20021,0.16478,0.098876,0.032968
0,0,0,0,-0.79788,-0.79368,-0.77848,-0.75227,-0.72606,-0.69321,-0.65371,-0.6142,-0.57023,-0.5218,-0.47339,-0.42309,-0.37089,-0.3187,-0.2653,-0.21069,-0.15607,-0.10166,-0.04747,0.0067317,0.05747,0.10474,0.15201,0.1921,0.22502,0.25794,0.2822,0.29778,0.31337,0.32126,0.32144,0.32162,0.31603,0.30466,0.29329,0.27721,0.25638,0.23557,0.21007,0.17988,0.14969,0.11465,0.074768,0.034883,-0.0088403,-0.056393,-0.10394,-0.15225,-0.20132,-0.25039,-0.29516,-0.33567,-0.37616,-0.40677,-0.42749,-0.44821,-0.45519,-0.4484,-0.44162,-0.42091,-0.38628,-0.35163,-0.30692,-0.25214,-0.19736,-0.13892,-0.076804,-0.014692,0.044472,0.10069,0.15692,0.20573,0.24713,0.28854,0.32093,0.34431,0.36769,0.38305,0.39038,0.3977,0.3996,0.39607,0.39254,0.38649,0.37793,0.36937,0.36033,0.35081,0.34129,0.33228,0.32377,0.31526,0.30738,0.30013,0.29288,0.28598,0.27944,0.27289,0.26628,0.2596,0.25292,0.24591,0.23858,0.23124,0.2233,0.21475,0.2062,0.19648,0.18558,0.17469,0.16175,0.14677,0.13179,0.11402,0.093462,0.072899,0.049065,0.021959,-0.0051483,-0.035579,-0.069334,-0.10309,-0.1398,-0.17946,-0.21913,-0.26052,-0.30362,-0.34672,-0.3895,-0.43195,-0.4744,-0.51402,-0.5508,-0.58759,-0.61943,-0.6463,-0.67318,-0.69359,-0.70752,-0.72144,-0.72781,-0.72662,-0.72544,-0.71585,-0.69786,-0.67986,-0.65345,-0.6186,-0.58376,-0.54222,-0.49399,-0.44575,-0.39429,-0.33962,-0.28495,-0.23117,-0.17827,-0.12537,-0.076485,-0.031598,0.013288,0.052987,0.0875,0.12201,0.15211,0.17782,0.20352,0.22626,0.24606,0.26586,0.28361,0.29932,0.31504,0.32856,0.3399,0.35125,0.35983,0.36566,0.37149,0.3741,0.37348,0.37286,0.36865,0.36085,0.35305,0.34035,0.32275,0.30513,0.28034,0.24837,0.21638,0.1754,0.1254,0.075389,0.017001,-0.049764,-0.11653,-0.18798,-0.26412,-0.34024,-0.41553,-0.49,-0.56446,-0.63227,-0.69342,-0.75456,-0.80485,-0.84428,-0.8837,-0.91099,-0.92615,-0.9413,-0.94425,-0.93498,-0.9257,-0.90684,-0.8784,-0.84995,-0.81581,-0.776,-0.73618,-0.70332,-0.67741,-0.6515,-0.61975,-0.58216,-0.54457,-0.51279,-0.48679,-0.4608,-0.42976,-0.39365,-0.35753,-0.32556,-0.29773,-0.2699,-0.24727,-0.22986,-0.21245,-0.19823,-0.18721,-0.17619,-0.14225,-0.085361,0,0,0,0,0,0,0,0,0,0,0,0,0,0,0,0,0,0,0,0,-0.1283,-0.12829,-0.11491,-0.088138,-0.06136,-0.022998,0.026944,0.076883,0.11413,0.13868,0.16323,0.17288,0.16763,0.16237,0.15204,0.13664,0.12125,0.098998,0.069896,0.040799,-0.012993,-0.091498,-0.17001,-0.28224,-0.42821,-0.57418,-0.71183,-0.84112,-0.97041,-1.0887,-1.1958,-1.303,-1.3263,-1.2658,-1.2052,-1.1248,-1.0247,-0.9245,-0.85319,-0.81072,-0.76826,-0.75125,-0.75971,-0.76817,-0.79516,-0.84068,-0.8862,-0.89692,-0.87286,-0.84878,-0.83113,-0.81992,-0.80871,-0.80169,-0.79888,-0.79606,-0.7909,-0.78339,-0.77588,-0.769,-0.76275,-0.75649,-0.75296,-0.75216,-0.75136,-0.75474,-0.76231,-0.76987,-0.78166,-0.79767,-0.81368,-0.83202,-0.85269,-0.87337,-0.89377,-0.91391,-0.93405,-0.95234,-0.9688,-0.98525,-0.99957,-1.0118,-1.024,-1.0201,-1.0002,-0.98026,-0.97069,-0.97147,-0.97224,-0.97506,-0.97991,-0.98477,-0.98906,-0.99278,-0.9965,-0.99928,-1.0011,-1.003,-1.0022,-0.99889,-0.99554,-0.98778,-0.97562,-0.96346,-0.94699,-0.9262,-0.90541,-0.8816,-0.85476,-0.82792,-0.7993,-0.76891,-0.73852,-0.70707,-0.67455,-0.64204,-0.60805,-0.57257,-0.53709,-0.49981,-0.46074,-0.42167,-0.38208,-0.34199,-0.30191,-0.26344,-0.22658,-0.18973,-0.15614,-0.12583,-0.095513,-0.069101,-0.046591,-0.024081,-0.005102,0.010346,0.025794,0.038292,0.047837,0.057382,0.064414,0.068933,0.073452,0.075907,0.076299,0.076689,0.075436,0.072535,0.069633,0.06581,0.061067,0.056321,0.051823,0.047581,0.043342,0.040534,0.039164,0.037793,0.038692,0.041862,0.045031,0.050646,0.058705,0.066763,0.077047,0.089557,0.10207,0.1165,0.13287,0.14923,0.16673,0.18537,0.20401,0.22267,0.24135,0.26002,0.27782,0.29473,0.31165,0.32719,0.34136,0.35552,0.36807,0.37901,0.38994,0.39913,0.40655,0.41398,0.41958,0.42335,0.42712,0.42906,0.42918,0.4293,0.42763,0.42416,0.4207,0.41556,0.40875,0.40195,0.39381,0.38433,0.37485,0.36428,0.35261,0.34095,0.32824,0.31448,0.30072,0.28603,0.27041,0.25479,0.23843,0.22132,0.20422,0.18648,0.16811,0.14975,0.13088,0.11152,0.092167,0.07261,0.052844,0.033073,0.013527,-0.0057983,-0.025122,-0.043642,-0.061362,-0.079083,-0.095366,-0.11021,-0.12505,-0.13791,-0.1488,-0.15968,-0.16815,-0.1742,-0.18026,-0.18361,-0.18427,-0.18492,-0.18289,-0.17817,-0.17346,-0.16625,-0.15654,-0.14683,-0.13507,-0.12123,-0.10739,-0.09207,-0.075262,-0.058459,-0.04031,-0.02082,-0.0013318,0.017418,0.035434,0.053453,0.071237,0.08878,0.10632,0.12247,0.13722,0.15197,0.1648,0.1757,0.18659,0.19536,0.20198,0.20861,0.21319,0.21572,0.21825,0.21907,0.21817,0.21728,0.21545,0.2127,0.20995,0.20636,0.20195,0.19753,0.16278,0.097689,0.032571
0,0,0,0,-0.82954,-0.83055,-0.81767,-0.79088,-0.76409,-0.72926,-0.68636,-0.64344,-0.59653,-0.54563,-0.49472,-0.4421,-0.38774,-0.3334,-0.27775,-0.22079,-0.16385,-0.10684,-0.049788,0.0072689,0.060916,0.11114,0.16138,0.20432,0.24001,0.2757,0.30233,0.3199,0.33746,0.34689,0.34816,0.34944,0.34464,0.33378,0.32292,0.30736,0.28709,0.26683,0.24203,0.21271,0.18338,0.14927,0.11037,0.071478,0.028475,-0.018636,-0.065753,-0.1143,-0.16427,-0.21422,-0.26088,-0.30424,-0.34758,-0.38207,-0.40769,-0.43331,-0.44581,-0.44518,-0.44455,-0.4299,-0.40123,-0.37257,-0.33305,-0.28267,-0.2323,-0.17707,-0.117,-0.056937,0.0014008,0.057996,0.11458,0.16457,0.20796,0.25135,0.2861,0.31221,0.33832,0.35642,0.36652,0.37661,0.38106,0.37988,0.37869,0.37464,0.36771,0.36079,0.35308,0.3446,0.33611,0.32794,0.3201,0.31226,0.30502,0.29837,0.29172,0.2854,0.2794,0.27341,0.26724,0.26089,0.25454,0.24759,0.24004,0.23249,0.22404,0.2147,0.20536,0.19472,0.18278,0.17084,0.15697,0.14117,0.12537,0.10701,0.0861,0.065184,0.041299,0.014449,-0.0124,-0.042309,-0.075277,-0.10825,-0.14397,-0.18243,-0.2209,-0.26104,-0.30285,-0.34467,-0.3862,-0.42741,-0.46863,-0.50704,-0.54266,-0.57828,-0.60892,-0.6346,-0.66028,-0.67953,-0.69234,-0.70516,-0.71055,-0.7085,-0.70645,-0.69609,-0.67742,-0.65874,-0.63149,-0.59568,-0.55987,-0.51694,-0.46689,-0.41684,-0.36309,-0.30563,-0.24818,-0.19145,-0.13544,-0.079429,-0.027899,0.019149,0.066196,0.10712,0.1419,0.17668,0.20605,0.22999,0.25394,0.2743,0.2911,0.30789,0.32256,0.33512,0.34767,0.35845,0.36745,0.37646,0.38327,0.38787,0.39247,0.39431,0.39338,0.39245,0.3881,0.38031,0.37253,0.35977,0.34205,0.32432,0.29912,0.26644,0.23376,0.19168,0.14021,0.088729,0.028391,-0.040817,-0.11002,-0.18447,-0.26417,-0.34387,-0.42308,-0.50178,-0.58049,-0.65241,-0.71754,-0.78266,-0.83634,-0.87858,-0.92081,-0.94931,-0.96408,-0.97885,-0.98021,-0.96815,-0.95608,-0.93189,-0.89556,-0.85922,-0.8224,-0.78509,-0.74778,-0.71614,-0.69016,-0.66418,-0.63218,-0.59416,-0.55614,-0.52414,-0.49815,-0.47216,-0.44128,-0.40548,-0.36968,-0.33778,-0.3098,-0.28181,-0.25726,-0.23612,-0.21498,-0.19696,-0.18208,-0.16719,-0.13313,-0.079891,0,0,0,0,0,0,0,0,0,0,0,0,0,0,0,0,0,0,0,0,-0.053685,-0.055261,-0.083929,-0.059977,-0.036017,-0.0023226,0.041108,0.084542,0.11989,0.14715,0.17441,0.1871,0.18523,0.18335,0.17685,0.16572,0.15459,0.1369,0.11264,0.088386,0.040307,-0.030782,-0.068387,-0.12253,-0.34468,-0.48148,-0.63174,-0.79538,-0.95901,-1.0945,-1.2019,-1.3092,-1.342,-1.3001,-1.2581,-1.1823,-1.0725,-0.96269,-0.88385,-0.83593,-0.78803,-0.77001,-0.78187,-0.79373,-0.81435,-0.84372,-0.87309,-0.88521,-0.88007,-0.87492,-0.86592,-0.85308,-0.84023,-0.82648,-0.81181,-0.79715,-0.79154,-0.79502,-0.79849,-0.7962,-0.78812,-0.78005,-0.77459,-0.77175,-0.7689,-0.77035,-0.77608,-0.78182,-0.79221,-0.80728,-0.82235,-0.84052,-0.86179,-0.88306,-0.90455,-0.92625,-0.94795,-0.96759,-0.98518,-1.0028,-1.0177,-1.0301,-1.0425,-1.044,-1.0348,-1.0255,-1.0149,-1.0031,-0.99129,-0.98744,-0.99156,-0.99569,-0.99931,-1.0024,-1.0056,-1.0077,-1.009,-1.0102,-1.009,-1.0055,-1.0019,-0.99423,-0.9824,-0.97056,-0.95417,-0.93323,-0.91229,-0.88804,-0.86048,-0.83292,-0.80371,-0.77288,-0.74205,-0.71017,-0.67724,-0.64431,-0.60975,-0.57353,-0.53732,-0.49939,-0.45972,-0.42005,-0.37999,-0.33953,-0.29906,-0.2602,-0.22293,-0.18566,-0.15156,-0.12061,-0.089674,-0.062565,-0.03928,-0.015996,0.0037367,0.01992,0.036103,0.049343,0.059637,0.069929,0.0778,0.083247,0.088695,0.092133,0.093564,0.094995,0.094724,0.092749,0.090774,0.087681,0.08347,0.07926,0.075055,0.070863,0.066672,0.063697,0.061943,0.060188,0.060499,0.062877,0.065256,0.069975,0.077037,0.084099,0.093358,0.10481,0.11627,0.12964,0.14493,0.16022,0.1767,0.19437,0.21205,0.22981,0.24765,0.26549,0.28249,0.29866,0.31482,0.32965,0.34314,0.35662,0.36855,0.37891,0.38927,0.39796,0.40498,0.41199,0.41724,0.42072,0.42421,0.42591,0.42583,0.42575,0.42396,0.42046,0.41697,0.41189,0.40525,0.39861,0.39068,0.38147,0.37226,0.362,0.3507,0.3394,0.32712,0.31385,0.30058,0.28641,0.27135,0.25629,0.24047,0.22388,0.2073,0.19002,0.17206,0.15409,0.13554,0.11639,0.097237,0.07774,0.057888,0.038035,0.018236,-0.0015121,-0.021255,-0.040365,-0.058844,-0.077321,-0.094518,-0.11043,-0.12634,-0.14038,-0.15255,-0.16471,-0.17453,-0.18199,-0.18945,-0.19426,-0.19642,-0.19857,-0.19803,-0.19479,-0.19154,-0.18574,-0.17739,-0.16904,-0.15848,-0.14571,-0.13293,-0.11846,-0.10229,-0.086123,-0.067448,-0.046272,-0.025093,-0.0063,0.01011,0.026523,0.043795,0.06193,0.080055,0.096911,0.11249,0.12807,0.14188,0.15392,0.16596,0.17603,0.18412,0.19221,0.19832,0.20247,0.20661,0.20894,0.20945,0.20996,0.20934,0.20758,0.20581,0.2031,0.19945,0.19579,0.16166,0.097014,0.016228
0,0,0,0,-0.8612,-0.86742,-0.85685,-0.82948,-0.80212,-0.76529,-0.71899,-0.67268,-0.62283,-0.56944,-0.51606,-0.46112,-0.40461,-0.3481,-0.29019,-0.2309,-0.17161,-0.11202,-0.052101,0.0078175,0.064365,0.11755,0.17074,0.21655,0.255,0.29344,0.32245,0.342,0.36156,0.37252,0.37489,0.37725,0.37326,0.3629,0.35254,0.33751,0.3178,0.29808,0.274,0.24554,0.21707,0.18388,0.14597,0.10807,0.065781,0.019112,-0.027564,-0.07634,-0.1272,-0.17805,-0.22659,-0.2728,-0.319,-0.35737,-0.38789,-0.41841,-0.43643,-0.44196,-0.44748,-0.43889,-0.41619,-0.3935,-0.35916,-0.3132,-0.26721,-0.21521,-0.15721,-0.099177,-0.041672,0.015285,0.072237,0.12341,0.16879,0.21415,0.25126,0.2801,0.30895,0.3298,0.34266,0.35552,0.36252,0.36368,0.36484,0.36277,0.35749,0.35221,0.34584,0.33838,0.33092,0.32361,0.31644,0.30927,0.30266,0.29661,0.29056,0.28481,0.27937,0.27393,0.2682,0.26218,0.25616,0.24927,0.2415,0.23373,0.22478,0.21465,0.20452,0.19297,0.17998,0.16699,0.15219,0.13557,0.11895,0.10001,0.078737,0.057465,0.033533,0.0069383,-0.019653,-0.049038,-0.081222,-0.11341,-0.14813,-0.1854,-0.22266,-0.26156,-0.30209,-0.34263,-0.38289,-0.42287,-0.46285,-0.50006,-0.53451,-0.56897,-0.59843,-0.6229,-0.64737,-0.66546,-0.67717,-0.68888,-0.69329,-0.69038,-0.68747,-0.67633,-0.65697,-0.63761,-0.60954,-0.57276,-0.53597,-0.49165,-0.43979,-0.38793,-0.33189,-0.27165,-0.21141,-0.15173,-0.092606,-0.033482,0.020687,0.069899,0.11911,0.16124,0.1963,0.23136,0.25998,0.28218,0.30436,0.32235,0.33614,0.34993,0.36152,0.37091,0.3803,0.38833,0.39501,0.40168,0.40671,0.41008,0.41346,0.41453,0.41329,0.41205,0.40754,0.39977,0.39201,0.3792,0.36135,0.3435,0.31789,0.28451,0.25112,0.20796,0.15501,0.10205,0.039767,-0.031859,-0.1035,-0.18095,-0.26422,-0.3475,-0.43062,-0.51357,-0.59652,-0.67255,-0.74166,-0.81076,-0.86783,-0.91288,-0.95792,-0.98763,-1.002,-1.0164,-1.0162,-1.0013,-0.98647,-0.95693,-0.91273,-0.86852,-0.829,-0.79418,-0.75938,-0.72895,-0.70291,-0.67687,-0.64463,-0.60617,-0.56771,-0.53549,-0.5095,-0.48352,-0.45279,-0.41731,-0.38182,-0.35001,-0.32187,-0.29374,-0.26724,-0.24237,-0.2175,-0.19569,-0.17694,-0.15819,-0.12402,-0.038579,0,0,0,0,0,0,0,0,0,0,0,0,0,0,0,0,0,0,0,0,0,0,-0.034219,-0.031816,-0.010675,0.018357,0.055277,0.092196,0.12564,0.15561,0.18558,0.20132,0.20282,0.20432,0.20164,0.19478,0.18792,0.17479,0.15538,0.13596,0.093607,0,0,0,-0.26115,-0.38878,-0.55163,-0.74963,-0.9476,-1.1004,-1.2079,-1.3155,-1.3576,-1.3343,-1.311,-1.2397,-1.1203,-1.0009,-0.91451,-0.86115,-0.80781,-0.78877,-0.80403,-0.81929,-0.83354,-0.84677,-0.85999,-0.87349,-0.88727,-0.90105,-0.9007,-0.88623,-0.87175,-0.85126,-0.82476,-0.79824,-0.7922,-0.80665,-0.82111,-0.82339,-0.8135,-0.80361,-0.79623,-0.79134,-0.78645,-0.78596,-0.78986,-0.79376,-0.80277,-0.81689,-0.83101,-0.84901,-0.87089,-0.89276,-0.91533,-0.93859,-0.96185,-0.98283,-1.0016,-1.0203,-1.0359,-1.0484,-1.061,-1.0679,-1.0693,-1.0707,-1.0592,-1.0348,-1.0103,-0.99982,-1.0032,-1.0066,-1.0096,-1.0121,-1.0146,-1.0162,-1.0168,-1.0174,-1.0158,-1.0121,-1.0083,-1.0007,-0.98917,-0.97766,-0.96136,-0.94027,-0.91917,-0.89449,-0.86621,-0.83791,-0.80813,-0.77686,-0.74559,-0.71328,-0.67993,-0.64658,-0.61144,-0.57449,-0.53756,-0.49896,-0.4587,-0.41843,-0.37789,-0.33706,-0.29623,-0.25697,-0.21928,-0.18159,-0.14697,-0.11541,-0.083844,-0.056032,-0.031974,-0.0079131,0.012577,0.029495,0.046414,0.060395,0.071437,0.082478,0.091186,0.097562,0.10394,0.10836,0.11083,0.1133,0.11401,0.11296,0.11192,0.10955,0.10588,0.1022,0.098288,0.094145,0.090003,0.08686,0.08472,0.082582,0.082307,0.083893,0.085478,0.089303,0.095369,0.10143,0.10967,0.12007,0.13047,0.14278,0.15699,0.17121,0.18667,0.20338,0.22009,0.23694,0.25395,0.27095,0.28716,0.30258,0.318,0.33212,0.34493,0.35774,0.36904,0.37882,0.38861,0.3968,0.4034,0.41,0.4149,0.41809,0.42129,0.42275,0.42247,0.42219,0.42029,0.41676,0.41324,0.40823,0.40175,0.39527,0.38756,0.37861,0.36966,0.35972,0.34879,0.33785,0.32599,0.31322,0.30044,0.28679,0.27229,0.25779,0.2425,0.22644,0.21038,0.19357,0.176,0.15844,0.1402,0.12125,0.10231,0.08287,0.062929,0.04299,0.022941,0.0027755,-0.017388,-0.037087,-0.056325,-0.075564,-0.093673,-0.11065,-0.12763,-0.14284,-0.15629,-0.16975,-0.18091,-0.18978,-0.19865,-0.20491,-0.20857,-0.21222,-0.21317,-0.2114,-0.20963,-0.20524,-0.19824,-0.19124,-0.18189,-0.17018,-0.15846,-0.14485,-0.12932,-0.11379,-0.094594,-0.071728,-0.048859,-0.030023,-0.015218,-0.00041511,0.016346,0.035076,0.053797,0.071358,0.087766,0.10417,0.11896,0.13214,0.14533,0.1567,0.16625,0.1758,0.18346,0.18921,0.19496,0.1988,0.20073,0.20265,0.20323,0.20245,0.20167,0.19984,0.19695,0.19406,0.16053,0.096335,0
0,0,0,0,-0.88702,-0.8947,-0.88477,-0.85722,-0.82968,-0.792,-0.74417,-0.69635,-0.64501,-0.59014,-0.53528,-0.4788,-0.42068,-0.36255,-0.30291,-0.24175,-0.18058,-0.11895,-0.056869,0.0052085,0.064042,0.11964,0.17523,0.22347,0.26432,0.30519,0.33642,0.35801,0.3796,0.39227,0.39603,0.39979,0.39691,0.3874,0.37788,0.36364,0.34468,0.3257,0.30251,0.27509,0.24766,0.21565,0.17908,0.14251,0.10146,0.055949,0.01044,-0.03766,-0.088377,-0.13909,-0.18841,-0.23634,-0.28425,-0.32544,-0.3599,-0.39434,-0.41718,-0.4284,-0.43962,-0.43699,-0.4205,-0.40401,-0.37541,-0.3347,-0.29398,-0.24623,-0.19144,-0.13664,-0.081168,-0.025034,0.031096,0.08241,0.12889,0.17536,0.21413,0.24522,0.27629,0.29956,0.31503,0.33049,0.33999,0.34355,0.3471,0.34717,0.34375,0.34034,0.33556,0.32941,0.32327,0.31708,0.31083,0.30459,0.29879,0.29345,0.2881,0.28296,0.27804,0.27312,0.26776,0.26199,0.25621,0.24934,0.24136,0.2334,0.22403,0.21328,0.20252,0.19024,0.17645,0.16265,0.14712,0.12984,0.11257,0.09314,0.07155,0.049958,0.02589,-0.00066132,-0.027214,-0.056402,-0.088229,-0.12005,-0.15428,-0.19091,-0.22755,-0.26571,-0.30538,-0.34506,-0.38435,-0.42323,-0.46212,-0.4981,-0.53115,-0.56421,-0.59214,-0.61492,-0.63771,-0.6541,-0.66411,-0.67412,-0.67699,-0.67273,-0.66847,-0.65625,-0.63607,-0.61588,-0.5871,-0.54971,-0.51232,-0.46714,-0.41417,-0.3612,-0.30352,-0.24112,-0.17872,-0.11651,-0.054487,0.0075411,0.06442,0.11616,0.16789,0.2118,0.24788,0.28396,0.31263,0.3339,0.35517,0.37149,0.38287,0.39425,0.4032,0.4097,0.41621,0.42161,0.4259,0.43019,0.43333,0.43532,0.43731,0.43741,0.43564,0.43387,0.42902,0.42108,0.41314,0.40012,0.38201,0.36389,0.33779,0.30368,0.26957,0.22532,0.17091,0.11648,0.052236,-0.021851,-0.095948,-0.17648,-0.26343,-0.3504,-0.4375,-0.52473,-0.61194,-0.69205,-0.76505,-0.83804,-0.89826,-0.9457,-0.99312,-1.0239,-1.038,-1.052,-1.049,-1.0288,-1.0086,-0.97676,-0.93337,-0.88999,-0.84993,-0.81322,-0.77652,-0.74493,-0.71842,-0.69191,-0.65896,-0.61957,-0.58017,-0.54632,-0.518,-0.48968,-0.45801,-0.42299,-0.38797,-0.35569,-0.32616,-0.29662,-0.26807,-0.2405,-0.21293,-0.18802,-0.16577,-0.14353,-0.10998,0,0,0,0,0,0,0,0,0,0,0,0,0,0,0,0,0,0,0,0,0,0,0,0,-0.0086274,0.011921,0.037621,0.068472,0.099318,0.12985,0.16006,0.19028,0.20768,0.21226,0.21684,0.21623,0.21044,0.20465,0.19335,0.17655,0.15975,0.1213,0,0,0,-0.18281,-0.28535,-0.44664,-0.66661,-0.88657,-1.0498,-1.1564,-1.263,-1.3139,-1.3092,-1.3045,-1.2482,-1.1401,-1.032,-0.94976,-0.89341,-0.83707,-0.81576,-0.82947,-0.84319,-0.85367,-0.86091,-0.86815,-0.87945,-0.8948,-0.91016,-0.91235,-0.90137,-0.89038,-0.87111,-0.84355,-0.81599,-0.8085,-0.82111,-0.83371,-0.83771,-0.83309,-0.82847,-0.82276,-0.81596,-0.80916,-0.80672,-0.80865,-0.81057,-0.81781,-0.83038,-0.84295,-0.8599,-0.88123,-0.90256,-0.92517,-0.94906,-0.97294,-0.99482,-1.0147,-1.0345,-1.0511,-1.0643,-1.0776,-1.0877,-1.0946,-1.1015,-1.0894,-1.0583,-1.0271,-1.0129,-1.0156,-1.0183,-1.0206,-1.0225,-1.0244,-1.0253,-1.0252,-1.0251,-1.023,-1.0188,-1.0145,-1.0066,-0.99502,-0.98341,-0.96706,-0.94596,-0.92486,-0.90014,-0.87177,-0.84339,-0.81349,-0.78206,-0.75061,-0.71796,-0.68408,-0.65019,-0.61436,-0.5766,-0.53884,-0.49951,-0.45859,-0.41768,-0.3766,-0.33535,-0.29409,-0.2544,-0.21628,-0.17816,-0.14299,-0.11079,-0.078598,-0.050034,-0.025105,-0.0001751,0.021177,0.038945,0.056713,0.071509,0.083333,0.095155,0.10472,0.11203,0.11933,0.12473,0.12823,0.13172,0.13341,0.13327,0.13313,0.13152,0.12843,0.12534,0.12178,0.11775,0.11371,0.11042,0.10788,0.10534,0.10444,0.10518,0.10592,0.10879,0.11379,0.11878,0.12594,0.13524,0.14455,0.15577,0.16891,0.18204,0.19646,0.21216,0.22786,0.24378,0.25993,0.27608,0.2915,0.30621,0.32092,0.33438,0.34659,0.35881,0.36956,0.37886,0.38816,0.39594,0.4022,0.40846,0.4131,0.41611,0.41911,0.42045,0.42011,0.41977,0.41788,0.41444,0.411,0.40616,0.39994,0.39371,0.38629,0.37767,0.36906,0.35947,0.34891,0.33835,0.32691,0.31459,0.30228,0.28913,0.27513,0.26114,0.24633,0.23069,0.21506,0.1986,0.18131,0.16402,0.14593,0.12703,0.10814,0.088612,0.068434,0.048258,0.027812,0.0070909,-0.013631,-0.034052,-0.054172,-0.074295,-0.093414,-0.11153,-0.12965,-0.14607,-0.1608,-0.17552,-0.18799,-0.19819,-0.20839,-0.21601,-0.22104,-0.22608,-0.22838,-0.22795,-0.22753,-0.22444,-0.2187,-0.21295,-0.20476,-0.1941,-0.18345,-0.17071,-0.1559,-0.14108,-0.12204,-0.098792,-0.075534,-0.056778,-0.042525,-0.028273,-0.011521,0.0077459,0.027012,0.045255,0.062488,0.079714,0.095461,0.10973,0.12401,0.1366,0.1475,0.15839,0.16748,0.17476,0.18204,0.18738,0.19078,0.19418,0.196,0.19625,0.1965,0.19548,0.19318,0.19089,0.15814,0.094901,0.015638
0,0,0,0,-0.90702,-0.9124,-0.90143,-0.8741,-0.84677,-0.80938,-0.76191,-0.71444,-0.66305,-0.60771,-0.55238,-0.49514,-0.43595,-0.37678,-0.3159,-0.25331,-0.19072,-0.12765,-0.064108,-0.00056037,0.059951,0.11741,0.17486,0.22506,0.26799,0.31092,0.34423,0.36792,0.3916,0.40616,0.4116,0.41704,0.4156,0.40727,0.39894,0.38576,0.36773,0.34968,0.32756,0.30134,0.27512,0.24457,0.20969,0.1748,0.13555,0.091923,0.048292,0.0017265,-0.04781,-0.097338,-0.14634,-0.19484,-0.24331,-0.28627,-0.32371,-0.36113,-0.38808,-0.40454,-0.421,-0.4242,-0.41416,-0.40411,-0.38179,-0.3472,-0.3126,-0.27012,-0.21973,-0.16933,-0.11708,-0.062966,-0.0088525,0.041554,0.088263,0.13497,0.17473,0.20754,0.24035,0.26571,0.28362,0.30152,0.31348,0.31948,0.32548,0.32782,0.32649,0.32516,0.32223,0.31769,0.31315,0.30836,0.3033,0.29823,0.29343,0.28889,0.28434,0.27985,0.27541,0.27097,0.26594,0.26031,0.25468,0.24779,0.23964,0.23149,0.2218,0.21057,0.19934,0.18655,0.17219,0.15782,0.14176,0.124,0.10623,0.086414,0.064539,0.042665,0.018368,-0.0083547,-0.035079,-0.064393,-0.096297,-0.1282,-0.16243,-0.19899,-0.23555,-0.27346,-0.3127,-0.35195,-0.39055,-0.42849,-0.46643,-0.50112,-0.53256,-0.56401,-0.59005,-0.61067,-0.6313,-0.64546,-0.65316,-0.66086,-0.66166,-0.65557,-0.64947,-0.63585,-0.6147,-0.59356,-0.56417,-0.52653,-0.4889,-0.44339,-0.39001,-0.33663,-0.27798,-0.21405,-0.15012,-0.085801,-0.021082,0.043627,0.1033,0.15793,0.21255,0.25878,0.29663,0.33447,0.36399,0.38518,0.40636,0.42173,0.43131,0.44088,0.4476,0.45149,0.45538,0.45826,0.46013,0.462,0.46315,0.46358,0.46401,0.46297,0.46045,0.45793,0.45252,0.44424,0.43595,0.42254,0.40402,0.38549,0.35881,0.32396,0.2891,0.24375,0.1879,0.13205,0.065826,-0.010783,-0.087392,-0.17107,-0.26181,-0.35257,-0.44371,-0.53524,-0.62678,-0.71094,-0.78774,-0.86453,-0.92763,-0.97703,-1.0264,-1.0581,-1.0719,-1.0858,-1.0786,-1.0505,-1.0224,-0.99137,-0.95749,-0.92361,-0.88518,-0.8422,-0.79922,-0.76405,-0.73667,-0.70929,-0.67519,-0.63436,-0.59354,-0.55662,-0.52363,-0.49063,-0.45694,-0.42254,-0.38815,-0.35485,-0.32267,-0.29048,-0.25976,-0.23051,-0.20127,-0.17395,-0.14858,-0.12321,-0.091013,0,0,0,0,0,0,0,0,0,0,0,0,0,0,0,0,0,0,0,0,0,0,0,0,0.0095928,0.03177,0.055469,0.080692,0.10591,0.13252,0.16051,0.1885,0.20617,0.21354,0.22089,0.22061,0.21269,0.20477,0.1926,0.17618,0.15976,0.1234,0,0,0,-0.073115,-0.11414,-0.19084,-0.54632,-0.77589,-0.94289,-1.0473,-1.1518,-1.211,-1.2249,-1.2387,-1.2077,-1.1319,-1.056,-0.98958,-0.93269,-0.8758,-0.85096,-0.85819,-0.86542,-0.87474,-0.88615,-0.89756,-0.90306,-0.90266,-0.90226,-0.90087,-0.8985,-0.89613,-0.88603,-0.86821,-0.85038,-0.84044,-0.83838,-0.83633,-0.83916,-0.84689,-0.85461,-0.85419,-0.84562,-0.83705,-0.83266,-0.83245,-0.83225,-0.83734,-0.84775,-0.85815,-0.87317,-0.89281,-0.91244,-0.93406,-0.95765,-0.98123,-1.0035,-1.0245,-1.0456,-1.0633,-1.0778,-1.0923,-1.1032,-1.1106,-1.1179,-1.1056,-1.0737,-1.0417,-1.0268,-1.0288,-1.0309,-1.0325,-1.0336,-1.0348,-1.035,-1.0343,-1.0335,-1.0306,-1.0256,-1.0206,-1.0121,-0.99993,-0.9878,-0.97126,-0.95031,-0.92937,-0.90499,-0.87718,-0.84936,-0.81979,-0.78847,-0.75715,-0.72422,-0.68968,-0.65513,-0.61852,-0.57984,-0.54117,-0.50103,-0.45942,-0.4178,-0.37613,-0.33439,-0.29263,-0.25247,-0.2139,-0.17532,-0.13961,-0.10677,-0.07393,-0.044565,-0.018674,0.0072204,0.029534,0.048265,0.066999,0.082687,0.095324,0.10796,0.1184,0.12664,0.13487,0.14125,0.14576,0.15027,0.15291,0.15366,0.15441,0.15356,0.15113,0.14869,0.14554,0.14167,0.13781,0.13439,0.13142,0.12846,0.1269,0.12674,0.12659,0.12844,0.13229,0.13614,0.14216,0.15034,0.15851,0.16863,0.18067,0.19272,0.20606,0.22072,0.23537,0.25033,0.2656,0.28086,0.29551,0.30954,0.32358,0.33644,0.34814,0.35983,0.37013,0.37904,0.38794,0.39539,0.40138,0.40738,0.41184,0.41476,0.41768,0.419,0.41873,0.41846,0.41671,0.41348,0.41025,0.40569,0.39981,0.39392,0.38687,0.37865,0.37043,0.36123,0.35106,0.34088,0.32986,0.31798,0.30612,0.29342,0.27988,0.26635,0.25194,0.23664,0.22135,0.20513,0.18797,0.17082,0.15274,0.13375,0.11475,0.094972,0.074406,0.053845,0.032854,0.011429,-0.0099939,-0.031269,-0.052393,-0.073518,-0.093746,-0.11308,-0.13241,-0.15007,-0.16605,-0.18204,-0.19576,-0.20722,-0.21869,-0.22756,-0.23385,-0.24013,-0.24366,-0.24445,-0.24524,-0.24335,-0.23876,-0.23417,-0.22708,-0.21747,-0.20787,-0.19605,-0.18202,-0.16799,-0.1498,-0.12746,-0.10512,-0.086569,-0.071813,-0.057053,-0.039805,-0.020053,-0.00029843,0.018598,0.036649,0.054704,0.071388,0.0867,0.10202,0.11574,0.12784,0.13996,0.15038,0.15912,0.16786,0.17469,0.17962,0.18456,0.18768,0.18899,0.19029,0.19002,0.18816,0.18629,0.15448,0.0927,0.030909
0,0,0,0,-0.92701,-0.93009,-0.91807,-0.89096,-0.86385,-0.82674,-0.77963,-0.73252,-0.68107,-0.62527,-0.56948,-0.51148,-0.45124,-0.391,-0.32889,-0.26488,-0.20087,-0.13636,-0.071338,-0.0063176,0.055856,0.11517,0.17449,0.22666,0.27166,0.31666,0.35205,0.37782,0.40359,0.42004,0.42717,0.43429,0.43428,0.42714,0.42,0.40787,0.39077,0.37367,0.35261,0.32759,0.30257,0.27347,0.24028,0.20709,0.16963,0.12789,0.086153,0.041114,-0.0072404,-0.055587,-0.10428,-0.15334,-0.20238,-0.24709,-0.2875,-0.32791,-0.35897,-0.38066,-0.40236,-0.41141,-0.40781,-0.40421,-0.38817,-0.35969,-0.33122,-0.29398,-0.24801,-0.20202,-0.15298,-0.10089,-0.048794,0.00071515,0.04765,0.094593,0.13533,0.16987,0.20441,0.23187,0.25222,0.27256,0.28697,0.29542,0.30387,0.30847,0.30923,0.30999,0.3089,0.30597,0.30304,0.29963,0.29576,0.29188,0.28807,0.28433,0.28058,0.27674,0.27278,0.26883,0.26411,0.25863,0.25315,0.24624,0.23792,0.22959,0.21957,0.20787,0.19617,0.18285,0.16792,0.15299,0.1364,0.11815,0.09989,0.079686,0.057527,0.035369,0.01084,-0.016058,-0.042954,-0.072391,-0.10437,-0.13634,-0.17058,-0.20707,-0.24356,-0.28122,-0.32003,-0.35885,-0.39676,-0.43375,-0.47074,-0.50415,-0.53398,-0.56381,-0.58796,-0.60642,-0.62489,-0.63682,-0.64222,-0.64761,-0.64633,-0.6384,-0.63047,-0.61545,-0.59334,-0.57123,-0.54123,-0.50335,-0.46547,-0.41964,-0.36584,-0.31205,-0.25243,-0.18697,-0.12152,-0.055092,0.012314,0.079713,0.14217,0.19969,0.2572,0.30577,0.34538,0.38499,0.41534,0.43645,0.45755,0.47198,0.47974,0.4875,0.49201,0.49328,0.49456,0.49491,0.49436,0.4938,0.49296,0.49184,0.49072,0.48853,0.48525,0.48198,0.47603,0.46739,0.45875,0.44496,0.42603,0.40709,0.37983,0.34423,0.30863,0.26218,0.2049,0.14761,0.079404,0.00027746,-0.078855,-0.16568,-0.26021,-0.35475,-0.44993,-0.54576,-0.6416,-0.72982,-0.81042,-0.89103,-0.95701,-1.0084,-1.0597,-1.0922,-1.1059,-1.1195,-1.1083,-1.0723,-1.0362,-1.006,-0.98161,-0.95724,-0.92042,-0.87118,-0.82193,-0.78318,-0.75493,-0.72668,-0.69142,-0.64916,-0.6069,-0.56693,-0.52926,-0.49159,-0.45586,-0.42209,-0.38831,-0.354,-0.31917,-0.28434,-0.25145,-0.22052,-0.18959,-0.15988,-0.13139,-0.1029,-0.072047,0,0,0,0,0,0,0,0,0,0,0,0,0,0,0,0,0,0,0,0,0,0,0,0,0.0093513,0.020847,0.073314,0.092913,0.11251,0.13519,0.16095,0.18671,0.20467,0.21481,0.22495,0.225,0.21494,0.20489,0.19185,0.1758,0.15976,0.12549,0,0,0,0,0,0,-0.42605,-0.66523,-0.83599,-0.93831,-1.0406,-1.108,-1.1405,-1.1729,-1.1673,-1.1236,-1.0799,-1.0294,-0.97196,-0.91453,-0.88618,-0.88691,-0.88765,-0.89581,-0.91139,-0.92696,-0.92668,-0.91052,-0.89437,-0.88941,-0.89564,-0.90187,-0.90095,-0.89286,-0.88477,-0.87237,-0.85566,-0.83895,-0.84062,-0.86069,-0.88076,-0.88562,-0.87528,-0.86493,-0.85859,-0.85626,-0.85393,-0.85688,-0.86511,-0.87335,-0.88644,-0.90439,-0.92233,-0.94295,-0.96624,-0.98952,-1.0123,-1.0344,-1.0566,-1.0755,-1.0913,-1.107,-1.1188,-1.1265,-1.1343,-1.1218,-1.089,-1.0563,-1.0406,-1.042,-1.0434,-1.0443,-1.0448,-1.0452,-1.0447,-1.0433,-1.0419,-1.0383,-1.0325,-1.0267,-1.0175,-1.0048,-0.99219,-0.97547,-0.95467,-0.93387,-0.90984,-0.88258,-0.85533,-0.82609,-0.79489,-0.76369,-0.73049,-0.69528,-0.66007,-0.62267,-0.58308,-0.5435,-0.50255,-0.46024,-0.41792,-0.37565,-0.33342,-0.29118,-0.25055,-0.21152,-0.17248,-0.13623,-0.10275,-0.069263,-0.039093,-0.012238,0.014613,0.037889,0.057586,0.077285,0.093863,0.10731,0.12077,0.13208,0.14125,0.15042,0.15777,0.1633,0.16882,0.17241,0.17405,0.17568,0.17561,0.17383,0.17204,0.1693,0.1656,0.1619,0.15835,0.15496,0.15157,0.14935,0.1483,0.14725,0.14808,0.15079,0.1535,0.15838,0.16543,0.17248,0.18148,0.19244,0.20339,0.21567,0.22927,0.24288,0.25688,0.27126,0.28564,0.29951,0.31287,0.32623,0.3385,0.34968,0.36086,0.3707,0.37921,0.38772,0.39483,0.40056,0.40629,0.41058,0.41341,0.41624,0.41755,0.41736,0.41716,0.41555,0.41252,0.4095,0.40521,0.39968,0.39414,0.38746,0.37963,0.3718,0.36299,0.3532,0.34341,0.3328,0.32138,0.30995,0.2977,0.28463,0.27156,0.25755,0.2426,0.22765,0.21166,0.19463,0.17762,0.15956,0.14046,0.12136,0.10134,0.080381,0.059432,0.037897,0.015766,-0.006364,-0.02849,-0.050616,-0.072743,-0.094079,-0.11462,-0.13517,-0.15407,-0.17131,-0.18855,-0.20354,-0.21626,-0.22899,-0.23911,-0.24665,-0.25418,-0.25895,-0.26096,-0.26296,-0.26225,-0.25882,-0.25539,-0.2494,-0.24085,-0.2323,-0.2214,-0.20815,-0.19491,-0.17757,-0.15613,-0.1347,-0.11636,-0.1011,-0.085843,-0.068095,-0.04785,-0.027611,-0.0080611,0.010811,0.029692,0.047313,0.063672,0.080034,0.094875,0.10819,0.12152,0.13328,0.14347,0.15366,0.162,0.16846,0.17493,0.17935,0.18172,0.18408,0.18455,0.18312,0.18169,0.15083,0.090508,0.030178
0,0,0,0,-0.93773,-0.93852,-0.9256,-0.89897,-0.87232,-0.83602,-0.79005,-0.74409,-0.69346,-0.63816,-0.58285,-0.52495,-0.46443,-0.40391,-0.34132,-0.27668,-0.21202,-0.14678,-0.08094,-0.015112,0.048047,0.10855,0.16905,0.22264,0.26932,0.31599,0.3532,0.38093,0.40867,0.42702,0.43597,0.44491,0.4465,0.44072,0.43493,0.42402,0.40799,0.39195,0.37207,0.34835,0.32463,0.29713,0.26586,0.23457,0.19924,0.15985,0.12046,0.077586,0.031205,-0.015169,-0.062639,-0.11121,-0.15978,-0.20517,-0.24743,-0.2897,-0.32388,-0.34996,-0.37603,-0.39033,-0.39286,-0.39538,-0.38559,-0.36349,-0.34139,-0.30989,-0.26902,-0.22815,-0.18312,-0.13395,-0.084785,-0.037061,0.0092376,0.055553,0.096543,0.1322,0.16786,0.1969,0.21929,0.24169,0.25825,0.26896,0.27967,0.28644,0.28927,0.29209,0.29289,0.29167,0.29045,0.28855,0.28597,0.28339,0.28068,0.27782,0.27496,0.27181,0.26836,0.26491,0.26053,0.25522,0.24991,0.24304,0.2346,0.22616,0.21593,0.20389,0.19186,0.17814,0.16275,0.14736,0.13029,0.11156,0.092822,0.072158,0.049564,0.02697,0.0020165,-0.025295,-0.052605,-0.082426,-0.11476,-0.14709,-0.18157,-0.21819,-0.25481,-0.29234,-0.33078,-0.36922,-0.40641,-0.44233,-0.47823,-0.51018,-0.53817,-0.56616,-0.58818,-0.60422,-0.62027,-0.62969,-0.63249,-0.63529,-0.63165,-0.62158,-0.61151,-0.59486,-0.57161,-0.54837,-0.51774,-0.47973,-0.44171,-0.39583,-0.34207,-0.28833,-0.22834,-0.16208,-0.095817,-0.027984,0.041444,0.11088,0.17569,0.23588,0.29607,0.34703,0.38878,0.43053,0.46228,0.48403,0.50578,0.52002,0.52677,0.53351,0.5365,0.53572,0.53495,0.5332,0.53048,0.52777,0.52505,0.52234,0.51962,0.51619,0.51202,0.50785,0.50121,0.49208,0.48296,0.4687,0.4493,0.4299,0.40202,0.36567,0.32931,0.28175,0.22298,0.1642,0.093922,0.012142,-0.069638,-0.15965,-0.25791,-0.35619,-0.45533,-0.55535,-0.65538,-0.74751,-0.8317,-0.91589,-0.98447,-1.0374,-1.0904,-1.1239,-1.138,-1.1521,-1.1401,-1.1019,-1.0637,-1.032,-1.007,-0.98189,-0.94486,-0.89588,-0.8469,-0.80584,-0.77269,-0.73953,-0.70171,-0.6592,-0.61669,-0.57505,-0.53428,-0.49351,-0.45585,-0.4213,-0.38675,-0.35169,-0.3161,-0.28052,-0.24533,-0.21054,-0.17575,-0.14267,-0.11131,-0.079938,-0.051513,0,0,0,0,0,0,0,0,0,0,0,0,0,0,0,0,0,0,0,0,0,0,0,0,0,0,0.082754,0.099095,0.11543,0.13557,0.15951,0.18346,0.20092,0.21191,0.22289,0.22276,0.21152,0.20029,0.18641,0.16988,0.15336,0.12092,0.034596,0,0,0,0,0,-0.33265,-0.55444,-0.71397,-0.81121,-0.90847,-0.981,-1.0288,-1.0766,-1.093,-1.0781,-1.0632,-1.0336,-0.98924,-0.94489,-0.92018,-0.9151,-0.91002,-0.91559,-0.9318,-0.94801,-0.94636,-0.92686,-0.90735,-0.89922,-0.90247,-0.90574,-0.90751,-0.90779,-0.90808,-0.89852,-0.8791,-0.85969,-0.85901,-0.87706,-0.89511,-0.90219,-0.8983,-0.89441,-0.89027,-0.88589,-0.88151,-0.8821,-0.88766,-0.89322,-0.90366,-0.91898,-0.93431,-0.95299,-0.97503,-0.99707,-1.0194,-1.0421,-1.0648,-1.0847,-1.1016,-1.1186,-1.1314,-1.1401,-1.1488,-1.1396,-1.1127,-1.0858,-1.0698,-1.0647,-1.0597,-1.057,-1.0568,-1.0566,-1.0554,-1.0532,-1.051,-1.0466,-1.04,-1.0333,-1.0233,-1.0101,-0.99677,-0.97985,-0.95929,-0.93874,-0.91518,-0.88862,-0.86205,-0.83318,-0.80203,-0.77087,-0.73736,-0.7015,-0.66564,-0.62755,-0.58722,-0.54689,-0.50527,-0.46238,-0.41948,-0.37667,-0.33394,-0.29121,-0.25004,-0.21045,-0.17087,-0.134,-0.099841,-0.06568,-0.034761,-0.0070874,0.020584,0.044768,0.065462,0.086153,0.10375,0.11825,0.13276,0.14512,0.15534,0.16556,0.17397,0.18055,0.18714,0.19173,0.19432,0.19691,0.19765,0.19655,0.19544,0.19312,0.18959,0.18606,0.18239,0.17858,0.17477,0.17191,0.17001,0.16811,0.16797,0.16959,0.17121,0.17497,0.18086,0.18674,0.19457,0.20434,0.21412,0.22524,0.23771,0.25018,0.26314,0.27658,0.29002,0.30307,0.31575,0.32842,0.34012,0.35084,0.36157,0.37104,0.37925,0.38747,0.39436,0.39994,0.40552,0.40973,0.41258,0.41543,0.41685,0.41684,0.41684,0.41548,0.41276,0.41004,0.40612,0.40098,0.39585,0.38959,0.38223,0.37486,0.36651,0.35719,0.34787,0.33773,0.32677,0.3158,0.30398,0.2913,0.27862,0.26491,0.25017,0.23543,0.21954,0.2025,0.18546,0.16726,0.14788,0.12851,0.10806,0.086547,0.065033,0.042782,0.019789,-0.0032011,-0.026312,-0.049549,-0.072793,-0.095308,-0.11709,-0.13888,-0.15903,-0.17753,-0.19602,-0.21225,-0.2262,-0.24014,-0.25145,-0.26012,-0.26878,-0.27462,-0.27764,-0.28065,-0.28089,-0.27835,-0.27581,-0.27067,-0.26292,-0.25517,-0.24499,-0.23237,-0.21976,-0.20338,-0.18323,-0.16309,-0.14519,-0.12954,-0.1139,-0.095757,-0.075116,-0.054481,-0.034351,-0.014721,0.0049091,0.023396,0.040736,0.058068,0.073941,0.088355,0.10276,0.11565,0.12701,0.13838,0.14791,0.15563,0.16334,0.16879,0.17198,0.17517,0.17597,0.17438,0.17279,0.14335,0.08603,0.028684
0,0,0,0,-0.93917,-0.93771,-0.92402,-0.89811,-0.8722,-0.83722,-0.79319,-0.74916,-0.70022,-0.64636,-0.59249,-0.53554,-0.47552,-0.41551,-0.35323,-0.28871,-0.22418,-0.15893,-0.09293,-0.026936,0.036554,0.097556,0.15855,0.21303,0.26098,0.30892,0.34768,0.37726,0.40685,0.4271,0.438,0.44891,0.45224,0.44799,0.44374,0.43421,0.41937,0.40453,0.38594,0.36361,0.34128,0.31554,0.28639,0.25723,0.22437,0.1878,0.15123,0.11114,0.067522,0.023911,-0.021417,-0.068459,-0.11549,-0.16051,-0.20352,-0.24653,-0.28283,-0.31242,-0.34201,-0.36097,-0.3693,-0.37763,-0.37406,-0.35859,-0.34312,-0.31784,-0.28276,-0.24768,-0.20748,-0.16216,-0.11683,-0.071754,-0.026946,0.017868,0.058362,0.094526,0.13068,0.16079,0.18485,0.2089,0.22732,0.24012,0.2529,0.26173,0.2666,0.27147,0.2742,0.27479,0.27538,0.2751,0.27394,0.27278,0.27126,0.26937,0.26748,0.26507,0.26215,0.25922,0.2552,0.25009,0.24497,0.23817,0.22969,0.22122,0.21087,0.19864,0.18641,0.17242,0.15667,0.14093,0.12345,0.10424,0.085029,0.063834,0.040654,0.017474,-0.0080985,-0.036058,-0.064018,-0.094487,-0.12746,-0.16044,-0.1954,-0.23235,-0.2693,-0.30683,-0.34495,-0.38308,-0.41949,-0.4542,-0.48889,-0.5192,-0.54514,-0.57107,-0.59072,-0.60407,-0.61742,-0.62406,-0.62399,-0.62391,-0.61761,-0.60511,-0.59261,-0.57408,-0.54954,-0.52499,-0.49369,-0.45564,-0.41759,-0.37195,-0.31871,-0.26547,-0.20569,-0.13937,-0.073034,-0.0044723,0.066326,0.13713,0.20384,0.26649,0.32912,0.38257,0.42684,0.47109,0.50479,0.52792,0.55104,0.56586,0.57239,0.57892,0.58105,0.5788,0.57655,0.57312,0.56851,0.5639,0.55942,0.55507,0.55072,0.54595,0.54075,0.53555,0.52807,0.51832,0.50857,0.49374,0.47384,0.45393,0.42541,0.38829,0.35117,0.30246,0.24216,0.18185,0.10942,0.02484,-0.059733,-0.15298,-0.25492,-0.35686,-0.4599,-0.56402,-0.66815,-0.76401,-0.85158,-0.93914,-1.01,-1.0642,-1.1184,-1.1531,-1.1683,-1.1836,-1.1739,-1.1393,-1.1048,-1.0695,-1.0335,-0.99756,-0.95849,-0.91633,-0.87416,-0.83204,-0.78995,-0.74787,-0.70605,-0.66448,-0.62291,-0.58098,-0.53868,-0.49639,-0.45689,-0.42018,-0.38348,-0.3479,-0.31346,-0.27902,-0.24138,-0.20056,-0.15975,-0.066252,-0.049911,-0.033569,-0.020232,-0.0036723,0.0018378,0,0,0,0,0,0,0,0,0,0,0,0,0,0,0,0,0,0,0,0,0,0,0,0,0.041637,0.099243,0.11469,0.13368,0.1562,0.17872,0.19493,0.20482,0.21471,0.21391,0.20244,0.19096,0.17629,0.15842,0.14055,0.10968,0.065818,0,0,0,0,0,-0.2661,-0.44349,-0.57682,-0.66608,-0.75529,-0.82986,-0.88982,-0.94976,-0.98495,-0.99537,-1.0058,-1.0022,-0.98454,-0.96689,-0.95297,-0.94275,-0.93253,-0.93407,-0.94739,-0.9607,-0.96213,-0.95165,-0.94118,-0.9303,-0.91901,-0.90773,-0.90572,-0.91301,-0.9203,-0.91887,-0.90871,-0.89855,-0.89431,-0.896,-0.89769,-0.90392,-0.91469,-0.92546,-0.92768,-0.92134,-0.91501,-0.91302,-0.91538,-0.91774,-0.92481,-0.93659,-0.94837,-0.96418,-0.98402,-1.0039,-1.0251,-1.0477,-1.0703,-1.0907,-1.1089,-1.1271,-1.1412,-1.1512,-1.1613,-1.1591,-1.1446,-1.1301,-1.1143,-1.097,-1.0797,-1.0706,-1.0698,-1.069,-1.067,-1.064,-1.061,-1.0557,-1.048,-1.0404,-1.0296,-1.0155,-1.0015,-0.9844,-0.9642,-0.944,-0.92103,-0.89529,-0.86954,-0.84107,-0.80989,-0.7787,-0.74485,-0.70834,-0.67184,-0.63314,-0.59224,-0.55134,-0.5092,-0.46584,-0.42247,-0.37917,-0.33594,-0.2927,-0.25096,-0.21071,-0.17046,-0.13291,-0.098048,-0.063186,-0.031578,-0.0032222,0.025138,0.050174,0.071888,0.093602,0.11235,0.12814,0.14393,0.15753,0.16892,0.18031,0.18985,0.19753,0.20521,0.21086,0.21447,0.21809,0.21969,0.21929,0.21888,0.217,0.21364,0.21028,0.20649,0.20227,0.19805,0.19458,0.19187,0.18915,0.18809,0.18868,0.18928,0.19192,0.19661,0.2013,0.2079,0.2164,0.22489,0.23477,0.24602,0.25727,0.26911,0.28155,0.29398,0.30619,0.31817,0.33015,0.3413,0.35163,0.36195,0.37113,0.37916,0.38719,0.39398,0.39951,0.40505,0.4093,0.41227,0.41524,0.41688,0.41718,0.41749,0.41649,0.41419,0.41189,0.4084,0.40372,0.39905,0.39329,0.38644,0.3796,0.37179,0.36303,0.35426,0.34463,0.33415,0.32367,0.31225,0.29989,0.28752,0.27402,0.25937,0.24472,0.22878,0.21157,0.19436,0.17584,0.15602,0.13619,0.11515,0.092894,0.07064,0.047506,0.023499,-0.00050686,-0.024742,-0.049203,-0.073671,-0.097438,-0.1205,-0.14355,-0.16496,-0.18471,-0.20446,-0.2219,-0.23702,-0.25215,-0.26455,-0.27424,-0.28393,-0.29068,-0.2945,-0.29831,-0.29927,-0.29735,-0.29544,-0.29088,-0.28369,-0.27649,-0.26682,-0.25468,-0.24255,-0.22725,-0.20876,-0.19026,-0.17306,-0.15713,-0.14121,-0.12278,-0.10184,-0.080904,-0.060278,-0.039959,-0.019642,-0.0003622,0.017886,0.036122,0.052929,0.068313,0.083695,0.097509,0.10976,0.122,0.13246,0.14112,0.14977,0.15599,0.15976,0.16354,0.16426,0.16193,0.1596,0.13204,0.079238,0.02642
0,0,0,0,-0.94061,-0.93688,-0.92243,-0.89725,-0.87206,-0.83843,-0.79634,-0.75425,-0.70699,-0.65455,-0.60212,-0.54614,-0.48662,-0.4271,-0.36514,-0.30074,-0.23635,-0.17108,-0.10491,-0.038759,0.025069,0.086573,0.14807,0.20342,0.25264,0.30185,0.34217,0.37359,0.40502,0.42717,0.44003,0.4529,0.45798,0.45527,0.45256,0.44439,0.43075,0.41711,0.39982,0.37887,0.35793,0.33394,0.30691,0.27989,0.2495,0.21574,0.18199,0.14469,0.10384,0.062987,0.019801,-0.025706,-0.071211,-0.11584,-0.15959,-0.20334,-0.24177,-0.27488,-0.30798,-0.3316,-0.34574,-0.35988,-0.36254,-0.35369,-0.34484,-0.32578,-0.2965,-0.26722,-0.23184,-0.19035,-0.14886,-0.10645,-0.06312,-0.019794,0.020193,0.056857,0.093507,0.12469,0.1504,0.17611,0.1964,0.21127,0.22614,0.23702,0.24394,0.25085,0.25551,0.25791,0.26032,0.26165,0.26191,0.26217,0.26184,0.26092,0.25999,0.25833,0.25593,0.25353,0.24987,0.24495,0.24002,0.2333,0.22479,0.21627,0.20581,0.19339,0.18097,0.1667,0.1506,0.13449,0.1166,0.096917,0.077236,0.05551,0.031745,0.0079783,-0.018216,-0.046825,-0.075434,-0.10655,-0.14017,-0.17379,-0.20924,-0.24651,-0.28378,-0.32132,-0.35912,-0.39693,-0.43258,-0.46606,-0.49955,-0.52823,-0.5521,-0.57598,-0.59325,-0.60392,-0.61458,-0.61844,-0.61548,-0.61253,-0.60358,-0.58864,-0.5737,-0.55331,-0.52746,-0.5016,-0.46964,-0.43156,-0.39348,-0.34808,-0.29534,-0.24261,-0.18305,-0.11666,-0.050254,0.019042,0.091217,0.16339,0.23201,0.29709,0.36218,0.4181,0.46488,0.51165,0.54729,0.5718,0.5963,0.61171,0.61801,0.62432,0.6256,0.62188,0.61815,0.61303,0.60653,0.60003,0.59379,0.5878,0.58182,0.57571,0.56947,0.56323,0.55493,0.54455,0.53418,0.51879,0.49837,0.47795,0.4488,0.41092,0.37303,0.32317,0.26134,0.1995,0.12491,0.037535,-0.049836,-0.14632,-0.25193,-0.35754,-0.46447,-0.5727,-0.68094,-0.78053,-0.87146,-0.96238,-1.0355,-1.091,-1.1464,-1.1823,-1.1987,-1.215,-1.2077,-1.1768,-1.1459,-1.107,-1.0601,-1.0132,-0.97213,-0.93678,-0.90143,-0.85824,-0.80723,-0.75621,-0.71039,-0.66975,-0.62912,-0.5869,-0.54309,-0.49928,-0.45793,-0.41906,-0.3802,-0.34411,-0.31081,-0.27751,-0.23744,-0.19059,-0.075873,0,0,0,0,-0.0036723,0.0050862,0.0047167,0,0,0,0,0,0,0,0,0,0,0,0,0,0,0,0,0,0,0,0,0,0,0,0,0.099386,0.11395,0.13178,0.15289,0.17399,0.18894,0.19773,0.20653,0.20506,0.19335,0.18163,0.16617,0.14696,0.12774,0.098444,0.059072,0,0,0,0,0,-0.11641,-0.19402,-0.43971,-0.52094,-0.60212,-0.67876,-0.75087,-0.82297,-0.87689,-0.91261,-0.94835,-0.97074,-0.97981,-0.98888,-0.98574,-0.97038,-0.95503,-0.95256,-0.96298,-0.97341,-0.9779,-0.97645,-0.97501,-0.96138,-0.93556,-0.90973,-0.90395,-0.91823,-0.93252,-0.93921,-0.93831,-0.9374,-0.92961,-0.91494,-0.90027,-0.90565,-0.93108,-0.95651,-0.96508,-0.95679,-0.9485,-0.94394,-0.9431,-0.94225,-0.94595,-0.95419,-0.96243,-0.97537,-0.99301,-1.0106,-1.0307,-1.0533,-1.0758,-1.0968,-1.1162,-1.1355,-1.151,-1.1624,-1.1739,-1.1786,-1.1765,-1.1745,-1.1587,-1.1292,-1.0997,-1.0842,-1.0828,-1.0813,-1.0787,-1.0748,-1.0709,-1.0647,-1.0561,-1.0475,-1.0358,-1.021,-1.0063,-0.98896,-0.96911,-0.94926,-0.92687,-0.90195,-0.87703,-0.84896,-0.81774,-0.78652,-0.75234,-0.71519,-0.67804,-0.63873,-0.59726,-0.5558,-0.51314,-0.4693,-0.42546,-0.38167,-0.33793,-0.2942,-0.25188,-0.21098,-0.17007,-0.13182,-0.096255,-0.060695,-0.028397,0.00064584,0.029688,0.055574,0.07831,0.10105,0.12096,0.13803,0.15511,0.16993,0.18249,0.19506,0.20573,0.21451,0.22329,0.22999,0.23463,0.23926,0.24173,0.24203,0.24233,0.24088,0.23769,0.23451,0.23059,0.22596,0.22132,0.21725,0.21373,0.2102,0.20822,0.20778,0.20735,0.20888,0.21237,0.21587,0.22123,0.22845,0.23567,0.2443,0.25433,0.26436,0.27509,0.28652,0.29795,0.30931,0.32059,0.33187,0.34248,0.35241,0.36233,0.37122,0.37907,0.38692,0.3936,0.39909,0.40458,0.40887,0.41196,0.41506,0.41691,0.41753,0.41814,0.41751,0.41562,0.41374,0.41068,0.40647,0.40225,0.39698,0.39066,0.38434,0.37707,0.36886,0.36064,0.35153,0.34153,0.33153,0.32051,0.30847,0.29643,0.28313,0.26857,0.254,0.23802,0.22064,0.20326,0.18443,0.16415,0.14387,0.12223,0.099236,0.07624,0.052226,0.027204,0.0021832,-0.023176,-0.048864,-0.074554,-0.099568,-0.1239,-0.14822,-0.17089,-0.19189,-0.2129,-0.23155,-0.24785,-0.26416,-0.27766,-0.28837,-0.29908,-0.30674,-0.31136,-0.31597,-0.31764,-0.31636,-0.31507,-0.31111,-0.30446,-0.29781,-0.28866,-0.277,-0.26535,-0.25111,-0.23428,-0.21745,-0.20093,-0.18472,-0.16852,-0.14981,-0.12857,-0.10733,-0.086206,-0.065197,-0.044191,-0.024117,-0.0049719,0.014173,0.031921,0.048274,0.064628,0.079368,0.092493,0.10562,0.11699,0.1266,0.13621,0.14319,0.14755,0.15191,0.15255,0.14948,0.1464,0.12073,0.072445,0.024155
0,0,0,0,-0.93206,-0.92582,-0.91029,-0.88549,-0.86068,-0.8294,-0.79166,-0.75391,-0.70972,-0.65907,-0.60844,-0.55396,-0.49562,-0.4373,-0.37569,-0.31079,-0.24591,-0.18085,-0.1156,-0.050371,0.012841,0.07402,0.13518,0.19077,0.24081,0.29084,0.33242,0.36557,0.39873,0.42266,0.43735,0.45205,0.45878,0.45756,0.45633,0.44949,0.43703,0.42456,0.40853,0.38894,0.36935,0.34709,0.32217,0.29726,0.26938,0.23855,0.20772,0.17344,0.13568,0.097927,0.057399,0.014096,-0.029204,-0.072643,-0.11622,-0.15982,-0.19945,-0.2351,-0.27076,-0.29819,-0.31736,-0.33654,-0.34485,-0.34228,-0.33971,-0.32675,-0.30339,-0.28003,-0.24976,-0.21257,-0.17538,-0.13619,-0.094976,-0.053762,-0.014899,0.021625,0.058134,0.08982,0.11669,0.14354,0.16526,0.18184,0.19842,0.21108,0.21981,0.22854,0.23493,0.23899,0.24305,0.24588,0.24748,0.24908,0.24992,0.24997,0.25003,0.24918,0.24742,0.24565,0.24248,0.23791,0.23334,0.22686,0.21848,0.21009,0.19965,0.18714,0.17464,0.16017,0.14373,0.12728,0.10893,0.088656,0.068388,0.04596,0.021377,-0.0032075,-0.030273,-0.059806,-0.089341,-0.12132,-0.15575,-0.19016,-0.22617,-0.26374,-0.30132,-0.33874,-0.37601,-0.41328,-0.44792,-0.47991,-0.51191,-0.53872,-0.56034,-0.58196,-0.59675,-0.60469,-0.61263,-0.61371,-0.60791,-0.60211,-0.59051,-0.57313,-0.55574,-0.53342,-0.50616,-0.4789,-0.44616,-0.40794,-0.36972,-0.32455,-0.27244,-0.22032,-0.16127,-0.095295,-0.029305,0.040105,0.11292,0.18574,0.25562,0.32256,0.38952,0.44758,0.49674,0.5459,0.58363,0.60992,0.63621,0.65274,0.65952,0.6663,0.66745,0.66296,0.65847,0.6523,0.64443,0.63655,0.62893,0.62156,0.61419,0.60684,0.59951,0.59219,0.58295,0.5718,0.56064,0.54451,0.52341,0.5023,0.47235,0.43352,0.39469,0.34349,0.27993,0.21636,0.13952,0.049357,-0.040809,-0.14045,-0.24959,-0.35873,-0.46925,-0.58118,-0.69312,-0.79588,-0.88948,-0.98306,-1.0582,-1.115,-1.1717,-1.2075,-1.2223,-1.2372,-1.2317,-1.2059,-1.1801,-1.1417,-1.0905,-1.0393,-0.99723,-0.96419,-0.93115,-0.88561,-0.82758,-0.76953,-0.71829,-0.67387,-0.62944,-0.58428,-0.53839,-0.4925,-0.44976,-0.41018,-0.37061,-0.33384,-0.2999,-0.26596,-0.11773,-0.0928,0,0,0,0,0,0,0.0032484,0.01136,0.0078565,0.0090694,0.008064,0.0048393,0,0,0,0,0,0,0,0,0,0,0,0,0,0,0,0,0,0,0,0,0.092225,0.11022,0.129,0.14856,0.16811,0.18204,0.19034,0.19863,0.19745,0.18679,0.17613,0.16129,0.14226,0.12323,0.094762,0.056862,0,0,0,0,0,0,0,-0.31528,-0.39157,-0.46787,-0.54448,-0.62142,-0.69835,-0.76292,-0.8151,-0.8673,-0.90783,-0.93669,-0.96555,-0.97733,-0.97201,-0.96669,-0.97173,-0.98712,-1.0025,-1.0095,-1.0079,-1.0064,-0.9914,-0.96298,-0.93454,-0.92433,-0.93236,-0.94039,-0.94784,-0.95471,-0.96157,-0.95661,-0.93981,-0.92301,-0.92664,-0.95068,-0.97473,-0.98574,-0.9837,-0.98167,-0.97854,-0.97431,-0.97009,-0.97031,-0.975,-0.97969,-0.98948,-1.0044,-1.0193,-1.0374,-1.0589,-1.0803,-1.1011,-1.1212,-1.1412,-1.1577,-1.1705,-1.1834,-1.1922,-1.1971,-1.2019,-1.1866,-1.1512,-1.1157,-1.0971,-1.0953,-1.0936,-1.0903,-1.0855,-1.0807,-1.0736,-1.064,-1.0544,-1.042,-1.0268,-1.0116,-0.99429,-0.97483,-0.95536,-0.93345,-0.90909,-0.88473,-0.85691,-0.82565,-0.79439,-0.75997,-0.72238,-0.68478,-0.64504,-0.60316,-0.56127,-0.51819,-0.47392,-0.42965,-0.38539,-0.34113,-0.29687,-0.25401,-0.21255,-0.1711,-0.1323,-0.096187,-0.060078,-0.027164,0.0025657,0.032292,0.059078,0.082938,0.1068,0.12803,0.1466,0.16518,0.18144,0.1954,0.20936,0.22129,0.2312,0.24111,0.24886,0.25444,0.26002,0.26327,0.2642,0.26513,0.2641,0.26112,0.25813,0.25419,0.24931,0.24442,0.23988,0.23568,0.23148,0.22865,0.2272,0.22574,0.22614,0.22839,0.23064,0.23471,0.2406,0.24649,0.25381,0.26256,0.27132,0.28088,0.29126,0.30164,0.31211,0.32267,0.33323,0.34327,0.35281,0.36235,0.37098,0.3787,0.38642,0.39304,0.39857,0.40409,0.40849,0.41176,0.41503,0.41716,0.41814,0.41912,0.41893,0.41756,0.4162,0.4137,0.41008,0.40645,0.4018,0.39611,0.39043,0.38379,0.37618,0.36858,0.36001,0.35047,0.34094,0.33028,0.31847,0.30668,0.29349,0.2789,0.26432,0.24817,0.23048,0.21278,0.19349,0.17259,0.15169,0.1293,0.1054,0.0815,0.056468,0.030305,0.0041422,-0.02243,-0.049406,-0.07638,-0.10269,-0.12834,-0.15399,-0.17796,-0.20022,-0.22249,-0.24234,-0.25975,-0.27716,-0.29167,-0.30328,-0.31488,-0.32345,-0.329,-0.33454,-0.33687,-0.33599,-0.3351,-0.3316,-0.32551,-0.31941,-0.31081,-0.29971,-0.28861,-0.2752,-0.25951,-0.24382,-0.22763,-0.21095,-0.19427,-0.17522,-0.15379,-0.13236,-0.11084,-0.089216,-0.067595,-0.046374,-0.025557,-0.0047365,0.013889,0.03031,0.046729,0.061856,0.075692,0.089532,0.10149,0.11156,0.12163,0.12902,0.13373,0.13844,0.1394,0.13661,0.13382,0.11036,0.066221,0.022081
0,0,0,0,-0.91353,-0.90451,-0.88761,-0.86283,-0.83805,-0.81016,-0.77916,-0.74817,-0.70842,-0.65993,-0.61146,-0.559,-0.50254,-0.4461,-0.38488,-0.31888,-0.25287,-0.18824,-0.125,-0.061754,-0.00012242,0.059874,0.11988,0.17507,0.22548,0.27588,0.31845,0.35322,0.38798,0.41356,0.42996,0.44635,0.45466,0.45487,0.45508,0.44952,0.4382,0.42687,0.41207,0.39381,0.37554,0.35501,0.33218,0.30935,0.28404,0.25622,0.22841,0.19735,0.16305,0.12875,0.091376,0.050949,0.010525,-0.030936,-0.073444,-0.11597,-0.15586,-0.1931,-0.23036,-0.26072,-0.28417,-0.30761,-0.32102,-0.32437,-0.32773,-0.32075,-0.30344,-0.28612,-0.26125,-0.22883,-0.1964,-0.16096,-0.1225,-0.08404,-0.04693,-0.011173,0.024571,0.056191,0.0837,0.11119,0.13391,0.15184,0.16978,0.18391,0.19422,0.20452,0.21246,0.21801,0.22356,0.22778,0.23065,0.23352,0.23548,0.23654,0.23759,0.23761,0.2366,0.23558,0.23304,0.22898,0.22492,0.21885,0.21076,0.20268,0.1924,0.17992,0.16744,0.15282,0.13606,0.11931,0.10044,0.07946,0.058484,0.035181,0.0095533,-0.016079,-0.044269,-0.075002,-0.10574,-0.1388,-0.17418,-0.20956,-0.24619,-0.28405,-0.32191,-0.3591,-0.39562,-0.43213,-0.46551,-0.49575,-0.52598,-0.55068,-0.56985,-0.58902,-0.60119,-0.60638,-0.61157,-0.60986,-0.60125,-0.59265,-0.57842,-0.55858,-0.53874,-0.51443,-0.48565,-0.45688,-0.42325,-0.38478,-0.34631,-0.30138,-0.24999,-0.1986,-0.14037,-0.075286,-0.010188,0.058721,0.13144,0.20417,0.27465,0.3429,0.41114,0.47098,0.52242,0.57385,0.61381,0.64229,0.67078,0.68898,0.69692,0.70487,0.70658,0.70205,0.69753,0.69091,0.68219,0.67346,0.66484,0.65633,0.64783,0.63934,0.63088,0.62242,0.61214,0.60004,0.58793,0.5709,0.54895,0.52699,0.49604,0.4561,0.41616,0.36345,0.29796,0.23246,0.15325,0.060316,-0.032634,-0.13536,-0.24787,-0.36037,-0.47422,-0.58946,-0.70468,-0.81007,-0.90563,-1.0012,-1.078,-1.1361,-1.1942,-1.2286,-1.2394,-1.2501,-1.2459,-1.2267,-1.2075,-1.1735,-1.1247,-1.0758,-1.0338,-0.99856,-0.96334,-0.91415,-0.851,-0.78784,-0.72978,-0.67683,-0.62388,-0.57313,-0.5246,-0.47607,-0.43238,-0.39354,-0.35471,-0.3171,-0.28074,-0.12758,0,0,0,0,0,0,0,0,0,0.0066437,0.0078565,0.018004,0.015586,0.0093523,0,0,0,0,0,0,0,0,0,0,0,0,0,0,0,0,0,0,0,0,0.07776,0.10351,0.12533,0.14322,0.1611,0.17424,0.18263,0.19103,0.19108,0.18277,0.17446,0.16165,0.14432,0.127,0.098623,0.059183,0,0,0,0,0,0,0,-0.1297,-0.278,-0.35251,-0.42698,-0.50144,-0.57589,-0.64303,-0.70284,-0.76267,-0.81345,-0.85519,-0.89694,-0.92776,-0.94763,-0.96752,-0.99157,-1.0198,-1.048,-1.0568,-1.046,-1.0353,-1.0204,-1.0013,-0.98216,-0.96688,-0.9554,-0.94393,-0.94476,-0.95792,-0.97107,-0.9753,-0.9706,-0.9659,-0.96687,-0.97349,-0.98012,-0.98965,-1.0021,-1.0145,-1.0168,-1.009,-1.0012,-0.99788,-0.99901,-1.0001,-1.0065,-1.0181,-1.0297,-1.0452,-1.0646,-1.0839,-1.1037,-1.1239,-1.1441,-1.1613,-1.1756,-1.1898,-1.2,-1.2062,-1.2124,-1.198,-1.1629,-1.1279,-1.1094,-1.1076,-1.1058,-1.102,-1.0962,-1.0905,-1.0823,-1.0717,-1.0612,-1.0482,-1.0329,-1.0176,-1.0004,-0.98136,-0.96232,-0.94077,-0.91669,-0.89261,-0.86492,-0.83361,-0.80231,-0.76774,-0.72992,-0.69208,-0.65209,-0.60993,-0.56777,-0.52436,-0.47971,-0.43505,-0.39033,-0.34553,-0.30072,-0.25736,-0.21545,-0.17355,-0.13435,-0.097848,-0.061349,-0.02789,0.002528,0.032942,0.060689,0.085778,0.11086,0.13355,0.15385,0.17414,0.19207,0.20764,0.22321,0.23653,0.24761,0.25869,0.26746,0.2739,0.28035,0.28432,0.28581,0.2873,0.28667,0.28392,0.28116,0.27729,0.27231,0.26733,0.26247,0.25773,0.25299,0.24939,0.24693,0.24447,0.24372,0.24468,0.24564,0.24836,0.25286,0.25735,0.26331,0.27073,0.27815,0.2865,0.29578,0.30506,0.3146,0.32441,0.33422,0.3437,0.35285,0.362,0.37039,0.37804,0.38568,0.39232,0.39795,0.40359,0.40816,0.41166,0.41517,0.41762,0.41902,0.42043,0.42076,0.42001,0.41927,0.41745,0.41455,0.41166,0.40774,0.40281,0.39787,0.39194,0.385,0.37807,0.37006,0.36098,0.3519,0.34154,0.3299,0.31827,0.30509,0.29038,0.27566,0.25923,0.24108,0.22294,0.20303,0.18134,0.15966,0.13634,0.11138,0.086416,0.060224,0.032801,0.0053739,-0.022501,-0.050821,-0.079146,-0.10682,-0.13384,-0.16087,-0.18616,-0.20971,-0.23326,-0.25426,-0.27271,-0.29117,-0.30658,-0.31895,-0.33132,-0.34081,-0.34742,-0.35402,-0.35696,-0.35624,-0.35551,-0.35238,-0.34684,-0.34131,-0.3333,-0.32281,-0.31231,-0.29953,-0.28445,-0.26937,-0.25315,-0.23579,-0.21844,-0.19902,-0.17751,-0.15601,-0.13419,-0.11202,-0.089859,-0.067141,-0.043872,-0.020601,-0.0011681,0.014418,0.030003,0.044982,0.05936,0.073742,0.085952,0.095987,0.10602,0.11345,0.11829,0.12313,0.12481,0.12333,0.12185,0.10094,0.060568,0.020198
0,0,0,-0.44945,-0.895,-0.88321,-0.86494,-0.84018,-0.81542,-0.79092,-0.76667,-0.74242,-0.70713,-0.66081,-0.61448,-0.56403,-0.50946,-0.45489,-0.39406,-0.32694,-0.25981,-0.19563,-0.13439,-0.073137,-0.013086,0.045733,0.10457,0.15938,0.21016,0.26092,0.30448,0.34087,0.37724,0.40447,0.42257,0.44066,0.45053,0.45218,0.45382,0.44955,0.43937,0.42917,0.41561,0.39868,0.38174,0.36291,0.34218,0.32145,0.29869,0.2739,0.2491,0.22127,0.19042,0.15957,0.12536,0.087802,0.05025,0.010766,-0.030674,-0.072123,-0.11227,-0.15112,-0.18997,-0.22326,-0.25097,-0.27867,-0.29717,-0.30646,-0.31575,-0.31475,-0.30348,-0.2922,-0.27273,-0.24508,-0.21743,-0.18574,-0.15002,-0.1143,-0.078956,-0.043975,-0.008995,0.022569,0.050712,0.078846,0.10256,0.12186,0.14115,0.15674,0.16863,0.18052,0.18998,0.19703,0.20408,0.20967,0.21381,0.21795,0.22105,0.2231,0.22515,0.22604,0.22578,0.22551,0.2236,0.22005,0.2165,0.21083,0.20305,0.19527,0.18515,0.17269,0.16023,0.14547,0.1284,0.11133,0.091953,0.070264,0.048577,0.024398,-0.0022737,-0.02895,-0.058262,-0.090198,-0.12214,-0.15628,-0.19262,-0.22896,-0.26621,-0.30435,-0.3425,-0.37946,-0.41522,-0.45098,-0.4831,-0.51158,-0.54005,-0.56264,-0.57936,-0.59607,-0.60564,-0.60808,-0.61051,-0.60602,-0.5946,-0.58319,-0.56633,-0.54403,-0.52174,-0.49544,-0.46515,-0.43486,-0.40035,-0.36163,-0.3229,-0.27821,-0.22754,-0.17688,-0.11947,-0.055276,0.0089264,0.077338,0.14998,0.22261,0.2937,0.36324,0.43277,0.49439,0.54809,0.6018,0.64398,0.67466,0.70533,0.72522,0.73432,0.74343,0.74571,0.74115,0.73659,0.72952,0.71994,0.71036,0.70075,0.6911,0.68146,0.67183,0.66224,0.65264,0.64132,0.62827,0.61523,0.5973,0.57448,0.55166,0.51973,0.47867,0.43761,0.3834,0.316,0.24857,0.167,0.071279,-0.02445,-0.13025,-0.24612,-0.362,-0.47921,-0.59775,-0.71626,-0.82428,-0.92181,-1.0193,-1.0978,-1.1573,-1.2167,-1.2498,-1.2564,-1.2631,-1.2601,-1.2475,-1.2349,-1.2054,-1.1588,-1.1123,-1.0703,-1.0329,-0.99553,-0.94268,-0.87441,-0.80613,-0.74125,-0.67977,-0.61831,-0.56199,-0.51081,-0.45964,-0.415,-0.3769,-0.33881,-0.30037,-0.13558,0,0,0,0,0,0,0,0,0,0,0,0,0.008935,0.014501,0.008701,0,0,0,0,0,0,0,0,0,0,0,0,0,0,0,0,0,0,0,0,0.063299,0.096805,0.12166,0.13787,0.15408,0.16643,0.17493,0.18343,0.1847,0.17874,0.17279,0.16201,0.1464,0.13078,0.10249,0.061504,0,0,0,0,0,0,0,0,-0.16445,-0.23717,-0.30951,-0.38148,-0.45345,-0.52314,-0.59058,-0.65803,-0.71905,-0.77368,-0.82832,-0.87817,-0.92324,-0.96832,-1.0114,-1.0525,-1.0935,-1.1041,-1.0842,-1.0642,-1.0493,-1.0396,-1.0298,-1.0094,-0.97845,-0.94747,-0.9417,-0.96114,-0.98058,-0.994,-1.0014,-1.0088,-1.0071,-0.9963,-0.98552,-0.99357,-1.0205,-1.0473,-1.0551,-1.0437,-1.0324,-1.0255,-1.023,-1.0206,-1.0235,-1.0319,-1.0402,-1.053,-1.0703,-1.0875,-1.1063,-1.1267,-1.147,-1.165,-1.1806,-1.1963,-1.2078,-1.2154,-1.2229,-1.2093,-1.1746,-1.14,-1.1217,-1.1198,-1.1179,-1.1136,-1.1069,-1.1002,-1.091,-1.0795,-1.0679,-1.0544,-1.039,-1.0235,-1.0065,-0.9879,-0.96928,-0.94808,-0.9243,-0.90051,-0.87293,-0.84157,-0.81021,-0.77551,-0.73745,-0.69939,-0.65915,-0.61672,-0.57429,-0.53055,-0.48551,-0.44047,-0.39527,-0.34992,-0.30456,-0.26071,-0.21836,-0.17602,-0.13639,-0.099509,-0.062625,-0.028619,0.0024907,0.033593,0.062301,0.088615,0.11492,0.13908,0.1611,0.18311,0.2027,0.21988,0.23706,0.25178,0.26402,0.27627,0.28605,0.29337,0.30069,0.30537,0.30742,0.30947,0.30924,0.30671,0.30419,0.3004,0.29532,0.29024,0.28507,0.27978,0.2745,0.27013,0.26666,0.26319,0.2613,0.26096,0.26063,0.26201,0.26511,0.26821,0.27281,0.27889,0.28498,0.29211,0.30029,0.30848,0.3171,0.32615,0.33521,0.34412,0.35288,0.36164,0.36981,0.37737,0.38494,0.39159,0.39734,0.40308,0.40782,0.41156,0.4153,0.41809,0.41991,0.42173,0.42258,0.42246,0.42234,0.4212,0.41903,0.41687,0.41369,0.4095,0.40531,0.40008,0.39382,0.38756,0.38011,0.37148,0.36286,0.3528,0.34133,0.32986,0.3167,0.30185,0.287,0.27028,0.25169,0.2331,0.21257,0.1901,0.16763,0.14339,0.11736,0.091334,0.063976,0.035292,0.006611,-0.022566,-0.052238,-0.081913,-0.11095,-0.13935,-0.16774,-0.19436,-0.21919,-0.24402,-0.26619,-0.28568,-0.30517,-0.32149,-0.33463,-0.34777,-0.35817,-0.36584,-0.3735,-0.37705,-0.37649,-0.37592,-0.37315,-0.36818,-0.3632,-0.35578,-0.3459,-0.33602,-0.32385,-0.30939,-0.29492,-0.27867,-0.26064,-0.24261,-0.22281,-0.20123,-0.17966,-0.15753,-0.13483,-0.11212,-0.08791,-0.062188,-0.036465,-0.016221,-0.0014671,0.013285,0.02812,0.043037,0.057954,0.070412,0.080412,0.090411,0.097894,0.10286,0.10782,0.11022,0.11006,0.10989,0.091512,0.054914,0.018313
0,0,0,-0.89491,-0.88154,-0.86816,-0.84918,-0.8246,-0.80001,-0.7764,-0.75379,-0.73117,-0.69787,-0.65389,-0.6099,-0.56179,-0.50956,-0.45733,-0.39865,-0.33351,-0.26837,-0.20593,-0.14618,-0.086427,-0.027474,0.030679,0.088837,0.14346,0.19454,0.24561,0.28988,0.32735,0.36481,0.39327,0.41274,0.4322,0.44349,0.4466,0.4497,0.44668,0.43754,0.42839,0.41596,0.40024,0.38452,0.36723,0.34838,0.32954,0.30909,0.28705,0.26501,0.24022,0.21266,0.18511,0.15406,0.11951,0.08497,0.047788,0.0079485,-0.031896,-0.071603,-0.11116,-0.15073,-0.186,-0.21694,-0.24788,-0.27055,-0.28493,-0.29931,-0.30368,-0.29805,-0.29242,-0.27819,-0.25536,-0.23253,-0.20482,-0.17221,-0.13961,-0.10646,-0.072764,-0.039057,-0.0080664,0.020205,0.048471,0.072709,0.092925,0.11314,0.12979,0.14288,0.15596,0.16661,0.17482,0.18304,0.18975,0.19494,0.20013,0.20421,0.20719,0.21017,0.21193,0.21248,0.21303,0.21188,0.20901,0.20613,0.20105,0.19374,0.18644,0.17663,0.16432,0.152,0.13715,0.11976,0.10237,0.082431,0.05994,0.03745,0.012277,-0.015576,-0.043426,-0.073962,-0.10717,-0.14039,-0.17563,-0.2129,-0.25016,-0.28793,-0.3262,-0.36447,-0.40101,-0.43584,-0.47066,-0.50138,-0.52799,-0.55461,-0.57508,-0.58941,-0.60374,-0.61085,-0.61073,-0.61062,-0.60359,-0.58965,-0.57572,-0.55647,-0.53192,-0.50736,-0.47915,-0.44728,-0.4154,-0.37983,-0.34056,-0.3013,-0.25658,-0.20642,-0.15627,-0.099606,-0.036423,0.026762,0.094386,0.16647,0.23856,0.30969,0.37989,0.45008,0.51294,0.56848,0.62401,0.66819,0.70103,0.73388,0.75563,0.7663,0.77697,0.7803,0.77628,0.77227,0.7653,0.75539,0.74548,0.73527,0.72476,0.71424,0.70366,0.69299,0.68233,0.66998,0.65594,0.6419,0.62301,0.59925,0.57549,0.54245,0.50014,0.45781,0.402,0.33269,0.26336,0.17947,0.080994,-0.017489,-0.12637,-0.24568,-0.365,-0.48538,-0.60682,-0.72824,-0.83842,-0.93732,-1.0362,-1.1148,-1.1731,-1.2313,-1.2642,-1.2718,-1.2793,-1.2772,-1.2653,-1.2535,-1.2268,-1.1852,-1.1437,-1.1014,-1.0585,-1.0156,-0.95807,-0.886,-0.81393,-0.74412,-0.67657,-0.60904,-0.54859,-0.49523,-0.44187,-0.39547,-0.35601,-0.31656,-0.146,0,0,0,0,0,0,0,0,0,0,0,0,0,0,0.011632,0.0069798,0,0,0,0,0,0,0,0,0,0,0,0,0,0,0,0,0,0,0,0,0.055274,0.092121,0.118,0.1329,0.14781,0.16018,0.17003,0.17989,0.18304,0.1795,0.17595,0.16652,0.15118,0.13585,0.10923,0.071307,0,0,0,0,0,0,0,0,-0.089745,-0.14959,-0.21351,-0.28152,-0.34952,-0.41717,-0.48452,-0.55187,-0.61587,-0.67653,-0.73719,-0.79925,-0.86271,-0.92616,-0.98622,-1.0429,-1.0995,-1.1231,-1.1135,-1.104,-1.0935,-1.0823,-1.071,-1.0467,-1.0096,-0.97242,-0.96378,-0.98366,-1.0036,-1.0189,-1.0296,-1.0403,-1.0389,-1.0252,-1.0115,-1.0166,-1.0406,-1.0646,-1.0738,-1.0681,-1.0624,-1.0568,-1.0512,-1.0456,-1.0452,-1.0502,-1.0551,-1.0648,-1.0792,-1.0937,-1.1106,-1.1301,-1.1495,-1.1674,-1.1839,-1.2004,-1.2131,-1.2221,-1.231,-1.2215,-1.1936,-1.1656,-1.1477,-1.1398,-1.132,-1.1242,-1.1167,-1.1091,-1.0991,-1.0866,-1.0742,-1.0602,-1.0447,-1.0292,-1.0123,-0.99422,-0.97611,-0.95537,-0.932,-0.90862,-0.88131,-0.85007,-0.81884,-0.78414,-0.74598,-0.70782,-0.66738,-0.62465,-0.58192,-0.53784,-0.49242,-0.44699,-0.40141,-0.35569,-0.30998,-0.26579,-0.22314,-0.18049,-0.14049,-0.10316,-0.065833,-0.031127,0.00093801,0.032995,0.062905,0.090667,0.11843,0.14415,0.16782,0.19148,0.21266,0.23134,0.25003,0.26604,0.2794,0.29275,0.30348,0.31157,0.31967,0.32504,0.32768,0.33031,0.33056,0.32842,0.32628,0.32269,0.31765,0.31261,0.30722,0.30149,0.29576,0.29071,0.28634,0.28197,0.279,0.27743,0.27586,0.27593,0.27764,0.27935,0.28255,0.28726,0.29197,0.29783,0.30485,0.31186,0.31949,0.32772,0.33595,0.34423,0.35255,0.36087,0.36876,0.37622,0.38368,0.39034,0.3962,0.40206,0.407,0.41102,0.41504,0.4182,0.42048,0.42277,0.42419,0.42474,0.42529,0.42488,0.42352,0.42215,0.41977,0.41639,0.41302,0.40856,0.40302,0.39748,0.39064,0.38251,0.37438,0.36466,0.35336,0.34206,0.32889,0.31387,0.29885,0.28177,0.26263,0.2435,0.22225,0.19889,0.17553,0.15026,0.12307,0.095885,0.067284,0.037276,0.0072756,-0.02326,-0.054329,-0.085399,-0.11584,-0.14563,-0.17542,-0.20338,-0.2295,-0.25562,-0.27892,-0.29941,-0.31989,-0.33705,-0.35088,-0.3647,-0.37569,-0.38383,-0.39197,-0.39591,-0.39566,-0.39541,-0.39292,-0.38819,-0.38346,-0.37632,-0.36676,-0.35719,-0.34536,-0.33126,-0.31716,-0.30084,-0.2823,-0.26376,-0.24361,-0.22185,-0.20011,-0.17788,-0.15516,-0.13243,-0.10785,-0.081419,-0.054986,-0.033993,-0.018447,-0.002907,0.012611,0.028102,0.043591,0.05637,0.066442,0.076516,0.084062,0.089081,0.0941,0.097059,0.097958,0.098853,0.082759,0.04966,0.016559
0,0,0,-0.88691,-0.87315,-0.85937,-0.84035,-0.81607,-0.7918,-0.76661,-0.7405,-0.7144,-0.68063,-0.63918,-0.59773,-0.55229,-0.50285,-0.45341,-0.39866,-0.3386,-0.27854,-0.21912,-0.16037,-0.10164,-0.043282,0.014687,0.072653,0.12731,0.17865,0.22997,0.27465,0.31267,0.35069,0.37995,0.40047,0.42098,0.43353,0.43812,0.44271,0.44091,0.43271,0.42451,0.4131,0.39848,0.38387,0.36797,0.35079,0.33362,0.31526,0.2957,0.27614,0.25417,0.22977,0.20537,0.17748,0.14608,0.11469,0.080143,0.042429,0.0047135,-0.033842,-0.073244,-0.11266,-0.14895,-0.1821,-0.21526,-0.24115,-0.25978,-0.27841,-0.28754,-0.28716,-0.28678,-0.27762,-0.25967,-0.24173,-0.21819,-0.18908,-0.15996,-0.12945,-0.097533,-0.065612,-0.035715,-0.0078305,0.020057,0.044348,0.065047,0.08575,0.10306,0.11695,0.13085,0.14233,0.1514,0.16046,0.16801,0.17402,0.18004,0.18496,0.1888,0.19264,0.19528,0.19672,0.19815,0.19786,0.19584,0.19382,0.18949,0.18285,0.17621,0.16686,0.1548,0.14274,0.12786,0.11015,0.092432,0.071878,0.048485,0.025096,-0.0011821,-0.030345,-0.059503,-0.091368,-0.12593,-0.16048,-0.19685,-0.23501,-0.27317,-0.31136,-0.34958,-0.3878,-0.42376,-0.45746,-0.49116,-0.52034,-0.545,-0.56965,-0.58799,-0.60001,-0.61202,-0.6168,-0.61434,-0.61189,-0.60257,-0.5864,-0.57023,-0.54884,-0.52223,-0.49562,-0.46555,-0.43203,-0.3985,-0.36169,-0.32159,-0.28149,-0.2365,-0.18663,-0.13676,-0.080796,-0.018734,0.043324,0.10987,0.18093,0.25199,0.32262,0.39285,0.46308,0.52664,0.58357,0.64049,0.68644,0.72143,0.75641,0.78021,0.79285,0.80548,0.81035,0.80746,0.80457,0.79826,0.78853,0.7788,0.76839,0.75729,0.74619,0.73481,0.72314,0.71147,0.6981,0.68304,0.66798,0.64805,0.62325,0.59845,0.5642,0.52048,0.47676,0.41928,0.34807,0.27684,0.19065,0.089469,-0.011725,-0.12372,-0.24653,-0.36935,-0.49274,-0.6167,-0.74066,-0.85248,-0.95214,-1.0518,-1.1289,-1.1835,-1.2381,-1.2721,-1.2855,-1.2989,-1.2971,-1.2802,-1.2632,-1.2378,-1.2039,-1.17,-1.1271,-1.0753,-1.0235,-0.9603,-0.88578,-0.81126,-0.73841,-0.66724,-0.59606,-0.53293,-0.47785,-0.42277,-0.37378,-0.33087,-0.28797,0,0,0,0,0,0,0,0,0,0,0,0,0,0,0,0.0046526,0.0027919,0,0,0,0,0,0,0,0,0,0,0,0,0,0,0,0,0,0,0,0,0.053676,0.089462,0.11434,0.12831,0.14228,0.15549,0.16795,0.18041,0.18611,0.18503,0.18396,0.17518,0.15869,0.14221,0.11884,0.08859,0.035404,0,0,0,0,0,0,0,-0.035894,-0.05983,-0.088117,-0.20152,-0.26408,-0.32511,-0.38463,-0.44417,-0.50387,-0.56372,-0.62357,-0.69102,-0.76604,-0.84105,-0.91606,-0.99108,-1.0661,-1.1138,-1.1342,-1.1546,-1.153,-1.1294,-1.1057,-1.0789,-1.0488,-1.0188,-1.011,-1.0255,-1.04,-1.0499,-1.0552,-1.0606,-1.0622,-1.0601,-1.0579,-1.0588,-1.0625,-1.0663,-1.0728,-1.0822,-1.0915,-1.092,-1.0836,-1.0751,-1.0716,-1.073,-1.0744,-1.0805,-1.0915,-1.1024,-1.1166,-1.134,-1.1515,-1.1686,-1.1854,-1.2022,-1.2158,-1.2263,-1.2368,-1.2346,-1.2197,-1.2047,-1.1874,-1.1676,-1.1478,-1.1338,-1.1255,-1.1172,-1.1064,-1.0932,-1.08,-1.0656,-1.05,-1.0344,-1.0179,-1.0003,-0.9828,-0.96262,-0.93979,-0.91696,-0.89007,-0.85913,-0.82818,-0.79364,-0.7555,-0.71737,-0.67677,-0.63372,-0.59067,-0.54624,-0.50042,-0.45461,-0.40875,-0.36284,-0.31695,-0.2726,-0.22978,-0.18696,-0.14665,-0.10882,-0.070978,-0.035416,-0.0021369,0.031139,0.062499,0.091941,0.12139,0.14875,0.17401,0.19928,0.22195,0.24202,0.2621,0.27933,0.29373,0.30813,0.31972,0.32851,0.3373,0.34332,0.34658,0.34983,0.35066,0.34905,0.34743,0.34419,0.3393,0.33442,0.32894,0.32286,0.31679,0.31116,0.30598,0.3008,0.29683,0.29408,0.29134,0.29013,0.29044,0.29075,0.29256,0.29584,0.29913,0.30366,0.30944,0.31522,0.32177,0.32911,0.33645,0.34403,0.35186,0.35968,0.36725,0.37457,0.38189,0.38855,0.39454,0.40053,0.4057,0.41004,0.41438,0.41795,0.42075,0.42356,0.42559,0.42686,0.42813,0.42851,0.428,0.42749,0.42599,0.42349,0.42099,0.41736,0.41259,0.40783,0.40165,0.39405,0.38646,0.37711,0.36599,0.35487,0.34169,0.32645,0.3112,0.2937,0.27392,0.25414,0.23208,0.20772,0.18337,0.15696,0.12851,0.10006,0.070145,0.038755,0.0073686,-0.024583,-0.05709,-0.089596,-0.12147,-0.15269,-0.18392,-0.21324,-0.24065,-0.26805,-0.29247,-0.3139,-0.33532,-0.35326,-0.36769,-0.38213,-0.39336,-0.40139,-0.40942,-0.41355,-0.41376,-0.41397,-0.41168,-0.40689,-0.4021,-0.39493,-0.38538,-0.37584,-0.36407,-0.35008,-0.33609,-0.31966,-0.30078,-0.28189,-0.26142,-0.23939,-0.21736,-0.19523,-0.17301,-0.15078,-0.12697,-0.10157,-0.076168,-0.054484,-0.036528,-0.018572,-0.0015443,0.014553,0.03065,0.043826,0.05408,0.064329,0.071955,0.076959,0.081962,0.08532,0.087034,0.088747,0.074676,0.04481,0.014941
0,0,0,-0.87892,-0.86475,-0.85058,-0.83151,-0.80755,-0.78359,-0.75681,-0.72723,-0.69764,-0.66339,-0.62448,-0.58556,-0.54279,-0.49615,-0.4495,-0.39869,-0.34369,-0.28868,-0.23231,-0.17458,-0.11684,-0.059083,-0.0013102,0.056463,0.11116,0.16275,0.21434,0.25942,0.29799,0.33656,0.36662,0.38819,0.40975,0.42357,0.42965,0.43572,0.43514,0.42788,0.42063,0.41024,0.39673,0.38322,0.36871,0.3532,0.3377,0.32141,0.30434,0.28727,0.26811,0.24687,0.22562,0.20089,0.17265,0.14441,0.1125,0.076909,0.041319,0.0039075,-0.035333,-0.074589,-0.1119,-0.14725,-0.18261,-0.21174,-0.23463,-0.25751,-0.2714,-0.27627,-0.28115,-0.27706,-0.26399,-0.25092,-0.23156,-0.20594,-0.18031,-0.15243,-0.1223,-0.092175,-0.063366,-0.035866,-0.0083597,0.015987,0.037173,0.058368,0.076325,0.091031,0.10574,0.11806,0.12797,0.13789,0.14626,0.1531,0.15995,0.16572,0.17042,0.17512,0.17863,0.18095,0.18327,0.18384,0.18268,0.18151,0.17794,0.17195,0.16597,0.15708,0.14528,0.13348,0.11857,0.10053,0.082491,0.061325,0.03703,0.012739,-0.014642,-0.045109,-0.075579,-0.10877,-0.14468,-0.18058,-0.21806,-0.25712,-0.29617,-0.33479,-0.37296,-0.41114,-0.44651,-0.47909,-0.51166,-0.5393,-0.562,-0.5847,-0.6009,-0.6106,-0.6203,-0.62275,-0.61796,-0.61316,-0.60156,-0.58315,-0.56475,-0.54122,-0.51255,-0.48388,-0.45196,-0.41678,-0.38161,-0.34356,-0.30261,-0.26168,-0.21642,-0.16684,-0.11726,-0.061991,-0.0010437,0.059889,0.12536,0.19539,0.26542,0.33556,0.40581,0.47607,0.54036,0.59866,0.65697,0.70469,0.74181,0.77894,0.80479,0.81939,0.83399,0.8404,0.83863,0.83687,0.83121,0.82167,0.81213,0.80151,0.78982,0.77813,0.76595,0.75328,0.74061,0.72622,0.71013,0.69404,0.67308,0.64725,0.62142,0.58595,0.54083,0.49569,0.43656,0.36345,0.29034,0.20184,0.09794,-0.005959,-0.12106,-0.24737,-0.37369,-0.5001,-0.62661,-0.75311,-0.86657,-0.96697,-1.0674,-1.143,-1.1939,-1.2448,-1.2799,-1.2991,-1.3184,-1.317,-1.295,-1.273,-1.2488,-1.2225,-1.1962,-1.1527,-1.092,-1.0313,-0.96253,-0.88556,-0.80859,-0.73271,-0.6579,-0.5831,-0.51729,-0.46048,-0.40368,-0.35209,-0.30573,-0.13684,0,0,0,0,0,0,0,0,0,0,0,0,0,0,0,0,0,0,0,0,0,0,0,0,0,0,0,0,0,0,0,0,0,0,0,0,0,0.05208,0.086802,0.11068,0.12372,0.13675,0.1508,0.16587,0.18094,0.18917,0.19056,0.19195,0.18383,0.1662,0.14857,0.12846,0.10587,0.083282,0,0,0,0,0,0,0,0,0,0,-0.12155,-0.11068,-0.13955,-0.16735,-0.19516,-0.39185,-0.45089,-0.50996,-0.58279,-0.66936,-0.75594,-0.84591,-0.93925,-1.0326,-1.1045,-1.1549,-1.2052,-1.2124,-1.1764,-1.1404,-1.111,-1.088,-1.0651,-1.0582,-1.0673,-1.0764,-1.0809,-1.0809,-1.0808,-1.0855,-1.0949,-1.1044,-1.1009,-1.0844,-1.068,-1.0719,-1.0962,-1.1205,-1.1271,-1.1159,-1.1047,-1.098,-1.0958,-1.0937,-1.0963,-1.1037,-1.1112,-1.1226,-1.138,-1.1535,-1.1697,-1.1868,-1.2039,-1.2185,-1.2305,-1.2426,-1.2476,-1.2457,-1.2439,-1.2271,-1.1953,-1.1636,-1.1433,-1.1343,-1.1253,-1.1138,-1.0998,-1.0857,-1.0709,-1.0553,-1.0397,-1.0234,-1.0064,-0.98948,-0.96987,-0.94759,-0.9253,-0.89883,-0.86818,-0.83752,-0.80314,-0.76502,-0.7269,-0.68616,-0.64279,-0.59942,-0.55464,-0.50844,-0.46223,-0.41609,-0.37,-0.32392,-0.2794,-0.23643,-0.19345,-0.1528,-0.11446,-0.076122,-0.039704,-0.0052107,0.029284,0.062095,0.09322,0.12435,0.15335,0.18021,0.20707,0.23123,0.2527,0.27417,0.29263,0.30807,0.32351,0.33597,0.34545,0.35493,0.36161,0.36548,0.36936,0.37075,0.36967,0.36858,0.36568,0.36095,0.35622,0.35065,0.34423,0.33781,0.3316,0.32561,0.31961,0.31466,0.31074,0.30682,0.30432,0.30324,0.30216,0.30256,0.30442,0.30629,0.30949,0.31403,0.31857,0.32406,0.3305,0.33695,0.34383,0.35116,0.35849,0.36574,0.37293,0.38011,0.38676,0.39288,0.399,0.40439,0.40905,0.41372,0.41771,0.42103,0.42434,0.42699,0.42898,0.43097,0.43214,0.43249,0.43284,0.43221,0.43059,0.42897,0.42617,0.42217,0.41818,0.41265,0.4056,0.39854,0.38955,0.37861,0.36768,0.35449,0.33902,0.32355,0.30562,0.2852,0.26479,0.24191,0.21656,0.19119,0.16366,0.13395,0.10424,0.073009,0.040233,0.0074556,-0.025904,-0.059848,-0.093788,-0.12709,-0.15976,-0.19242,-0.2231,-0.2518,-0.28048,-0.30601,-0.32839,-0.35076,-0.36946,-0.38451,-0.39955,-0.41103,-0.41896,-0.42688,-0.43118,-0.43185,-0.43253,-0.43044,-0.42559,-0.42074,-0.41355,-0.40401,-0.39447,-0.38277,-0.36889,-0.35502,-0.33848,-0.31925,-0.30002,-0.27924,-0.25693,-0.23461,-0.21259,-0.19086,-0.16913,-0.14608,-0.12172,-0.097347,-0.074972,-0.054605,-0.034238,-0.015698,0.0010082,0.017715,0.031285,0.041716,0.052144,0.059852,0.064841,0.069826,0.073582,0.076111,0.078639,0.06659,0.039961,0.013325
0,0,0,-0.8685,-0.85404,-0.83958,-0.82075,-0.79754,-0.77433,-0.74757,-0.71726,-0.68695,-0.65339,-0.61657,-0.57976,-0.53916,-0.49476,-0.45037,-0.40228,-0.35049,-0.2987,-0.24434,-0.1874,-0.13044,-0.073113,-0.015402,0.04233,0.097152,0.14904,0.20093,0.24645,0.28557,0.32469,0.35543,0.37779,0.40014,0.41478,0.42169,0.4286,0.42888,0.42255,0.41621,0.40676,0.3942,0.38164,0.36826,0.35408,0.3399,0.32524,0.31012,0.295,0.27813,0.25953,0.24092,0.21894,0.19359,0.16823,0.13892,0.10564,0.072353,0.03651,-0.0018836,-0.040278,-0.077763,-0.11433,-0.15089,-0.18224,-0.20839,-0.23455,-0.25233,-0.26175,-0.27117,-0.27164,-0.26316,-0.25468,-0.23942,-0.21737,-0.19533,-0.17032,-0.14234,-0.11437,-0.087044,-0.060374,-0.033698,-0.0097465,0.011482,0.032719,0.050908,0.066044,0.081186,0.093987,0.10444,0.1149,0.12386,0.13132,0.13879,0.14523,0.15066,0.15609,0.16039,0.16355,0.1667,0.16814,0.16785,0.16755,0.16478,0.15952,0.15425,0.14588,0.13439,0.1229,0.10799,0.089645,0.071303,0.049543,0.024357,-0.00082864,-0.029265,-0.060946,-0.092629,-0.12699,-0.16401,-0.20102,-0.23935,-0.27897,-0.3186,-0.35736,-0.39526,-0.43316,-0.46785,-0.49934,-0.53082,-0.55709,-0.57815,-0.59921,-0.61367,-0.62153,-0.62939,-0.63,-0.62338,-0.61675,-0.60335,-0.58316,-0.56298,-0.53766,-0.50722,-0.47677,-0.4431,-0.40622,-0.36933,-0.32981,-0.28766,-0.24549,-0.19954,-0.14978,-0.10002,-0.045082,0.015022,0.075112,0.13961,0.20855,0.27748,0.34689,0.41677,0.48665,0.55118,0.61037,0.66954,0.71859,0.75754,0.79649,0.82425,0.84082,0.8574,0.86549,0.86512,0.86473,0.85999,0.85089,0.84179,0.83118,0.81908,0.80698,0.79416,0.78062,0.76708,0.75178,0.73472,0.71766,0.69571,0.66887,0.64203,0.60541,0.55899,0.51256,0.45186,0.37691,0.30196,0.21127,0.10484,-0.0015662,-0.11922,-0.24813,-0.37703,-0.50546,-0.63341,-0.76134,-0.87523,-0.97505,-1.0749,-1.1506,-1.2023,-1.254,-1.2922,-1.317,-1.3418,-1.342,-1.3177,-1.2933,-1.2671,-1.2389,-1.2108,-1.1648,-1.101,-1.0372,-0.96595,-0.88725,-0.80855,-0.72976,-0.65088,-0.57201,-0.50183,-0.44037,-0.37892,-0.32086,-0.26619,0,0,0,0,0,0,0,0,0,0,0,0,0,0,0,0,0,0,0,0,0,0,0,0,0,0,0,0,0,0,0,0,0,0,0,0,0,0,0.051292,0.085486,0.10889,0.1215,0.13412,0.14819,0.16373,0.17927,0.18838,0.19108,0.19378,0.18634,0.16877,0.1512,0.13321,0.1148,0.0964,0,0,0,0,0,0,0,0,0,0,-0.068689,0,0,0,0,-0.293,-0.349,-0.405,-0.47758,-0.56679,-0.656,-0.75425,-0.86154,-0.96885,-1.0599,-1.1346,-1.2094,-1.233,-1.2055,-1.178,-1.1554,-1.1376,-1.1199,-1.1099,-1.1076,-1.1052,-1.1047,-1.1059,-1.107,-1.1134,-1.1249,-1.1364,-1.1316,-1.1106,-1.0896,-1.0899,-1.1115,-1.1332,-1.1417,-1.1369,-1.1321,-1.1271,-1.122,-1.1168,-1.1161,-1.1199,-1.1238,-1.1319,-1.1445,-1.157,-1.1715,-1.188,-1.2045,-1.2193,-1.2325,-1.2457,-1.2549,-1.2601,-1.2654,-1.2492,-1.2115,-1.1738,-1.1502,-1.1407,-1.1312,-1.1192,-1.1047,-1.0902,-1.0752,-1.0598,-1.0445,-1.0286,-1.0124,-0.99616,-0.97723,-0.95562,-0.93399,-0.90805,-0.87781,-0.84758,-0.81341,-0.77532,-0.73723,-0.69636,-0.65271,-0.60906,-0.56402,-0.51756,-0.4711,-0.42478,-0.37861,-0.33245,-0.28777,-0.24456,-0.20134,-0.16021,-0.12115,-0.082081,-0.044662,-0.0088971,0.026873,0.061105,0.093795,0.12649,0.157,0.18533,0.21365,0.23916,0.26188,0.28459,0.30416,0.32059,0.33702,0.35034,0.36057,0.37079,0.37817,0.38268,0.3872,0.3892,0.38867,0.38814,0.38565,0.38119,0.37673,0.37119,0.36458,0.35797,0.35133,0.34468,0.33803,0.33221,0.32724,0.32227,0.31859,0.3162,0.3138,0.31284,0.31331,0.31378,0.31565,0.3189,0.32215,0.32651,0.33197,0.33742,0.34352,0.35025,0.35698,0.36383,0.37078,0.37773,0.38431,0.39052,0.39672,0.40233,0.40734,0.41235,0.41678,0.42064,0.4245,0.42777,0.43047,0.43317,0.43512,0.43632,0.43753,0.43775,0.43701,0.43626,0.43429,0.43108,0.42787,0.42304,0.41657,0.4101,0.40151,0.39082,0.38012,0.36695,0.35129,0.33563,0.31729,0.29627,0.27524,0.25156,0.22521,0.19885,0.17018,0.13921,0.10824,0.075663,0.041466,0.007263,-0.02754,-0.062954,-0.098365,-0.13312,-0.16721,-0.2013,-0.23331,-0.26325,-0.29319,-0.31982,-0.34315,-0.36647,-0.38594,-0.40156,-0.41718,-0.42895,-0.43687,-0.44478,-0.44915,-0.44995,-0.45075,-0.44862,-0.44355,-0.43849,-0.4311,-0.42139,-0.41168,-0.39987,-0.38596,-0.37206,-0.35548,-0.33622,-0.31695,-0.29624,-0.27407,-0.25189,-0.22985,-0.20795,-0.18604,-0.16305,-0.13897,-0.1149,-0.091879,-0.069927,-0.047977,-0.028261,-0.010787,0.0066842,0.020915,0.031906,0.042899,0.05083,0.0557,0.06057,0.063645,0.064923,0.0662,0.055704,0.033429,0.011147
0,0,0,-0.43104,-0.84101,-0.82637,-0.80805,-0.78603,-0.76403,-0.73889,-0.71061,-0.68234,-0.65063,-0.61547,-0.58032,-0.5414,-0.4987,-0.456,-0.40945,-0.35902,-0.3086,-0.2552,-0.19883,-0.14246,-0.08538,-0.02758,0.030233,0.085265,0.13751,0.18978,0.23574,0.27541,0.31508,0.34637,0.36927,0.39215,0.40714,0.41424,0.42133,0.42216,0.41671,0.41126,0.40265,0.39089,0.37912,0.36663,0.35342,0.34021,0.32675,0.31304,0.29934,0.28424,0.26775,0.25126,0.23165,0.20891,0.18617,0.1594,0.12862,0.097822,0.063987,0.027121,-0.0097359,-0.04655,-0.083317,-0.12008,-0.15268,-0.18109,-0.20951,-0.23035,-0.2436,-0.25686,-0.26139,-0.25721,-0.25302,-0.24175,-0.22339,-0.20504,-0.18312,-0.15764,-0.13217,-0.10674,-0.081352,-0.055957,-0.032853,-0.012031,0.0087975,0.026807,0.041991,0.057176,0.070118,0.080812,0.091507,0.10079,0.10867,0.11654,0.12349,0.12953,0.13556,0.14055,0.14451,0.14846,0.15073,0.15134,0.15195,0.15001,0.14554,0.14106,0.13325,0.12212,0.11099,0.096115,0.077495,0.058875,0.036534,0.010462,-0.015608,-0.045045,-0.07785,-0.11065,-0.14601,-0.18391,-0.22182,-0.26071,-0.30058,-0.34044,-0.37908,-0.41648,-0.45388,-0.48779,-0.51821,-0.54863,-0.57371,-0.59345,-0.61318,-0.62629,-0.63279,-0.63928,-0.63855,-0.63061,-0.62267,-0.60794,-0.58642,-0.56491,-0.53817,-0.50622,-0.47427,-0.43897,-0.40032,-0.36166,-0.32046,-0.2767,-0.23293,-0.18585,-0.13544,-0.085028,-0.030066,0.029461,0.08899,0.15263,0.22039,0.28817,0.35659,0.42571,0.49483,0.55914,0.61867,0.6782,0.72818,0.76863,0.80908,0.83858,0.85715,0.87571,0.88563,0.88689,0.88816,0.88459,0.87619,0.86778,0.85741,0.84508,0.83274,0.81944,0.80517,0.7909,0.77478,0.75681,0.73884,0.71594,0.6881,0.66027,0.62256,0.57497,0.52737,0.4652,0.38845,0.31168,0.21893,0.11019,0.0014665,-0.1182,-0.2488,-0.37941,-0.50885,-0.6371,-0.76536,-0.87845,-0.97637,-1.0743,-1.1517,-1.2087,-1.2657,-1.3091,-1.3391,-1.3691,-1.3722,-1.3482,-1.3243,-1.2926,-1.2531,-1.2136,-1.1633,-1.1022,-1.041,-0.97056,-0.89086,-0.81113,-0.72957,-0.64616,-0.56275,-0.48654,-0.41753,-0.34853,-0.15024,-0.11961,0,0,0,0,0,0,0,0,0,0,0,0,0,0,0,0,0,0,0,0,0,0,0,0,0,0,0,0,0,0,0,0,0,0,0,0,0,0,0.051305,0.085512,0.10897,0.12167,0.13437,0.14766,0.16153,0.17541,0.18376,0.18659,0.18943,0.1827,0.1664,0.1501,0.1331,0.1154,0.097692,0,0,0,0,0,0,0,0,0,0,-0.042919,0,0,0,0,-0.2073,-0.25799,-0.30867,-0.37543,-0.45832,-0.54121,-0.64108,-0.75798,-0.87489,-0.98009,-1.0736,-1.1671,-1.2147,-1.2165,-1.2183,-1.212,-1.1976,-1.1832,-1.1661,-1.1463,-1.1265,-1.1211,-1.1302,-1.1393,-1.1459,-1.1499,-1.1539,-1.1509,-1.141,-1.131,-1.1268,-1.1282,-1.1295,-1.1357,-1.1466,-1.1574,-1.159,-1.1514,-1.1437,-1.1399,-1.1401,-1.1402,-1.1447,-1.1534,-1.1621,-1.1739,-1.1888,-1.2038,-1.2182,-1.2322,-1.2462,-1.2564,-1.2629,-1.2693,-1.2537,-1.2161,-1.1784,-1.1546,-1.1448,-1.135,-1.1227,-1.108,-1.0933,-1.0785,-1.0636,-1.0488,-1.0336,-1.0182,-1.0028,-0.9847,-0.96387,-0.94303,-0.91775,-0.88805,-0.85834,-0.82447,-0.78642,-0.74838,-0.7074,-0.6635,-0.61959,-0.57436,-0.52779,-0.48121,-0.43484,-0.38869,-0.34253,-0.29769,-0.25418,-0.21065,-0.16889,-0.12888,-0.088851,-0.050288,-0.013196,0.023908,0.05953,0.093665,0.1278,0.1597,0.18936,0.21902,0.24575,0.26955,0.29336,0.31394,0.3313,0.34866,0.36285,0.37387,0.38489,0.39299,0.39819,0.40338,0.406,0.40606,0.40611,0.40409,0.4,0.39592,0.39055,0.38391,0.37726,0.37036,0.36319,0.35603,0.34949,0.34359,0.33769,0.33293,0.32931,0.32568,0.32342,0.32251,0.32161,0.32212,0.32404,0.32596,0.32912,0.3335,0.33788,0.34309,0.34913,0.35516,0.3615,0.36813,0.37476,0.3812,0.38745,0.39371,0.39952,0.4049,0.41028,0.41517,0.4196,0.42402,0.42793,0.43134,0.43475,0.43747,0.43951,0.44155,0.44263,0.44275,0.44287,0.44173,0.43932,0.43692,0.4328,0.42696,0.42112,0.413,0.4026,0.39219,0.37908,0.36326,0.34744,0.32872,0.3071,0.28548,0.261,0.23367,0.20634,0.17654,0.14429,0.11204,0.078103,0.042454,0.0067944,-0.029497,-0.066417,-0.10333,-0.13955,-0.17506,-0.21055,-0.24387,-0.27502,-0.30616,-0.33388,-0.35818,-0.38247,-0.40269,-0.41885,-0.43501,-0.4471,-0.45512,-0.46314,-0.46744,-0.46803,-0.46863,-0.46621,-0.46077,-0.45534,-0.44758,-0.43751,-0.42744,-0.41537,-0.40128,-0.3872,-0.37066,-0.35168,-0.3327,-0.31241,-0.29081,-0.26921,-0.24703,-0.22427,-0.20151,-0.17787,-0.15334,-0.12882,-0.1052,-0.082493,-0.059785,-0.039227,-0.02083,-0.0024429,0.012714,0.02465,0.036588,0.044884,0.049539,0.054196,0.055506,0.05347,0.051433,0.042016,0.025213,0.0084074
0,0,0,0,-0.82799,-0.81316,-0.79534,-0.77453,-0.75372,-0.7302,-0.70396,-0.67773,-0.64786,-0.61437,-0.58089,-0.54364,-0.50263,-0.46163,-0.41661,-0.36755,-0.3185,-0.26607,-0.21028,-0.15449,-0.097655,-0.039762,0.018128,0.073381,0.126,0.17862,0.22504,0.26526,0.30548,0.33731,0.36074,0.38416,0.39951,0.40679,0.41407,0.41543,0.41087,0.40631,0.39854,0.38757,0.37661,0.365,0.35276,0.34051,0.32825,0.31596,0.30367,0.29035,0.27598,0.2616,0.24435,0.22423,0.2041,0.17989,0.15159,0.12328,0.091463,0.056139,0.02082,-0.015326,-0.052299,-0.08927,-0.1231,-0.15379,-0.18447,-0.20836,-0.22545,-0.24254,-0.25114,-0.25125,-0.25136,-0.24408,-0.22941,-0.21474,-0.19592,-0.17294,-0.14997,-0.12643,-0.10233,-0.078221,-0.05596,-0.035542,-0.015123,0.0027045,0.017938,0.033166,0.046248,0.057181,0.068113,0.077722,0.086008,0.094297,0.10176,0.10839,0.11503,0.12072,0.12547,0.13021,0.13333,0.13483,0.13634,0.13525,0.13155,0.12786,0.12063,0.10985,0.099078,0.084243,0.065344,0.046447,0.023522,-0.0034342,-0.030388,-0.060826,-0.094749,-0.12867,-0.16503,-0.20382,-0.24261,-0.28207,-0.32218,-0.36229,-0.4008,-0.4377,-0.4746,-0.50773,-0.53708,-0.56644,-0.59033,-0.60874,-0.62715,-0.63892,-0.64405,-0.64917,-0.64711,-0.63785,-0.62859,-0.61253,-0.58969,-0.56684,-0.53868,-0.50523,-0.47178,-0.43484,-0.39443,-0.354,-0.3111,-0.26573,-0.22036,-0.17215,-0.1211,-0.070047,-0.015044,0.04391,0.10287,0.16563,0.23224,0.29885,0.3663,0.43464,0.50299,0.5671,0.62698,0.68685,0.73776,0.77971,0.82166,0.85291,0.87347,0.89403,0.90576,0.90867,0.91158,0.90918,0.90148,0.89378,0.88364,0.87107,0.8585,0.84472,0.82972,0.81471,0.79777,0.77889,0.76001,0.73616,0.70734,0.67851,0.63972,0.59096,0.54219,0.47853,0.39997,0.32139,0.22659,0.11556,0.0045181,-0.11716,-0.24948,-0.38179,-0.51223,-0.6408,-0.76938,-0.88165,-0.97766,-1.0737,-1.1528,-1.2151,-1.2773,-1.326,-1.3613,-1.3965,-1.4023,-1.3788,-1.3552,-1.318,-1.2673,-1.2165,-1.1618,-1.1033,-1.0448,-0.97518,-0.89444,-0.81371,-0.72937,-0.64144,-0.5535,-0.47125,-0.39467,-0.16667,0,0,0,0,0,0,0,0,0,0,0,0,0,0,0,0,0,0,0,0,0,0,0,0,0,0,0,0,0,0,0,0,0,0,0,0,0,0,0,0,0.051319,0.085535,0.10904,0.12183,0.13463,0.14713,0.15934,0.17155,0.17914,0.18211,0.18508,0.17905,0.16403,0.149,0.13299,0.11599,0.098983,0.042835,0,0,0,0,0,0,0,0,0,-0.01715,0,0,0,0,-0.12161,-0.16698,-0.21235,-0.2733,-0.34986,-0.4264,-0.52792,-0.65441,-0.78088,-0.90024,-1.0125,-1.1247,-1.1964,-1.2276,-1.2587,-1.2687,-1.2576,-1.2465,-1.2223,-1.185,-1.1477,-1.1376,-1.1546,-1.1716,-1.1784,-1.1749,-1.1714,-1.1702,-1.1714,-1.1725,-1.1637,-1.1448,-1.1259,-1.1297,-1.1562,-1.1827,-1.1909,-1.1808,-1.1706,-1.1637,-1.1602,-1.1567,-1.1574,-1.1623,-1.1672,-1.1764,-1.1897,-1.203,-1.2171,-1.2319,-1.2467,-1.2579,-1.2656,-1.2733,-1.2583,-1.2206,-1.183,-1.159,-1.1489,-1.1387,-1.1262,-1.1113,-1.0965,-1.0819,-1.0675,-1.0531,-1.0386,-1.024,-1.0095,-0.99218,-0.97212,-0.95206,-0.92744,-0.89827,-0.8691,-0.83551,-0.79752,-0.75952,-0.71844,-0.67429,-0.63014,-0.58472,-0.53802,-0.49132,-0.4449,-0.39875,-0.35261,-0.30763,-0.2638,-0.21996,-0.17757,-0.1366,-0.095623,-0.055922,-0.017492,0.020945,0.057947,0.093529,0.12912,0.16241,0.1934,0.22438,0.25233,0.27723,0.30212,0.32372,0.34201,0.3603,0.37535,0.38717,0.39898,0.40782,0.41369,0.41955,0.4228,0.42344,0.42408,0.42254,0.41882,0.41511,0.40991,0.40324,0.39656,0.38938,0.38171,0.37403,0.36678,0.35995,0.35311,0.34727,0.34242,0.33756,0.334,0.33171,0.32943,0.32859,0.32918,0.32977,0.33172,0.33503,0.33834,0.34266,0.348,0.35334,0.35917,0.36548,0.37179,0.3781,0.38439,0.39069,0.39672,0.40246,0.4082,0.41357,0.41855,0.42354,0.42809,0.4322,0.43632,0.43982,0.44269,0.44556,0.4475,0.44848,0.44947,0.44917,0.44756,0.44596,0.44256,0.43735,0.43215,0.42449,0.41437,0.40425,0.3912,0.37522,0.35924,0.34015,0.31793,0.29571,0.27046,0.24214,0.21382,0.1829,0.14937,0.11585,0.080545,0.043439,0.0063223,-0.031448,-0.069878,-0.10831,-0.14598,-0.18289,-0.2198,-0.25443,-0.28678,-0.31914,-0.34795,-0.3732,-0.39845,-0.41943,-0.43614,-0.45284,-0.46525,-0.47337,-0.48149,-0.48574,-0.48612,-0.48651,-0.4838,-0.47799,-0.47219,-0.46407,-0.45364,-0.44321,-0.43086,-0.4166,-0.40233,-0.38585,-0.36715,-0.34844,-0.32858,-0.30755,-0.28653,-0.26421,-0.2406,-0.21698,-0.19269,-0.16772,-0.14274,-0.11852,-0.09506,-0.071591,-0.050191,-0.030875,-0.011573,0.0045153,0.017397,0.030276,0.038936,0.043379,0.047821,0.047367,0.042018,0.036668,0.028329,0.017,0.0056682
0,0,0,0,-0.81096,-0.79691,-0.78039,-0.76137,-0.74235,-0.72076,-0.69661,-0.67246,-0.64456,-0.61291,-0.58126,-0.5457,-0.50621,-0.46673,-0.42298,-0.37496,-0.32695,-0.27523,-0.21981,-0.16439,-0.10766,-0.049623,0.0084156,0.063931,0.11693,0.16993,0.21677,0.25746,0.29815,0.33046,0.35435,0.37825,0.394,0.40159,0.40918,0.41105,0.40718,0.40332,0.39621,0.38585,0.37549,0.36447,0.35279,0.34111,0.32955,0.31812,0.30668,0.29454,0.28168,0.26882,0.25342,0.23548,0.21753,0.19562,0.16975,0.14388,0.11423,0.08082,0.047409,0.012471,-0.023988,-0.060451,-0.094725,-0.12681,-0.15889,-0.185,-0.20514,-0.22528,-0.23732,-0.24127,-0.2452,-0.24166,-0.23062,-0.21958,-0.20395,-0.18372,-0.16349,-0.14215,-0.1197,-0.097251,-0.076183,-0.056497,-0.036815,-0.019451,-0.0043923,0.010662,0.02371,0.034752,0.045792,0.055615,0.064217,0.072824,0.080707,0.08786,0.095021,0.10133,0.10678,0.11222,0.1161,0.1184,0.1207,0.12034,0.11732,0.1143,0.10755,0.097068,0.086587,0.07177,0.05262,0.033469,0.010047,-0.01765,-0.045348,-0.076593,-0.11139,-0.14618,-0.18324,-0.22254,-0.26184,-0.30148,-0.34146,-0.38144,-0.41956,-0.4558,-0.49205,-0.52445,-0.55299,-0.58154,-0.60466,-0.62235,-0.64004,-0.65112,-0.65561,-0.66009,-0.65737,-0.64744,-0.63751,-0.62071,-0.59704,-0.57337,-0.54423,-0.50961,-0.475,-0.43665,-0.39455,-0.35246,-0.30778,-0.26053,-0.21329,-0.16352,-0.11121,-0.058891,-0.0032176,0.055814,0.11484,0.17722,0.24296,0.3087,0.37526,0.44267,0.51008,0.5737,0.63352,0.69333,0.74476,0.78779,0.83082,0.86348,0.88579,0.90809,0.92148,0.92595,0.93042,0.92916,0.92217,0.91519,0.90534,0.89264,0.87993,0.86581,0.85025,0.8347,0.81715,0.7976,0.77805,0.75346,0.72381,0.69417,0.65433,0.60429,0.55423,0.48889,0.40826,0.32761,0.2308,0.11783,0.0048648,-0.11769,-0.24985,-0.38201,-0.51128,-0.63768,-0.76411,-0.87564,-0.97228,-1.0689,-1.152,-1.2216,-1.2912,-1.3444,-1.3812,-1.4179,-1.4263,-1.4062,-1.3861,-1.3455,-1.2846,-1.2236,-1.1611,-1.097,-1.033,-0.95905,-0.87523,-0.79141,-0.70663,-0.6209,-0.53518,-0.44675,-0.35562,0,0,0,0,0,0,0,0,0,0,0,0,0,0,0,0,0,0,0,0,0,0,0,0,0,0,0,0,0,0,0,0,0,0,0,0,0,0,0,0,0,0.049978,0.083298,0.10647,0.11949,0.1325,0.14493,0.15676,0.16859,0.17534,0.177,0.17865,0.17243,0.15833,0.14423,0.12899,0.1126,0.096208,0.082941,0.035597,0,0,0,0,0,0,0,0,-0.0030714,0,0,0,0,-0.062108,-0.099114,-0.13612,-0.18519,-0.24633,-0.30749,-0.40411,-0.53616,-0.66824,-0.79642,-0.92068,-1.0449,-1.1355,-1.1923,-1.2491,-1.2774,-1.2773,-1.2771,-1.2587,-1.222,-1.1853,-1.1728,-1.1847,-1.1965,-1.201,-1.1982,-1.1954,-1.1951,-1.1974,-1.1997,-1.1888,-1.1647,-1.1406,-1.1407,-1.1651,-1.1894,-1.2001,-1.1973,-1.1945,-1.1896,-1.1829,-1.1761,-1.1732,-1.1743,-1.1754,-1.1814,-1.1925,-1.2035,-1.2164,-1.231,-1.2456,-1.2571,-1.2657,-1.2742,-1.2597,-1.2223,-1.1849,-1.1612,-1.1512,-1.1412,-1.1289,-1.1143,-1.0997,-1.0855,-1.0717,-1.0579,-1.0441,-1.0302,-1.0163,-0.99961,-0.98018,-0.96076,-0.93677,-0.90821,-0.87964,-0.84651,-0.8088,-0.77109,-0.73011,-0.68587,-0.64163,-0.59605,-0.54913,-0.50223,-0.45564,-0.40937,-0.36309,-0.31791,-0.27382,-0.22971,-0.18676,-0.14496,-0.10315,-0.062421,-0.022755,0.016912,0.055195,0.092103,0.12901,0.1636,0.19587,0.22813,0.25725,0.28322,0.30919,0.33177,0.35096,0.37014,0.38602,0.3986,0.41117,0.42072,0.42725,0.43378,0.43765,0.43887,0.44009,0.43905,0.43576,0.43248,0.42754,0.42096,0.41438,0.40706,0.39903,0.39099,0.38316,0.37554,0.36793,0.36115,0.35521,0.34927,0.34453,0.341,0.33747,0.33537,0.3347,0.33402,0.3348,0.33701,0.33922,0.3426,0.34715,0.35169,0.3569,0.36277,0.36864,0.37469,0.38093,0.38717,0.39331,0.39934,0.40537,0.41113,0.41664,0.42214,0.42728,0.43207,0.43686,0.44108,0.44474,0.44841,0.45114,0.45295,0.45476,0.45524,0.4544,0.45355,0.45082,0.44621,0.4416,0.43438,0.42458,0.41477,0.40185,0.3858,0.36974,0.35037,0.32766,0.30496,0.27902,0.24983,0.22063,0.18867,0.15394,0.11921,0.082593,0.044067,0.0055403,-0.033656,-0.073543,-0.11344,-0.1525,-0.19074,-0.22898,-0.26484,-0.29833,-0.33182,-0.36164,-0.38779,-0.41394,-0.43561,-0.45282,-0.47002,-0.4827,-0.49087,-0.49904,-0.50319,-0.50332,-0.50346,-0.5004,-0.49417,-0.48793,-0.47938,-0.4685,-0.45761,-0.4449,-0.43035,-0.4158,-0.39926,-0.38072,-0.36218,-0.34248,-0.32162,-0.30077,-0.27831,-0.25423,-0.23015,-0.20542,-0.18006,-0.15468,-0.12989,-0.10569,-0.081476,-0.059241,-0.038993,-0.018754,-0.0017999,0.011863,0.025521,0.034391,0.03847,0.042544,0.041005,0.03385,0.026693,0.019263,0.011559,0.0038547
0,0,0,0,-0.78993,-0.77763,-0.76317,-0.74653,-0.72989,-0.71057,-0.68855,-0.66653,-0.64071,-0.61108,-0.58145,-0.54757,-0.50943,-0.47129,-0.42857,-0.38125,-0.33394,-0.28265,-0.22741,-0.17217,-0.11542,-0.057185,0.0010651,0.056893,0.11029,0.1637,0.21094,0.25202,0.29311,0.32581,0.35011,0.37441,0.39059,0.39863,0.40667,0.40901,0.40565,0.40228,0.39564,0.38571,0.37578,0.36505,0.35352,0.34199,0.33066,0.31951,0.30836,0.29682,0.28487,0.27292,0.25885,0.24265,0.22646,0.20662,0.18311,0.15961,0.1323,0.10117,0.070036,0.036855,0.0016296,-0.033606,-0.067543,-0.10016,-0.13277,-0.16028,-0.18268,-0.20509,-0.21995,-0.22725,-0.23455,-0.23447,-0.22701,-0.21954,-0.2072,-0.18997,-0.17274,-0.15391,-0.13347,-0.11304,-0.093521,-0.074902,-0.056286,-0.039657,-0.025005,-0.010349,0.0024966,0.013524,0.02455,0.034477,0.043297,0.052121,0.060333,0.067924,0.075522,0.082362,0.088434,0.094507,0.099039,0.10203,0.10503,0.1053,0.10284,0.10037,0.094018,0.083766,0.073514,0.058699,0.039323,0.019945,-0.0038911,-0.032186,-0.060483,-0.092343,-0.12776,-0.16319,-0.20063,-0.24007,-0.27951,-0.31896,-0.35842,-0.3979,-0.43534,-0.47078,-0.50622,-0.53794,-0.56593,-0.59392,-0.6167,-0.63426,-0.65183,-0.66289,-0.66746,-0.67203,-0.66934,-0.65939,-0.64944,-0.63247,-0.60848,-0.5845,-0.55478,-0.51934,-0.48391,-0.44436,-0.40068,-0.35701,-0.31049,-0.2611,-0.21172,-0.15993,-0.10574,-0.051559,0.0054097,0.065162,0.12492,0.18738,0.25255,0.31772,0.38346,0.4498,0.51612,0.57896,0.63831,0.69764,0.74916,0.79286,0.83656,0.87031,0.89411,0.91791,0.93279,0.93873,0.94468,0.94453,0.93827,0.93202,0.92252,0.90978,0.89703,0.88269,0.86677,0.85085,0.83291,0.81294,0.79296,0.76784,0.73755,0.70726,0.6664,0.61497,0.56353,0.49632,0.41333,0.33032,0.23155,0.11703,0.0025215,-0.11979,-0.24993,-0.38007,-0.50602,-0.62779,-0.74958,-0.86038,-0.9602,-1.06,-1.1494,-1.2284,-1.3074,-1.3642,-1.3989,-1.4336,-1.4441,-1.4305,-1.4169,-1.375,-1.305,-1.235,-1.1611,-1.0833,-1.0056,-0.92221,-0.83324,-0.74427,-0.66138,-0.58457,-0.50777,-0.41304,-0.30037,0,0,0,0,0,0,0,0,0,0,0,0,0,0,0,0,0,0,0,0,0,0,0,0,0,0,0,0,0,0,0,0,0,0,0,0,0,0,0,0,0,0.047281,0.078801,0.10125,0.11462,0.128,0.14106,0.1538,0.16654,0.17236,0.17126,0.17016,0.16284,0.14932,0.13579,0.1211,0.10523,0.089366,0.077485,0.06959,0.030608,0,0,0,0,0,0,0,-0.00067464,0,0,0,0,-0.022719,-0.054372,-0.054026,-0.074072,-0.098527,-0.12299,-0.16844,-0.40333,-0.53704,-0.66864,-0.79816,-0.92769,-1.0319,-1.1108,-1.1897,-1.2383,-1.2567,-1.2752,-1.2753,-1.2572,-1.2391,-1.2269,-1.2205,-1.214,-1.2138,-1.2199,-1.2259,-1.2256,-1.2191,-1.2127,-1.2023,-1.188,-1.1737,-1.1688,-1.1731,-1.1774,-1.1867,-1.201,-1.2153,-1.2176,-1.208,-1.1983,-1.1921,-1.1893,-1.1865,-1.1891,-1.1972,-1.2052,-1.216,-1.2295,-1.2429,-1.2542,-1.2631,-1.2721,-1.2581,-1.2212,-1.1843,-1.1612,-1.1518,-1.1425,-1.1309,-1.1169,-1.103,-1.0895,-1.0764,-1.0633,-1.0501,-1.0366,-1.0232,-1.007,-0.98806,-0.96912,-0.94572,-0.91785,-0.88998,-0.85745,-0.82027,-0.78309,-0.74241,-0.69823,-0.65406,-0.60836,-0.56114,-0.51394,-0.46707,-0.42053,-0.37397,-0.32854,-0.28422,-0.23989,-0.19647,-0.15396,-0.11144,-0.06978,-0.02898,0.011822,0.051282,0.089388,0.1275,0.1633,0.19678,0.23026,0.26051,0.28755,0.31458,0.33811,0.35815,0.37819,0.39486,0.40816,0.42147,0.43171,0.43888,0.44605,0.45053,0.45234,0.45414,0.45364,0.45083,0.44802,0.44344,0.43708,0.43071,0.42341,0.41516,0.40691,0.39865,0.39039,0.38213,0.37455,0.36767,0.36079,0.35503,0.35037,0.34572,0.34245,0.34059,0.33872,0.33833,0.33943,0.34053,0.34291,0.34655,0.3502,0.35468,0.35999,0.36529,0.37098,0.37706,0.38314,0.3893,0.39554,0.40177,0.40788,0.41385,0.41982,0.42552,0.43094,0.43636,0.44127,0.44567,0.45007,0.45356,0.45615,0.45873,0.45996,0.45982,0.45969,0.45759,0.45353,0.44946,0.44269,0.43322,0.42375,0.411,0.39497,0.37894,0.35938,0.3363,0.31322,0.28669,0.25673,0.22676,0.19384,0.15798,0.12212,0.084245,0.044345,0.0044445,-0.036135,-0.077418,-0.11872,-0.1591,-0.19859,-0.23808,-0.27509,-0.30964,-0.3442,-0.37496,-0.40194,-0.42892,-0.45123,-0.46888,-0.48652,-0.49944,-0.50761,-0.51579,-0.51979,-0.51963,-0.51947,-0.51603,-0.5093,-0.50257,-0.4935,-0.48208,-0.47067,-0.45749,-0.44254,-0.42759,-0.41087,-0.39238,-0.37388,-0.3541,-0.33303,-0.31196,-0.28934,-0.26518,-0.24101,-0.21606,-0.19035,-0.16463,-0.13931,-0.11439,-0.08945,-0.066378,-0.045181,-0.023983,-0.0062372,0.0080458,0.022328,0.031251,0.03481,0.038367,0.03642,0.028965,0.021507,0.014816,0.00889,0.0029649
0,0,0,0,-0.76889,-0.75835,-0.74595,-0.7317,-0.71744,-0.70037,-0.68049,-0.66061,-0.63686,-0.60925,-0.58164,-0.54944,-0.51264,-0.47585,-0.43415,-0.38754,-0.34093,-0.29009,-0.23501,-0.17994,-0.12318,-0.064744,-0.0062929,0.04984,0.10365,0.15747,0.20511,0.24658,0.28806,0.32115,0.34587,0.37058,0.38718,0.39567,0.40415,0.40697,0.40411,0.40125,0.39507,0.38557,0.37607,0.36563,0.35425,0.34288,0.33176,0.3209,0.31004,0.2991,0.28805,0.27701,0.26427,0.24983,0.23539,0.21761,0.19648,0.17534,0.15036,0.12152,0.092678,0.061249,0.027239,-0.0067691,-0.040357,-0.073507,-0.10665,-0.13556,-0.16023,-0.1849,-0.20257,-0.21324,-0.2239,-0.22728,-0.22339,-0.2195,-0.21044,-0.19622,-0.18199,-0.16566,-0.14725,-0.12884,-0.11086,-0.093307,-0.075759,-0.059864,-0.04561,-0.031354,-0.018716,-0.0077036,0.0033082,0.013336,0.022377,0.031419,0.039958,0.047991,0.056025,0.063394,0.070091,0.076791,0.081985,0.085672,0.08936,0.090253,0.088351,0.086448,0.080486,0.070464,0.06044,0.045627,0.026025,0.0064211,-0.01783,-0.046725,-0.075618,-0.10809,-0.14414,-0.18019,-0.21801,-0.25759,-0.29717,-0.33643,-0.37539,-0.41434,-0.45113,-0.48577,-0.5204,-0.55144,-0.57887,-0.6063,-0.62874,-0.64618,-0.66361,-0.67466,-0.67932,-0.68397,-0.68132,-0.67134,-0.66137,-0.64423,-0.61993,-0.59563,-0.56535,-0.52909,-0.49282,-0.45206,-0.40682,-0.36157,-0.31319,-0.26168,-0.21015,-0.15634,-0.10029,-0.044236,0.014035,0.074507,0.13499,0.19754,0.26215,0.32674,0.39166,0.45692,0.52217,0.58423,0.64309,0.70195,0.75356,0.79793,0.8423,0.87713,0.90243,0.92774,0.9441,0.95151,0.95893,0.95988,0.95437,0.94885,0.9397,0.92691,0.91413,0.89958,0.88329,0.867,0.84866,0.82827,0.80787,0.78221,0.75129,0.72036,0.67848,0.62566,0.57283,0.50374,0.41839,0.33303,0.23232,0.11625,0.00018345,-0.1219,-0.25,-0.37812,-0.50076,-0.61791,-0.73504,-0.8451,-0.94812,-1.0511,-1.1468,-1.2352,-1.3236,-1.384,-1.4166,-1.4492,-1.4619,-1.4548,-1.4476,-1.4045,-1.3254,-1.2463,-1.161,-1.0696,-0.97814,-0.88536,-0.79124,-0.69712,-0.61612,-0.54823,-0.48035,-0.3793,-0.2451,0,0,0,0,0,0,0,0,0,0,0,0,0,0,0,0,0,0,0,0,0,0,0,0,0,0,0,0,0,0,0,0,0,0,0,0,0,0,0,0,0,0.044583,0.0743,0.096025,0.10976,0.12349,0.13719,0.15084,0.16449,0.16938,0.16552,0.16166,0.15325,0.1403,0.12735,0.11321,0.097866,0.082524,0.072029,0.066383,0.060739,0,0,0,0,0,0,0,0.0017214,0,0,0,0,0,-0.015998,0,0,0,0,0,-0.27053,-0.40581,-0.54082,-0.67563,-0.81044,-0.92832,-1.0293,-1.1302,-1.1992,-1.2362,-1.2732,-1.292,-1.2925,-1.293,-1.2809,-1.2563,-1.2316,-1.2267,-1.2415,-1.2564,-1.2562,-1.2409,-1.2256,-1.2157,-1.2113,-1.2068,-1.1968,-1.1811,-1.1654,-1.1732,-1.2047,-1.2361,-1.2456,-1.2331,-1.2206,-1.211,-1.2043,-1.1977,-1.1968,-1.2019,-1.2069,-1.2156,-1.228,-1.2403,-1.2512,-1.2606,-1.27,-1.2565,-1.2201,-1.1836,-1.1611,-1.1524,-1.1438,-1.1328,-1.1196,-1.1064,-1.0935,-1.0811,-1.0687,-1.056,-1.0431,-1.0301,-1.0144,-0.99594,-0.97748,-0.95466,-0.92749,-0.90032,-0.86841,-0.83176,-0.7951,-0.75471,-0.71059,-0.66647,-0.62066,-0.57315,-0.52565,-0.4785,-0.43168,-0.38486,-0.33917,-0.29463,-0.25008,-0.20618,-0.16296,-0.11973,-0.077147,-0.035202,0.0067397,0.047365,0.08667,0.12598,0.16299,0.19769,0.23238,0.26377,0.29187,0.31997,0.34446,0.36534,0.38623,0.40369,0.41773,0.43176,0.44269,0.4505,0.45832,0.46342,0.4658,0.46819,0.46822,0.46589,0.46357,0.45934,0.45319,0.44705,0.43975,0.43129,0.42283,0.41415,0.40524,0.39633,0.38796,0.38014,0.37232,0.36552,0.35974,0.35396,0.34954,0.34648,0.34341,0.34187,0.34186,0.34184,0.34321,0.34596,0.34872,0.35246,0.35721,0.36195,0.36728,0.37319,0.37911,0.38529,0.39173,0.39818,0.40462,0.41106,0.4175,0.42375,0.4298,0.43586,0.44146,0.44659,0.45173,0.45598,0.45934,0.4627,0.46467,0.46525,0.46582,0.46436,0.46084,0.45733,0.451,0.44186,0.43272,0.42015,0.40414,0.38813,0.3684,0.34494,0.32148,0.29437,0.26363,0.23288,0.19901,0.16201,0.12502,0.085894,0.044625,0.0033491,-0.038623,-0.081307,-0.124,-0.1657,-0.20644,-0.24718,-0.28535,-0.32096,-0.35657,-0.38829,-0.41609,-0.44389,-0.46684,-0.48494,-0.50303,-0.51617,-0.52435,-0.53253,-0.5364,-0.53594,-0.53549,-0.53165,-0.52443,-0.5172,-0.50762,-0.49567,-0.48372,-0.47008,-0.45473,-0.43939,-0.42249,-0.40404,-0.38559,-0.36572,-0.34443,-0.32314,-0.30037,-0.27612,-0.25186,-0.2267,-0.20065,-0.17458,-0.14873,-0.12309,-0.097427,-0.073516,-0.051363,-0.029208,-0.010675,0.0042283,0.019135,0.02811,0.031151,0.03419,0.031833,0.024077,0.01632,0.010367,0.0062203,0.0012599
0,0,0,0,-0.7479,-0.73823,-0.72727,-0.71501,-0.70274,-0.68793,-0.67057,-0.65321,-0.63184,-0.60645,-0.58106,-0.55067,-0.51529,-0.47991,-0.43918,-0.39312,-0.34706,-0.29645,-0.24128,-0.18611,-0.12909,-0.070221,-0.011347,0.045239,0.099527,0.15383,0.20191,0.24375,0.28561,0.31912,0.34426,0.36941,0.38651,0.39556,0.4046,0.40795,0.4056,0.40326,0.39748,0.38828,0.37908,0.36875,0.35729,0.34584,0.33464,0.32368,0.31273,0.30194,0.29132,0.2807,0.26884,0.25574,0.24264,0.2266,0.20763,0.18865,0.1659,0.13938,0.11287,0.083386,0.050939,0.018493,-0.014275,-0.047347,-0.08041,-0.11007,-0.13635,-0.16262,-0.18255,-0.19613,-0.20971,-0.21629,-0.21588,-0.21546,-0.20972,-0.19865,-0.18757,-0.17396,-0.15779,-0.14163,-0.12538,-0.10904,-0.092708,-0.077619,-0.063763,-0.049907,-0.037434,-0.026345,-0.015254,-0.0050327,0.0043187,0.013673,0.022605,0.031108,0.039613,0.047513,0.0548,0.062091,0.067873,0.072143,0.076411,0.077792,0.076284,0.074775,0.069054,0.059118,0.04918,0.034294,0.014459,-0.0053774,-0.029971,-0.059319,-0.08866,-0.12155,-0.158,-0.19444,-0.23245,-0.272,-0.31155,-0.35054,-0.38896,-0.42738,-0.46358,-0.49757,-0.53155,-0.56214,-0.58934,-0.61654,-0.63904,-0.65685,-0.67466,-0.68623,-0.69156,-0.69689,-0.69484,-0.68542,-0.676,-0.65924,-0.63515,-0.61105,-0.58065,-0.54397,-0.50728,-0.46564,-0.41903,-0.37244,-0.32228,-0.26855,-0.2148,-0.1587,-0.10024,-0.041781,0.018432,0.080405,0.14238,0.20565,0.27022,0.33477,0.39918,0.46347,0.52776,0.58895,0.64708,0.70522,0.75661,0.80124,0.84587,0.88139,0.90781,0.93423,0.95176,0.96039,0.96903,0.97092,0.96605,0.96119,0.95237,0.9396,0.92682,0.91219,0.8957,0.87921,0.86071,0.84018,0.81966,0.79369,0.76229,0.73088,0.68793,0.63345,0.57897,0.50779,0.41992,0.33205,0.2297,0.11288,-0.0039356,-0.1245,-0.24881,-0.37314,-0.49203,-0.6055,-0.71895,-0.82831,-0.9336,-1.0389,-1.1409,-1.2396,-1.3383,-1.4057,-1.4419,-1.478,-1.491,-1.4806,-1.4703,-1.4207,-1.3317,-1.2427,-1.1475,-1.0458,-0.94421,-0.84483,-0.74768,-0.65054,-0.56825,-0.50081,-0.43337,-0.18121,-0.10873,0,0,0,0,0,0,0,0,0,0,0,0,0,0,0,0,0,0,0,0,0,0,0,0,0,0,0,0,0,0,0,0,0,0,0,0,0,0,0,0,0,0.045696,0.070771,0.090426,0.10466,0.11889,0.13257,0.14568,0.15879,0.1627,0.15742,0.15213,0.14333,0.13101,0.11869,0.10553,0.09153,0.077526,0.068635,0.064859,0.061083,0.025164,0.015102,0,0,0,0,0,0.0024324,0,0,0,0,0,0,0,0,0,0,0,-0.17009,-0.28348,-0.23845,-0.30717,-0.37591,-0.81649,-0.92872,-1.0409,-1.126,-1.1839,-1.2419,-1.2804,-1.2996,-1.3188,-1.3167,-1.2932,-1.2698,-1.2669,-1.2845,-1.3021,-1.2985,-1.2736,-1.2487,-1.2341,-1.2298,-1.2254,-1.2132,-1.1931,-1.173,-1.1779,-1.2079,-1.238,-1.2504,-1.2453,-1.2402,-1.2326,-1.2226,-1.2126,-1.2084,-1.2099,-1.2115,-1.2173,-1.2275,-1.2376,-1.2473,-1.2565,-1.2657,-1.2555,-1.2259,-1.1962,-1.1745,-1.1606,-1.1467,-1.1337,-1.1218,-1.1099,-1.0982,-1.0866,-1.075,-1.0628,-1.05,-1.0371,-1.0216,-1.0035,-0.98527,-0.96294,-0.93645,-0.90997,-0.8787,-0.84266,-0.8066,-0.76658,-0.72259,-0.6786,-0.63281,-0.58521,-0.53761,-0.49041,-0.4436,-0.39679,-0.35104,-0.30638,-0.26172,-0.21744,-0.17356,-0.12968,-0.086188,-0.043091,8.3015e-07,0.041839,0.082417,0.123,0.16123,0.19709,0.23296,0.26544,0.29453,0.32363,0.34904,0.37074,0.39246,0.41068,0.42542,0.44017,0.45177,0.46022,0.46868,0.47438,0.47733,0.48028,0.48083,0.47896,0.4771,0.47323,0.46736,0.46148,0.45427,0.44573,0.43719,0.42823,0.41884,0.40945,0.40045,0.39184,0.38323,0.37555,0.36881,0.36206,0.35663,0.35251,0.34839,0.3458,0.34473,0.34367,0.34405,0.34587,0.3477,0.35065,0.35472,0.3588,0.36364,0.36925,0.37486,0.38091,0.3874,0.39389,0.40051,0.40728,0.41405,0.42072,0.4273,0.43388,0.44005,0.44582,0.4516,0.45651,0.46056,0.46462,0.46726,0.46848,0.4697,0.46882,0.46582,0.46282,0.45693,0.44815,0.43936,0.42701,0.41109,0.39518,0.37536,0.35163,0.32789,0.30032,0.26893,0.23754,0.20287,0.16492,0.12697,0.086796,0.044384,0.0019709,-0.041161,-0.085017,-0.12887,-0.17171,-0.21355,-0.25539,-0.2946,-0.33117,-0.36775,-0.4003,-0.42883,-0.45736,-0.48088,-0.49939,-0.5179,-0.53126,-0.53949,-0.54771,-0.55147,-0.55076,-0.55006,-0.54587,-0.53821,-0.53055,-0.52049,-0.50804,-0.49558,-0.48146,-0.4657,-0.44993,-0.43274,-0.41414,-0.39554,-0.37546,-0.35391,-0.33237,-0.30938,-0.28496,-0.26054,-0.23513,-0.20875,-0.18236,-0.15603,-0.12976,-0.10347,-0.078853,-0.055915,-0.032972,-0.013903,0.0012913,0.01649,0.025252,0.027577,0.029899,0.026493,0.017362,0.0082283,0.0030501,0.0018295,0
0,0,0,0,-0.72695,-0.71728,-0.70711,-0.69646,-0.6858,-0.67325,-0.65879,-0.64434,-0.62563,-0.60267,-0.57972,-0.55128,-0.51736,-0.48345,-0.44366,-0.39798,-0.35232,-0.30173,-0.24621,-0.19069,-0.13316,-0.073625,-0.014099,0.043091,0.097937,0.15278,0.20132,0.24354,0.28577,0.31969,0.3453,0.3709,0.38857,0.39829,0.40801,0.41195,0.41013,0.4083,0.40287,0.39384,0.38481,0.37442,0.36265,0.35088,0.33928,0.32784,0.3164,0.30535,0.29466,0.28399,0.27256,0.26038,0.2482,0.23359,0.21655,0.19951,0.17891,0.15475,0.1306,0.10325,0.072714,0.042176,0.01071,-0.021672,-0.054045,-0.083834,-0.11104,-0.13825,-0.15988,-0.17593,-0.19199,-0.2015,-0.20446,-0.20742,-0.20503,-0.19727,-0.18951,-0.17879,-0.1651,-0.15141,-0.13708,-0.1221,-0.10713,-0.092919,-0.079468,-0.066018,-0.053661,-0.042403,-0.031143,-0.020634,-0.010877,-0.0011132,0.0082715,0.017276,0.026287,0.034715,0.042562,0.050411,0.056706,0.061445,0.066184,0.067914,0.066634,0.065353,0.059717,0.049726,0.039734,0.024699,0.0046225,-0.015454,-0.040316,-0.069964,-0.09961,-0.13274,-0.16935,-0.20596,-0.24395,-0.28331,-0.32267,-0.36129,-0.39916,-0.43702,-0.4727,-0.50619,-0.53967,-0.57006,-0.59734,-0.62462,-0.6476,-0.66628,-0.68497,-0.6976,-0.70419,-0.71078,-0.70992,-0.70162,-0.69332,-0.67748,-0.65411,-0.63073,-0.60069,-0.56399,-0.52729,-0.48508,-0.43734,-0.38961,-0.33774,-0.28172,-0.22568,-0.16698,-0.10559,-0.044188,0.018619,0.08285,0.14708,0.21171,0.27676,0.34182,0.40605,0.46946,0.53286,0.59314,0.6503,0.70746,0.75829,0.80278,0.84727,0.88309,0.91025,0.93739,0.95577,0.96537,0.97497,0.97763,0.97333,0.96904,0.96054,0.94783,0.93513,0.92052,0.904,0.88748,0.86905,0.84869,0.82832,0.80228,0.77055,0.73883,0.69476,0.63836,0.58193,0.50845,0.41791,0.32735,0.2237,0.10694,-0.0098084,-0.12758,-0.24637,-0.36516,-0.47989,-0.59059,-0.70131,-0.81,-0.91664,-1.0233,-1.1316,-1.2415,-1.3515,-1.4292,-1.4746,-1.5201,-1.5312,-1.508,-1.4848,-1.4234,-1.3239,-1.2242,-1.1203,-1.012,-0.90379,-0.80063,-0.70257,-0.60451,-0.51775,-0.4423,-0.20005,0,0,0,0,0,0,0,0,0,0,0,0,0,0,0,0,0,0,0,0,0,0,0,0,0,0,0,0,0,0,0,0,0,0,0,0,0,0,0,0,0,0,0,0.050621,0.068216,0.084449,0.099326,0.1142,0.1272,0.13833,0.14945,0.15232,0.14695,0.14158,0.13307,0.12144,0.10981,0.09807,0.086222,0.074373,0.067304,0.065016,0.062729,0.025164,0.015102,0,0,0,0,0,0.00097286,0,0,0,0,0,0,0,0,0,0,0,-0.068032,-0.11338,0,0,0,-0.69644,-0.80914,-0.92181,-1.0187,-1.0999,-1.1811,-1.2407,-1.2786,-1.3166,-1.3342,-1.3314,-1.3287,-1.3344,-1.3487,-1.363,-1.3525,-1.3173,-1.2821,-1.2575,-1.2434,-1.2294,-1.2179,-1.209,-1.2001,-1.2007,-1.2108,-1.2208,-1.2321,-1.2445,-1.257,-1.2569,-1.2441,-1.2313,-1.2237,-1.2213,-1.219,-1.2212,-1.2281,-1.235,-1.2426,-1.2509,-1.2592,-1.2551,-1.2386,-1.222,-1.2012,-1.1762,-1.1511,-1.1336,-1.1237,-1.1138,-1.1035,-1.0928,-1.0821,-1.0703,-1.0573,-1.0443,-1.0288,-1.0106,-0.9925,-0.97053,-0.94473,-0.91893,-0.88835,-0.85297,-0.81759,-0.77802,-0.73425,-0.69047,-0.64482,-0.59731,-0.54982,-0.50281,-0.45628,-0.40975,-0.36415,-0.31947,-0.27481,-0.23023,-0.18575,-0.14127,-0.096895,-0.052637,-0.008382,0.034708,0.07663,0.11855,0.15801,0.195,0.232,0.26551,0.29554,0.32558,0.35186,0.37436,0.39687,0.41584,0.43126,0.44668,0.45894,0.46803,0.47712,0.48342,0.48692,0.49042,0.49146,0.49004,0.48862,0.48513,0.47957,0.47401,0.46699,0.4585,0.45001,0.4409,0.43119,0.42148,0.412,0.40276,0.39352,0.38512,0.37757,0.37001,0.36372,0.35868,0.35365,0.35011,0.34807,0.34603,0.34543,0.34629,0.34714,0.34922,0.35253,0.35583,0.36007,0.36524,0.3704,0.37617,0.38253,0.3889,0.39556,0.40251,0.40947,0.41644,0.42342,0.43041,0.43706,0.44336,0.44967,0.45515,0.45981,0.46448,0.46771,0.46952,0.47133,0.47098,0.46846,0.46594,0.46048,0.45207,0.44366,0.43158,0.41584,0.4001,0.38027,0.35637,0.33246,0.30455,0.27264,0.24073,0.20542,0.16669,0.12797,0.086951,0.043629,0.00030522,-0.043743,-0.088534,-0.13332,-0.17711,-0.21991,-0.26271,-0.30283,-0.34027,-0.37771,-0.41102,-0.44018,-0.46933,-0.49335,-0.51223,-0.53112,-0.54471,-0.55302,-0.56132,-0.56502,-0.5641,-0.56318,-0.5587,-0.55066,-0.54261,-0.53212,-0.51918,-0.50623,-0.49166,-0.47544,-0.45923,-0.44164,-0.42269,-0.40373,-0.38333,-0.36149,-0.33965,-0.31639,-0.29171,-0.26704,-0.24135,-0.21465,-0.18796,-0.16121,-0.1344,-0.10757,-0.082392,-0.058841,-0.035281,-0.015925,-0.00076532,0.014399,0.022683,0.024089,0.025491,0.020401,0.008818,-0.0027663,-0.0071336,-0.0042819,-0.0012238
0,0,0,0,-0.70599,-0.69632,-0.68696,-0.67791,-0.66886,-0.65856,-0.64701,-0.63546,-0.61942,-0.5989,-0.57837,-0.55188,-0.51944,-0.487,-0.44813,-0.40284,-0.35757,-0.307,-0.25112,-0.19525,-0.13722,-0.077036,-0.016845,0.040949,0.096339,0.15173,0.20073,0.24333,0.28593,0.32026,0.34633,0.37239,0.39063,0.40102,0.41141,0.41596,0.41465,0.41334,0.40826,0.39941,0.39055,0.38009,0.36801,0.35593,0.34393,0.332,0.32008,0.30875,0.29801,0.28727,0.27627,0.26501,0.25375,0.24057,0.22547,0.21037,0.19192,0.17013,0.14834,0.12312,0.094487,0.065851,0.035688,0.0040026,-0.027681,-0.057592,-0.085733,-0.11387,-0.1372,-0.15574,-0.17427,-0.1867,-0.19305,-0.19938,-0.20033,-0.19589,-0.19144,-0.18362,-0.17241,-0.1612,-0.14878,-0.13517,-0.12155,-0.10822,-0.095171,-0.082126,-0.069885,-0.058455,-0.04703,-0.036235,-0.026066,-0.015897,-0.0060604,0.0034495,0.012961,0.021919,0.030326,0.038734,0.045543,0.050752,0.055961,0.05804,0.056986,0.055932,0.050382,0.040336,0.030289,0.015106,-0.0052103,-0.025527,-0.050658,-0.080605,-0.11055,-0.14391,-0.18069,-0.21747,-0.25546,-0.29463,-0.3338,-0.37203,-0.40934,-0.44666,-0.48182,-0.51481,-0.54779,-0.57797,-0.60534,-0.6327,-0.65616,-0.67572,-0.69527,-0.70898,-0.71683,-0.72468,-0.72501,-0.71782,-0.71064,-0.69572,-0.67307,-0.65042,-0.62074,-0.58402,-0.54731,-0.50451,-0.45566,-0.40679,-0.3532,-0.2949,-0.23658,-0.17525,-0.11092,-0.046595,0.018805,0.085288,0.15177,0.21779,0.28332,0.34886,0.4129,0.47544,0.53797,0.59734,0.65352,0.7097,0.75997,0.80432,0.84868,0.8848,0.91267,0.94055,0.95978,0.97035,0.98092,0.98434,0.98061,0.97688,0.9687,0.95607,0.94343,0.92885,0.9123,0.89575,0.87738,0.85718,0.83698,0.81086,0.77882,0.74678,0.70159,0.64326,0.5849,0.50911,0.41588,0.32265,0.21769,0.101,-0.015691,-0.13066,-0.24391,-0.35716,-0.46775,-0.57571,-0.68366,-0.79166,-0.89969,-1.0077,-1.1223,-1.2435,-1.3647,-1.4527,-1.5074,-1.5622,-1.5715,-1.5354,-1.4994,-1.4262,-1.316,-1.2057,-1.0931,-0.97824,-0.86335,-0.75643,-0.65746,-0.55849,-0.46727,-0.20652,0,0,0,0,0,0,0,0,0,0,0,0,0,0,0,0,0,0,0,0,0,0,0,0,0,0,0,0,0,0,0,0,0,0,0,0,0,0,0,0,0,0,0,0,0.055548,0.065661,0.078474,0.093989,0.10951,0.12183,0.13097,0.14011,0.14194,0.13648,0.13102,0.12282,0.11188,0.10093,0.09061,0.080915,0.071221,0.065973,0.065173,0.064375,0,0,0,0,0,0,0,0,0,0,0,0,0,0,0,0,0,0,0,0,0,0,0,0,-0.31821,-0.37467,-0.80269,-0.91146,-1.0159,-1.1204,-1.201,-1.2577,-1.3144,-1.3517,-1.3696,-1.3875,-1.402,-1.4129,-1.4238,-1.4066,-1.361,-1.3155,-1.2808,-1.2571,-1.2334,-1.2227,-1.225,-1.2273,-1.2235,-1.2136,-1.2037,-1.2138,-1.2438,-1.2738,-1.2811,-1.2656,-1.25,-1.2391,-1.2327,-1.2264,-1.2251,-1.2287,-1.2323,-1.2378,-1.2453,-1.2527,-1.2547,-1.2512,-1.2478,-1.228,-1.1918,-1.1556,-1.1335,-1.1256,-1.1176,-1.1088,-1.099,-1.0892,-1.0778,-1.0646,-1.0515,-1.0359,-1.0178,-0.99972,-0.97813,-0.95301,-0.92789,-0.89798,-0.86328,-0.82858,-0.78945,-0.74589,-0.70233,-0.65684,-0.60943,-0.56202,-0.51521,-0.46896,-0.42272,-0.37726,-0.33257,-0.28791,-0.24303,-0.19794,-0.15285,-0.1076,-0.06218,-0.016763,0.027573,0.070838,0.1141,0.1548,0.19291,0.23103,0.26557,0.29655,0.32753,0.35468,0.37798,0.40129,0.42099,0.4371,0.4532,0.46612,0.47584,0.48557,0.49245,0.49651,0.50056,0.50209,0.50112,0.50014,0.49703,0.49179,0.48654,0.4797,0.47126,0.46282,0.45358,0.44354,0.43351,0.42355,0.41368,0.40381,0.39469,0.38632,0.37796,0.3708,0.36485,0.35891,0.35443,0.35141,0.34839,0.34682,0.3467,0.34659,0.3478,0.35034,0.35287,0.3565,0.36122,0.36594,0.37143,0.37767,0.38391,0.3906,0.39774,0.40489,0.41215,0.41955,0.42695,0.43406,0.4409,0.44774,0.45379,0.45907,0.46434,0.46817,0.47056,0.47295,0.47313,0.4711,0.46906,0.46403,0.456,0.44796,0.43616,0.42059,0.40501,0.38519,0.36111,0.33703,0.30877,0.27635,0.24393,0.20797,0.16847,0.12897,0.087102,0.042876,-0.001358,-0.046328,-0.092048,-0.13776,-0.1825,-0.22627,-0.27004,-0.31107,-0.34938,-0.38768,-0.42172,-0.45151,-0.48129,-0.50581,-0.52507,-0.54434,-0.55816,-0.56654,-0.57493,-0.57856,-0.57743,-0.57631,-0.57153,-0.5631,-0.55467,-0.54374,-0.53031,-0.51689,-0.50184,-0.48518,-0.46852,-0.45054,-0.43123,-0.41191,-0.3912,-0.36907,-0.34694,-0.3234,-0.29847,-0.27353,-0.24757,-0.22057,-0.19357,-0.1664,-0.13905,-0.11169,-0.085932,-0.061767,-0.037593,-0.017948,-0.0028226,0.012307,0.020115,0.0206,0.021084,0.014309,0.00027473,-0.013761,-0.017318,-0.010394,-0.0034655
0,0,0,0,-0.68288,-0.67344,-0.66501,-0.65759,-0.65018,-0.64206,-0.63324,-0.62442,-0.61113,-0.59335,-0.57557,-0.55133,-0.52062,-0.48992,-0.45213,-0.40729,-0.36245,-0.3118,-0.25534,-0.19889,-0.14009,-0.078916,-0.017737,0.040971,0.097192,0.15341,0.20309,0.24622,0.28935,0.3242,0.35076,0.37732,0.3961,0.40708,0.41806,0.42311,0.42222,0.42133,0.41653,0.40783,0.39913,0.38857,0.37615,0.36373,0.35126,0.33874,0.32622,0.31445,0.30342,0.2924,0.28156,0.27092,0.26027,0.24819,0.2347,0.22121,0.20465,0.18504,0.16542,0.14228,0.11562,0.088967,0.06029,0.029603,-0.0010777,-0.030761,-0.059448,-0.088132,-0.11283,-0.13353,-0.15422,-0.16933,-0.17886,-0.18839,-0.19257,-0.19139,-0.19021,-0.18527,-0.17656,-0.16784,-0.15736,-0.14509,-0.13283,-0.12033,-0.10759,-0.09485,-0.082578,-0.070779,-0.058983,-0.047672,-0.03685,-0.026028,-0.015521,-0.0053302,0.0048587,0.014447,0.023435,0.032423,0.039711,0.045299,0.050886,0.053206,0.052256,0.051306,0.045747,0.035581,0.025411,0.010056,-0.010485,-0.03103,-0.0564,-0.086599,-0.1168,-0.15039,-0.18737,-0.22435,-0.26247,-0.30171,-0.34096,-0.37921,-0.41647,-0.45373,-0.48886,-0.52184,-0.55481,-0.58516,-0.61287,-0.64058,-0.6647,-0.68522,-0.70575,-0.72066,-0.72996,-0.73926,-0.74111,-0.73549,-0.72988,-0.71643,-0.69514,-0.67384,-0.64511,-0.60893,-0.57273,-0.52971,-0.47989,-0.43003,-0.37469,-0.31384,-0.25299,-0.18876,-0.12114,-0.053545,0.01481,0.083945,0.15308,0.22091,0.28743,0.35396,0.41821,0.48022,0.54222,0.60082,0.65602,0.7112,0.76075,0.80468,0.84859,0.88467,0.9129,0.94114,0.96089,0.97214,0.9834,0.98739,0.98413,0.98087,0.97299,0.9605,0.94801,0.93355,0.91713,0.90071,0.88251,0.86252,0.84253,0.81629,0.7838,0.75131,0.70496,0.64474,0.58451,0.50677,0.41152,0.31626,0.21088,0.095352,-0.020166,-0.13186,-0.23972,-0.34758,-0.45343,-0.55727,-0.6611,-0.76779,-0.87735,-0.98691,-1.1073,-1.2384,-1.3696,-1.468,-1.5336,-1.5992,-1.6108,-1.5684,-1.526,-1.4429,-1.3192,-1.1954,-1.0712,-0.94648,-0.82178,-0.70772,-0.60431,-0.50092,-0.40536,0,0,0,0,0,0,0,0,0,0,0,0,0,0,0,0,0,0,0,0,0,0,0,0,0,0,0,0,0,0,0,0,0,0,0,0,0,0,0,0,0,0,0,0,0.025451,0.05681,0.06235,0.072325,0.086738,0.10115,0.11239,0.12045,0.12851,0.12995,0.12476,0.11957,0.11225,0.10279,0.093335,0.084822,0.077253,0.069685,0.065587,0.064959,0.064331,0,0,0,0,0,0,0,0,0,0,0,0,0,0,0,0,0,0,0,0,0,0,0,0,0,0,-0.37156,-0.42891,-0.92768,-1.0521,-1.1539,-1.2331,-1.3124,-1.366,-1.3942,-1.4223,-1.4416,-1.4522,-1.4627,-1.4451,-1.3993,-1.3536,-1.3139,-1.2804,-1.2468,-1.2317,-1.2352,-1.2387,-1.2334,-1.2194,-1.2054,-1.213,-1.2421,-1.2713,-1.2819,-1.2739,-1.2659,-1.2567,-1.2462,-1.2358,-1.2304,-1.23,-1.2296,-1.2324,-1.2382,-1.2441,-1.2486,-1.2519,-1.2551,-1.2361,-1.195,-1.1539,-1.1304,-1.1246,-1.1188,-1.1114,-1.1026,-1.0938,-1.0828,-1.0696,-1.0565,-1.041,-1.0231,-1.0052,-0.98399,-0.9595,-0.93502,-0.90579,-0.87181,-0.83784,-0.79943,-0.75658,-0.71373,-0.66898,-0.62234,-0.57568,-0.52949,-0.48375,-0.43801,-0.39273,-0.34792,-0.30311,-0.25779,-0.21196,-0.16613,-0.11994,-0.073375,-0.026815,0.018728,0.063255,0.10778,0.14966,0.18889,0.22811,0.26369,0.29563,0.32756,0.35559,0.37972,0.40383,0.42429,0.44109,0.45789,0.47147,0.48182,0.49218,0.49965,0.50425,0.50884,0.51087,0.51033,0.50979,0.50706,0.50213,0.4972,0.49056,0.48222,0.47388,0.46461,0.45439,0.44417,0.43389,0.42356,0.41322,0.40354,0.39451,0.38548,0.3776,0.37086,0.36412,0.3588,0.35488,0.35097,0.34849,0.34744,0.34639,0.34671,0.3484,0.35008,0.35299,0.35712,0.36125,0.36629,0.37225,0.37821,0.38477,0.39192,0.39908,0.40647,0.41411,0.42174,0.42918,0.43641,0.44365,0.45015,0.45591,0.46168,0.46601,0.46892,0.47182,0.47249,0.47093,0.46937,0.46477,0.45712,0.44948,0.43798,0.42262,0.40726,0.38751,0.36338,0.33925,0.31081,0.27807,0.24533,0.20896,0.16894,0.12891,0.086473,0.041635,-0.0032108,-0.04883,-0.09522,-0.14161,-0.18706,-0.23156,-0.27607,-0.31782,-0.35683,-0.39583,-0.43048,-0.4608,-0.49112,-0.51609,-0.53572,-0.55536,-0.56944,-0.57796,-0.58649,-0.59014,-0.5889,-0.58766,-0.58267,-0.57392,-0.56517,-0.55386,-0.53999,-0.52612,-0.51063,-0.49353,-0.47642,-0.45802,-0.43834,-0.41865,-0.39758,-0.37512,-0.35267,-0.32881,-0.30356,-0.27831,-0.25203,-0.2247,-0.19737,-0.16983,-0.14208,-0.11431,-0.088162,-0.063621,-0.039076,-0.019283,-0.0042371,0.010808,0.018133,0.017735,0.017334,0.0090568,-0.0070977,-0.023255,-0.026115,-0.015674,-0.0052257
0,0,0,0,-0.65761,-0.64863,-0.64127,-0.63551,-0.62975,-0.62374,-0.61748,-0.61122,-0.60074,-0.58602,-0.57131,-0.5496,-0.52091,-0.49221,-0.45568,-0.41131,-0.36693,-0.31612,-0.25887,-0.20161,-0.14173,-0.079243,-0.016759,0.043153,0.10049,0.15782,0.20839,0.25222,0.29605,0.33151,0.35859,0.38568,0.40497,0.41646,0.42795,0.43341,0.43284,0.43226,0.42769,0.41911,0.41054,0.39986,0.38708,0.37429,0.36129,0.34805,0.33481,0.32243,0.3109,0.29938,0.28844,0.27809,0.26773,0.25645,0.24424,0.23204,0.21712,0.19948,0.18185,0.16072,0.13611,0.1115,0.084508,0.055129,0.025753,-0.0033625,-0.032208,-0.061055,-0.086758,-0.1093,-0.13184,-0.14938,-0.16192,-0.17445,-0.18174,-0.18378,-0.18582,-0.18374,-0.17755,-0.17135,-0.1628,-0.15188,-0.14097,-0.12924,-0.11672,-0.10419,-0.091742,-0.079373,-0.067004,-0.054955,-0.04323,-0.031504,-0.020116,-0.0090691,0.0019768,0.012298,0.021889,0.031479,0.039211,0.045083,0.050958,0.053411,0.052441,0.05147,0.045809,0.035455,0.025099,0.0095459,-0.011209,-0.031968,-0.057545,-0.087949,-0.11835,-0.15216,-0.18937,-0.22659,-0.265,-0.30459,-0.34417,-0.38282,-0.42053,-0.45824,-0.49382,-0.52727,-0.56072,-0.59162,-0.61994,-0.64826,-0.67321,-0.6948,-0.71638,-0.73265,-0.7436,-0.75454,-0.75822,-0.75463,-0.75104,-0.7396,-0.72031,-0.70101,-0.67381,-0.6387,-0.60358,-0.56069,-0.51003,-0.45937,-0.40221,-0.33856,-0.27493,-0.2075,-0.13626,-0.065032,0.0066541,0.078822,0.15099,0.22106,0.28908,0.35709,0.42199,0.48381,0.54562,0.60361,0.65779,0.71196,0.76064,0.80383,0.84702,0.88272,0.91094,0.93916,0.9591,0.97076,0.98242,0.9868,0.9839,0.98099,0.97341,0.96113,0.94885,0.93464,0.91851,0.90237,0.88444,0.86471,0.84497,0.81857,0.78551,0.75244,0.70488,0.64283,0.58076,0.50143,0.40482,0.30819,0.20326,0.090005,-0.023245,-0.13119,-0.23383,-0.33645,-0.43693,-0.53527,-0.6336,-0.73839,-0.84964,-0.9609,-1.0864,-1.2263,-1.3662,-1.4751,-1.5532,-1.6313,-1.6492,-1.6069,-1.5646,-1.4734,-1.3334,-1.1934,-1.0544,-0.91674,-0.77903,-0.65449,-0.54313,-0.43179,-0.18435,0,0,0,0,0,0,0,0,0,0,0,0,0,0,0,0,0,0,0,0,0,0,0,0,0,0,0,0,0,0,0,0,0,0,0,0,0,0,0,0,0,0,0,0,0.050538,0.054412,0.058284,0.066003,0.077572,0.089143,0.098874,0.10677,0.11466,0.11633,0.11178,0.10723,0.10136,0.094195,0.087024,0.080705,0.075235,0.069766,0.066145,0.064373,0.062601,0,0,0,0,0,0,0,0,0,0,0,0,0,0,0,0,0,0,0,0,0,0,0,0,0,0,0,0,-0.83518,-0.97624,-1.0995,-1.205,-1.3106,-1.3772,-1.4051,-1.4329,-1.4534,-1.4665,-1.4795,-1.4681,-1.4323,-1.3964,-1.3567,-1.3131,-1.2695,-1.245,-1.2395,-1.2341,-1.2303,-1.2282,-1.226,-1.2298,-1.2396,-1.2494,-1.2592,-1.2691,-1.279,-1.2765,-1.2618,-1.247,-1.2371,-1.232,-1.2269,-1.2262,-1.2298,-1.2334,-1.2369,-1.2404,-1.2439,-1.2257,-1.1858,-1.146,-1.1243,-1.1208,-1.1172,-1.1115,-1.1037,-1.0958,-1.0853,-1.0723,-1.0593,-1.044,-1.0264,-1.0088,-0.98811,-0.96421,-0.94032,-0.91177,-0.87857,-0.84537,-0.80795,-0.76632,-0.72468,-0.68124,-0.63602,-0.5908,-0.54566,-0.50065,-0.45562,-0.41058,-0.3655,-0.32041,-0.27452,-0.22782,-0.18112,-0.13392,-0.086227,-0.03853,0.0081734,0.053882,0.099588,0.1426,0.18293,0.22324,0.25986,0.29278,0.32568,0.35462,0.37957,0.40451,0.42574,0.44326,0.46076,0.475,0.48598,0.49696,0.50501,0.51015,0.51528,0.5178,0.51769,0.51759,0.51523,0.5106,0.50598,0.49958,0.4914,0.48322,0.474,0.46373,0.45347,0.44302,0.43239,0.42176,0.41167,0.40213,0.39258,0.3841,0.37669,0.36928,0.36322,0.35851,0.35379,0.35046,0.3485,0.34654,0.34594,0.3467,0.34747,0.34954,0.35293,0.35631,0.36077,0.36629,0.37181,0.37807,0.38506,0.39205,0.3994,0.4071,0.4148,0.4224,0.4299,0.4374,0.44422,0.45036,0.4565,0.46125,0.46459,0.46793,0.46906,0.46796,0.46687,0.46271,0.45546,0.44822,0.43705,0.42194,0.40683,0.38725,0.36319,0.33913,0.31067,0.27782,0.24496,0.20839,0.1681,0.1278,0.085066,0.039903,-0.005267,-0.051252,-0.098049,-0.14484,-0.19076,-0.23577,-0.28079,-0.32307,-0.36261,-0.40214,-0.4373,-0.46806,-0.49882,-0.5242,-0.54419,-0.56418,-0.57854,-0.58728,-0.59602,-0.59976,-0.5985,-0.59724,-0.59212,-0.58312,-0.57412,-0.56248,-0.54821,-0.53393,-0.51802,-0.50047,-0.48293,-0.46411,-0.44403,-0.42394,-0.40248,-0.37965,-0.35683,-0.3326,-0.30698,-0.28136,-0.25472,-0.22706,-0.19938,-0.17152,-0.14349,-0.11545,-0.089086,-0.064405,-0.039726,-0.019928,-0.0050084,0.0099074,0.016742,0.015492,0.01424,0.0046425,-0.013302,-0.031249,-0.033522,-0.020119,-0.0067101
0,0,0,0,-0.63234,-0.62383,-0.61752,-0.61342,-0.60932,-0.60542,-0.60172,-0.59802,-0.59034,-0.57869,-0.56704,-0.54788,-0.52119,-0.49451,-0.45923,-0.41533,-0.37142,-0.32045,-0.26239,-0.20431,-0.14337,-0.079582,-0.015782,0.045342,0.10378,0.16222,0.2137,0.25823,0.30274,0.33881,0.36643,0.39404,0.41385,0.42585,0.43784,0.44371,0.44346,0.4432,0.43884,0.43039,0.42194,0.41115,0.398,0.38486,0.37131,0.35736,0.3434,0.33041,0.31839,0.30636,0.29532,0.28526,0.2752,0.26471,0.25379,0.24287,0.22959,0.21393,0.19827,0.17917,0.15661,0.13404,0.10872,0.080655,0.052587,0.024046,-0.0049642,-0.033978,-0.060682,-0.085076,-0.10946,-0.12943,-0.14497,-0.16051,-0.17092,-0.17617,-0.18143,-0.18221,-0.17854,-0.17486,-0.16824,-0.15867,-0.1491,-0.13815,-0.12584,-0.11353,-0.1009,-0.08796,-0.075019,-0.062236,-0.049608,-0.036977,-0.024709,-0.012804,-0.00089978,0.010151,0.020344,0.030536,0.038712,0.044872,0.051033,0.053619,0.052628,0.051637,0.045872,0.035333,0.024793,0.0090387,-0.011932,-0.032904,-0.058687,-0.089295,-0.1199,-0.15393,-0.19137,-0.22882,-0.26752,-0.30746,-0.34739,-0.38643,-0.42459,-0.46274,-0.49879,-0.53271,-0.56664,-0.59807,-0.627,-0.65593,-0.68172,-0.70437,-0.72702,-0.74464,-0.75723,-0.76982,-0.77533,-0.77377,-0.77221,-0.76278,-0.74547,-0.72817,-0.70251,-0.66848,-0.63445,-0.59168,-0.54019,-0.4887,-0.42974,-0.3633,-0.29688,-0.22624,-0.15139,-0.076532,-0.0015092,0.073682,0.14888,0.22123,0.29072,0.36022,0.42577,0.4874,0.54901,0.60641,0.65957,0.71273,0.76053,0.80298,0.84544,0.88077,0.90897,0.93717,0.95731,0.96937,0.98144,0.9862,0.98366,0.98112,0.97382,0.96175,0.94969,0.93573,0.91988,0.90403,0.88637,0.86689,0.84741,0.82085,0.78721,0.75356,0.7048,0.64091,0.577,0.49608,0.3981,0.3001,0.19563,0.084639,-0.026336,-0.13052,-0.22793,-0.32533,-0.42043,-0.51326,-0.60611,-0.70898,-0.82191,-0.93487,-1.0656,-1.2142,-1.3628,-1.4823,-1.5728,-1.6634,-1.6876,-1.6454,-1.6033,-1.504,-1.3476,-1.1912,-1.0377,-0.88698,-0.73627,-0.60127,-0.48196,-0.36265,0,0,0,0,0,0,0,0,0,0,0,0,0,0,0,0,0,0,0,0,0,0,0,0,0,0,0,0,0,0,0,0,0,0,0,0,0,0,0,0,0,0,0,0,0,0.04981,0.052015,0.054217,0.059681,0.068407,0.077133,0.08536,0.093088,0.10082,0.10272,0.098802,0.094881,0.09048,0.085596,0.080712,0.076585,0.073215,0.069845,0.066702,0.063785,0.06087,0,0,0,0,0,0,0,0,0,0,0,0,0,0,0,0,0,0,0,0,0,0,0,0,0,0,0,0,-0.74264,-0.90032,-1.0451,-1.1769,-1.3087,-1.3884,-1.416,-1.4436,-1.4652,-1.4808,-1.4964,-1.4912,-1.4652,-1.4393,-1.3995,-1.3459,-1.2922,-1.2582,-1.2439,-1.2296,-1.2272,-1.2369,-1.2466,-1.2466,-1.237,-1.2275,-1.2365,-1.2643,-1.292,-1.2964,-1.2773,-1.2582,-1.2438,-1.234,-1.2242,-1.22,-1.2214,-1.2227,-1.2252,-1.2289,-1.2326,-1.2152,-1.1767,-1.1381,-1.1182,-1.117,-1.1157,-1.1116,-1.1047,-1.0978,-1.0879,-1.075,-1.0621,-1.0471,-1.0298,-1.0125,-0.99223,-0.96892,-0.94561,-0.91775,-0.88533,-0.85291,-0.81648,-0.77605,-0.73564,-0.69351,-0.6497,-0.60589,-0.56184,-0.51754,-0.47324,-0.42841,-0.38307,-0.33772,-0.29125,-0.24369,-0.19612,-0.14792,-0.099083,-0.050248,-0.002385,0.044506,0.091386,0.13554,0.17696,0.21838,0.25603,0.28992,0.32381,0.35364,0.37942,0.4052,0.4272,0.44541,0.46363,0.47854,0.49014,0.50174,0.51038,0.51605,0.52172,0.52473,0.52506,0.52539,0.52339,0.51907,0.51476,0.50859,0.50057,0.49255,0.48339,0.47308,0.46277,0.45215,0.44122,0.43029,0.41979,0.40974,0.39968,0.39061,0.38253,0.37445,0.36765,0.36213,0.35661,0.35242,0.34955,0.34668,0.34517,0.34501,0.34486,0.3461,0.34874,0.35138,0.35524,0.36032,0.36541,0.37136,0.37819,0.38502,0.39231,0.40008,0.40785,0.41562,0.42338,0.43114,0.43828,0.4448,0.45132,0.45648,0.46026,0.46404,0.46562,0.465,0.46437,0.46064,0.4538,0.44696,0.43611,0.42126,0.4064,0.38698,0.363,0.33902,0.31053,0.27756,0.24458,0.20781,0.16725,0.12669,0.083659,0.038167,-0.0073276,-0.053673,-0.10087,-0.14807,-0.19444,-0.23998,-0.28551,-0.32832,-0.36839,-0.40846,-0.44411,-0.47532,-0.50652,-0.5323,-0.55266,-0.573,-0.58765,-0.5966,-0.60555,-0.60938,-0.6081,-0.60682,-0.60156,-0.59231,-0.58306,-0.5711,-0.55642,-0.54175,-0.52541,-0.50742,-0.48943,-0.47019,-0.44971,-0.42922,-0.40738,-0.38419,-0.36099,-0.3364,-0.31041,-0.28442,-0.25741,-0.2294,-0.20138,-0.17321,-0.1449,-0.11658,-0.090013,-0.065192,-0.040373,-0.02057,-0.0057818,0.0090046,0.01535,0.013249,0.011147,0.00023043,-0.019505,-0.039241,-0.040929,-0.024564,-0.0081911
0,0,0,0,-0.6066,-0.59786,-0.5921,-0.5893,-0.58651,-0.58457,-0.58346,-0.58236,-0.57754,-0.56901,-0.56048,-0.54406,-0.51974,-0.49542,-0.46171,-0.41859,-0.37547,-0.32449,-0.26562,-0.20674,-0.1446,-0.079191,-0.013768,0.04893,0.1089,0.16888,0.22162,0.26712,0.31261,0.3494,0.37749,0.40558,0.42576,0.43802,0.45028,0.45636,0.45625,0.45615,0.45187,0.44341,0.43495,0.42399,0.41053,0.39707,0.3831,0.36861,0.35413,0.34069,0.32829,0.3159,0.30474,0.29483,0.28492,0.27498,0.26501,0.25503,0.24306,0.22907,0.2151,0.19777,0.17709,0.15642,0.13268,0.10588,0.079083,0.051144,0.022065,-0.0070274,-0.034552,-0.060514,-0.086473,-0.10852,-0.12667,-0.1448,-0.15791,-0.166,-0.17408,-0.17743,-0.17604,-0.17465,-0.16981,-0.16151,-0.15322,-0.14301,-0.13088,-0.11875,-0.10588,-0.092273,-0.078662,-0.06499,-0.051255,-0.037518,-0.024176,-0.011228,0.0017199,0.013597,0.024404,0.035211,0.043764,0.050062,0.05636,0.058958,0.057855,0.056751,0.050876,0.04023,0.029582,0.013741,-0.0072894,-0.02832,-0.054223,-0.085006,-0.11578,-0.15015,-0.1881,-0.22604,-0.26544,-0.3063,-0.34715,-0.38725,-0.42658,-0.4659,-0.50306,-0.53804,-0.57302,-0.60535,-0.63503,-0.66471,-0.69129,-0.71476,-0.73823,-0.757,-0.77109,-0.78518,-0.79261,-0.79338,-0.79416,-0.78719,-0.77248,-0.75778,-0.73422,-0.70182,-0.6694,-0.62714,-0.57506,-0.52298,-0.46226,-0.39292,-0.3236,-0.24962,-0.17095,-0.092278,-0.013714,0.064743,0.14319,0.21809,0.28943,0.36076,0.42734,0.48914,0.55094,0.60799,0.66029,0.71258,0.75951,0.80109,0.84267,0.8774,0.90529,0.93318,0.95322,0.96543,0.97764,0.98263,0.98038,0.97814,0.97114,0.95938,0.94763,0.934,0.91848,0.90297,0.8855,0.86609,0.84668,0.81974,0.78529,0.75083,0.70095,0.63563,0.57029,0.48866,0.39069,0.29272,0.18971,0.081607,-0.026491,-0.1267,-0.21902,-0.31133,-0.4019,-0.49074,-0.5796,-0.68092,-0.79471,-0.90853,-1.0427,-1.1972,-1.3518,-1.4794,-1.5801,-1.6808,-1.7122,-1.6744,-1.6365,-1.5331,-1.3642,-1.1952,-1.0261,-0.85685,-0.68762,-0.53953,-0.41253,-0.28553,0,0,0,0,0,0,0,0,0,0,0,0,0,0,0,0,0,0,0,0,0,0,0,0,0,0,0,0,0,0,0,0,0,0,0,0,0,0,0,0,0,0,0,0,0,0.048929,0.050133,0.051335,0.055216,0.061775,0.068335,0.075013,0.081811,0.088609,0.090464,0.087375,0.084285,0.08098,0.077459,0.073938,0.07109,0.068916,0.066742,0.064234,0.061394,0.058553,0,0,0,0,0,0,0,0,0,0,0,0,0,0,0,0,0,0,0,0,0,0,0,0,0,0,0,0,-0.62126,-0.7869,-0.94575,-1.0978,-1.2499,-1.3505,-1.3996,-1.4488,-1.485,-1.5081,-1.5313,-1.5287,-1.5003,-1.472,-1.4303,-1.3753,-1.3203,-1.2801,-1.2547,-1.2293,-1.2227,-1.2347,-1.2467,-1.2471,-1.2358,-1.2246,-1.237,-1.2732,-1.3093,-1.316,-1.2933,-1.2706,-1.2521,-1.2379,-1.2236,-1.2158,-1.2143,-1.2128,-1.2139,-1.2174,-1.221,-1.2042,-1.167,-1.1297,-1.1114,-1.1118,-1.1122,-1.1093,-1.1031,-1.0968,-1.0874,-1.0749,-1.0624,-1.0478,-1.031,-1.0143,-0.99454,-0.97187,-0.9492,-0.92224,-0.89097,-0.85971,-0.82476,-0.78611,-0.74747,-0.70707,-0.6649,-0.62272,-0.57979,-0.5361,-0.49241,-0.44768,-0.40193,-0.35617,-0.30907,-0.26065,-0.21222,-0.16312,-0.11333,-0.063537,-0.01469,0.033207,0.081086,0.12627,0.16876,0.21125,0.24995,0.28487,0.3198,0.3506,0.37727,0.40395,0.42677,0.44573,0.4647,0.48029,0.49251,0.50473,0.51395,0.52017,0.52639,0.52988,0.53066,0.53144,0.52982,0.52581,0.5218,0.51588,0.50804,0.5002,0.49114,0.48087,0.4706,0.45992,0.44883,0.43774,0.42699,0.41656,0.40613,0.39658,0.38793,0.37927,0.3718,0.36553,0.35925,0.35424,0.3505,0.34675,0.34433,0.34325,0.34217,0.34253,0.34433,0.34614,0.34929,0.35378,0.35827,0.36376,0.37024,0.37672,0.3838,0.39148,0.39915,0.40693,0.41482,0.42271,0.43005,0.43684,0.44364,0.44911,0.45325,0.45739,0.45935,0.45912,0.4589,0.45555,0.44908,0.44261,0.4321,0.41756,0.40301,0.38386,0.36012,0.33637,0.30807,0.2752,0.24233,0.20562,0.16507,0.12451,0.081452,0.035885,-0.0096778,-0.056137,-0.1035,-0.15086,-0.19742,-0.2432,-0.28898,-0.33207,-0.37246,-0.41284,-0.44883,-0.48042,-0.51201,-0.53816,-0.55887,-0.57957,-0.59451,-0.60367,-0.61284,-0.61678,-0.61549,-0.6142,-0.60882,-0.59934,-0.58986,-0.5776,-0.56257,-0.54754,-0.53083,-0.51244,-0.49405,-0.47444,-0.45359,-0.43274,-0.41056,-0.38704,-0.36352,-0.3386,-0.31229,-0.28598,-0.25865,-0.23033,-0.20201,-0.17361,-0.14515,-0.11668,-0.090046,-0.065251,-0.040459,-0.020736,-0.0060853,0.0085654,0.014608,0.012037,0.0094633,-0.0021772,-0.022891,-0.043607,-0.044975,-0.026991,-0.0089981
0,0,0,0,-0.58038,-0.57073,-0.56499,-0.56316,-0.56133,-0.56118,-0.56271,-0.56424,-0.56233,-0.55697,-0.55162,-0.53814,-0.51654,-0.49494,-0.46314,-0.42112,-0.37909,-0.32825,-0.26858,-0.20889,-0.14539,-0.078062,-0.010731,0.053909,0.11584,0.17777,0.23213,0.27888,0.32563,0.36327,0.39178,0.42029,0.44069,0.45298,0.46526,0.47135,0.47123,0.47111,0.46676,0.45815,0.44955,0.43838,0.42466,0.41094,0.39666,0.38182,0.36699,0.35325,0.34062,0.32798,0.31671,0.30681,0.29691,0.28727,0.27789,0.26852,0.25753,0.24492,0.23231,0.21653,0.19758,0.17863,0.15637,0.1308,0.10524,0.077926,0.048867,0.0198,-0.0083614,-0.035615,-0.062867,-0.086657,-0.10699,-0.12732,-0.14274,-0.15326,-0.16378,-0.16938,-0.17006,-0.17073,-0.16752,-0.16042,-0.15333,-0.1438,-0.13183,-0.11986,-0.10669,-0.092313,-0.077936,-0.063223,-0.048178,-0.033134,-0.018525,-0.0043488,0.0098272,0.022632,0.034067,0.045501,0.054362,0.06065,0.066938,0.069427,0.068118,0.066808,0.060817,0.050143,0.039466,0.023659,0.0027198,-0.018219,-0.044149,-0.075079,-0.106,-0.14082,-0.17953,-0.21823,-0.25877,-0.30112,-0.34345,-0.38524,-0.42648,-0.46771,-0.50664,-0.54326,-0.57988,-0.61347,-0.64403,-0.6746,-0.7019,-0.72595,-0.74999,-0.76973,-0.78517,-0.8006,-0.81004,-0.81347,-0.81689,-0.81285,-0.80134,-0.78983,-0.76894,-0.73869,-0.70845,-0.66709,-0.61464,-0.56219,-0.49981,-0.42747,-0.35512,-0.27762,-0.19494,-0.11226,-0.029938,0.051999,0.13391,0.21164,0.28519,0.35874,0.42669,0.48904,0.55139,0.60835,0.65993,0.7115,0.75757,0.79815,0.83872,0.87264,0.89991,0.92717,0.94685,0.95895,0.97104,0.97609,0.97407,0.97205,0.96537,0.95402,0.94268,0.92944,0.91432,0.89919,0.88185,0.86231,0.84277,0.81525,0.77976,0.74426,0.69334,0.62698,0.5606,0.47916,0.38262,0.28608,0.18552,0.080896,-0.023725,-0.11972,-0.20709,-0.29445,-0.38131,-0.46768,-0.55407,-0.65418,-0.76802,-0.88187,-1.0177,-1.1754,-1.3332,-1.4664,-1.575,-1.6836,-1.7232,-1.6938,-1.6643,-1.5607,-1.383,-1.2052,-1.0197,-0.82638,-0.63309,-0.46926,-0.33485,-0.12149,0,0,0,0,0,0,0,0,0,0,0,0,0,0,0,0,0,0,0,0,0,0,0,0,0,0,0,0,0,0,0,0,0,0,0,0,0,0,0,0,0,0,0,0.011754,0.019595,0.047899,0.048769,0.049638,0.052607,0.057676,0.062745,0.067831,0.072934,0.078037,0.079559,0.077499,0.075437,0.072866,0.036811,0.03516,0.033827,0.032814,0.06046,0.058746,0.057198,0.05565,0,0,0,0,0,0,0,0,0,0,0,0,0,0,0,0,0,0,0,0,0,0,0,0,0,0,0,0,-0.27308,-0.35573,-0.8015,-0.9677,-1.1339,-1.2633,-1.3559,-1.4485,-1.5127,-1.5485,-1.5843,-1.5807,-1.5376,-1.4945,-1.4491,-1.4014,-1.3537,-1.3105,-1.272,-1.2334,-1.2165,-1.2215,-1.2264,-1.2312,-1.2359,-1.2407,-1.2606,-1.2957,-1.3308,-1.3356,-1.3099,-1.2842,-1.2621,-1.2436,-1.2251,-1.2134,-1.2086,-1.2037,-1.2029,-1.2059,-1.209,-1.1926,-1.1567,-1.1208,-1.1037,-1.1053,-1.1069,-1.1047,-1.0988,-1.0928,-1.084,-1.0721,-1.0602,-1.0463,-1.0302,-1.0141,-0.99504,-0.97306,-0.95108,-0.92523,-0.89551,-0.86578,-0.83277,-0.79648,-0.76019,-0.7219,-0.68161,-0.6413,-0.59954,-0.55634,-0.51312,-0.46837,-0.42208,-0.37577,-0.32799,-0.27873,-0.22946,-0.17954,-0.12897,-0.078402,-0.028747,0.01998,0.068688,0.1148,0.15833,0.20185,0.24162,0.27763,0.31364,0.34548,0.37312,0.40077,0.42447,0.44421,0.46395,0.48025,0.4931,0.50594,0.51575,0.52251,0.52927,0.53327,0.53451,0.53574,0.53451,0.53081,0.52711,0.52144,0.5138,0.50616,0.49726,0.48711,0.47696,0.46633,0.45522,0.44412,0.43324,0.42258,0.41192,0.40203,0.39288,0.38374,0.37568,0.3687,0.36171,0.35593,0.35133,0.34674,0.34343,0.34141,0.3394,0.33883,0.33972,0.3406,0.34291,0.34665,0.35038,0.35524,0.36121,0.36718,0.37387,0.38127,0.38868,0.39633,0.40421,0.41209,0.41951,0.42648,0.43345,0.43914,0.44356,0.44798,0.45024,0.45035,0.45045,0.44744,0.44131,0.43518,0.42502,0.41085,0.39667,0.3779,0.35455,0.33119,0.30326,0.27074,0.23822,0.20183,0.16155,0.12128,0.078453,0.033068,-0.012318,-0.05865,-0.10594,-0.15322,-0.19972,-0.24545,-0.29119,-0.3343,-0.37479,-0.41528,-0.45148,-0.48338,-0.51529,-0.54177,-0.56283,-0.58389,-0.59911,-0.60851,-0.6179,-0.62195,-0.62066,-0.61937,-0.61389,-0.6042,-0.59451,-0.58199,-0.56664,-0.55129,-0.53426,-0.51553,-0.49681,-0.47686,-0.45569,-0.43451,-0.41202,-0.38822,-0.36442,-0.33922,-0.31262,-0.28603,-0.25844,-0.22986,-0.20128,-0.17274,-0.14424,-0.11574,-0.089188,-0.064585,-0.039985,-0.020429,-0.0059187,0.0085913,0.014517,0.011853,0.0091879,-0.0025814,-0.023459,-0.044343,-0.045657,-0.027399,-0.0091356
0,0,0,0,-0.55417,-0.54361,-0.53789,-0.53702,-0.53615,-0.53779,-0.54195,-0.54611,-0.54711,-0.54493,-0.54276,-0.53223,-0.51334,-0.49446,-0.46456,-0.42364,-0.38271,-0.33201,-0.27153,-0.21104,-0.14618,-0.07693,-0.0076897,0.058879,0.12277,0.18667,0.24263,0.29064,0.33866,0.37714,0.40607,0.43501,0.45563,0.46794,0.48025,0.48634,0.48621,0.48608,0.48164,0.4729,0.46415,0.45278,0.43879,0.4248,0.41022,0.39503,0.37985,0.36582,0.35295,0.34007,0.32868,0.31878,0.30889,0.29955,0.29078,0.28201,0.272,0.26076,0.24952,0.23529,0.21806,0.20084,0.18006,0.15573,0.1314,0.10471,0.075672,0.04663,0.01783,-0.010721,-0.039266,-0.064796,-0.087316,-0.10983,-0.12756,-0.14053,-0.15349,-0.16134,-0.16407,-0.1668,-0.16522,-0.15933,-0.15344,-0.14459,-0.13278,-0.12098,-0.1075,-0.092349,-0.077203,-0.061453,-0.045102,-0.028749,-0.012871,0.0025327,0.017936,0.031669,0.043731,0.055793,0.064963,0.071239,0.077516,0.079899,0.078385,0.076868,0.07076,0.060057,0.049354,0.033581,0.012733,-0.0081158,-0.034069,-0.065147,-0.096225,-0.13149,-0.17096,-0.21042,-0.25208,-0.29592,-0.33976,-0.38325,-0.42639,-0.46953,-0.51023,-0.54848,-0.58673,-0.62158,-0.65304,-0.68449,-0.71252,-0.73714,-0.76176,-0.78246,-0.79925,-0.81603,-0.82746,-0.83355,-0.83963,-0.83851,-0.83019,-0.82188,-0.80367,-0.77557,-0.74748,-0.70703,-0.65422,-0.60141,-0.53735,-0.462,-0.38664,-0.30562,-0.21893,-0.13223,-0.046173,0.039224,0.12462,0.2052,0.28096,0.35671,0.42604,0.48893,0.55184,0.60872,0.65957,0.71043,0.75563,0.7952,0.83477,0.86788,0.89452,0.92117,0.94048,0.95246,0.96445,0.96954,0.96775,0.96596,0.9596,0.94866,0.93772,0.92488,0.91015,0.89541,0.87821,0.85853,0.83886,0.81076,0.77422,0.73769,0.68573,0.61833,0.55091,0.46966,0.37455,0.27945,0.18133,0.080174,-0.020961,-0.11273,-0.19516,-0.27758,-0.36073,-0.44464,-0.52854,-0.62744,-0.74133,-0.85523,-0.99266,-1.1536,-1.3146,-1.4534,-1.5699,-1.6865,-1.7342,-1.7132,-1.6921,-1.5883,-1.4018,-1.2152,-1.0133,-0.79589,-0.57856,-0.21706,-0.148,0,0,0,0,0,0,0,0,0,0,0,0,0,0,0,0,0,0,0,0,0,0,0,0,0,0,0,0,0,0,0,0,0,0,0,0,0,0,0,0,0,0,0,0,0.011754,0.019595,0.046868,0.047404,0.047939,0.049997,0.053577,0.057156,0.06065,0.064059,0.067468,0.068656,0.067624,0.035507,0.034404,0,0,0,0,0.054175,0.053254,0.052998,0.052742,0.021453,0.012873,0,0,0,0,0,0,0,0,0,0,0,0,0,0,0,0,0,0,0,0,0,0,0,0,0,0,0,0,-0.65727,-0.83763,-1.018,-1.1762,-1.3122,-1.4482,-1.5404,-1.5889,-1.6374,-1.6327,-1.5749,-1.5171,-1.468,-1.4275,-1.3871,-1.341,-1.2892,-1.2374,-1.2104,-1.2083,-1.2061,-1.2154,-1.236,-1.2567,-1.2841,-1.3182,-1.3524,-1.3551,-1.3265,-1.2978,-1.2721,-1.2493,-1.2265,-1.211,-1.2028,-1.1946,-1.1918,-1.1944,-1.1969,-1.181,-1.1464,-1.1119,-1.096,-1.0988,-1.1015,-1.1001,-1.0945,-1.0889,-1.0805,-1.0692,-1.058,-1.0447,-1.0293,-1.0139,-0.99554,-0.97425,-0.95297,-0.92823,-0.90004,-0.87185,-0.84079,-0.80685,-0.77291,-0.73673,-0.69831,-0.65988,-0.6193,-0.57657,-0.53384,-0.48905,-0.44221,-0.39538,-0.34691,-0.2968,-0.2467,-0.19598,-0.14462,-0.093264,-0.042802,0.0067478,0.056286,0.10333,0.14789,0.19245,0.23328,0.27038,0.30749,0.34035,0.36897,0.39759,0.42216,0.44269,0.46321,0.48021,0.49369,0.50716,0.51755,0.52486,0.53216,0.53666,0.53836,0.54005,0.5392,0.53581,0.53242,0.527,0.51956,0.51212,0.50338,0.49335,0.48332,0.47274,0.46162,0.4505,0.43949,0.42861,0.41772,0.40746,0.39784,0.38822,0.37956,0.37186,0.36417,0.35761,0.35217,0.34672,0.34253,0.33958,0.33663,0.33514,0.3351,0.33506,0.33654,0.33952,0.3425,0.34672,0.35217,0.35763,0.36393,0.37107,0.37822,0.38573,0.3936,0.40147,0.40898,0.41612,0.42326,0.42918,0.43387,0.43857,0.44114,0.44157,0.442,0.43933,0.43354,0.42774,0.41795,0.40414,0.39032,0.37194,0.34898,0.32602,0.29845,0.26628,0.2341,0.19803,0.15804,0.11806,0.075461,0.030254,-0.014955,-0.06116,-0.10837,-0.15558,-0.20202,-0.2477,-0.29339,-0.33653,-0.37712,-0.41772,-0.45412,-0.48635,-0.51857,-0.54538,-0.56679,-0.5882,-0.60371,-0.61333,-0.62295,-0.62712,-0.62583,-0.62455,-0.61895,-0.60905,-0.59915,-0.58637,-0.57071,-0.55505,-0.53769,-0.51862,-0.49956,-0.47928,-0.45778,-0.43628,-0.41348,-0.3894,-0.36532,-0.33984,-0.31295,-0.28607,-0.25822,-0.22938,-0.20054,-0.17186,-0.14333,-0.1148,-0.088328,-0.063917,-0.03951,-0.020122,-0.0057528,0.0086157,0.014424,0.011669,0.0089128,-0.0029856,-0.024028,-0.045075,-0.046336,-0.027807,-0.0046024
0,0,0,0,-0.52464,-0.5141,-0.50891,-0.50909,-0.50927,-0.51248,-0.51871,-0.52494,-0.5285,-0.52938,-0.53025,-0.52281,-0.50704,-0.49127,-0.46378,-0.42457,-0.38534,-0.33523,-0.27421,-0.21319,-0.14696,-0.075509,-0.0040545,0.064793,0.13105,0.1973,0.25512,0.30449,0.35385,0.39311,0.42226,0.45141,0.47201,0.48407,0.49612,0.502,0.50169,0.50137,0.4968,0.48795,0.47911,0.46766,0.45361,0.43956,0.42487,0.40954,0.39421,0.38001,0.36694,0.35387,0.34251,0.33286,0.32321,0.31416,0.30571,0.29726,0.28785,0.27749,0.26713,0.25393,0.2379,0.22186,0.20213,0.1787,0.15526,0.12907,0.10013,0.071191,0.042041,0.012697,-0.016644,-0.043294,-0.067253,-0.091211,-0.11053,-0.1252,-0.13988,-0.14939,-0.15372,-0.15806,-0.15783,-0.15304,-0.14826,-0.1401,-0.12857,-0.11703,-0.10338,-0.087614,-0.071849,-0.055213,-0.037706,-0.020197,-0.003203,0.013275,0.029751,0.044255,0.056786,0.069315,0.078645,0.084774,0.090902,0.093078,0.091299,0.089516,0.08329,0.072623,0.061953,0.046317,0.025712,0.0050998,-0.020764,-0.051899,-0.083034,-0.11878,-0.15915,-0.19951,-0.24255,-0.28829,-0.33402,-0.37966,-0.4252,-0.47074,-0.51363,-0.55388,-0.59413,-0.63047,-0.66292,-0.69535,-0.72406,-0.74905,-0.77403,-0.79543,-0.81324,-0.83104,-0.84278,-0.84843,-0.85408,-0.8544,-0.84941,-0.84441,-0.82908,-0.80343,-0.77777,-0.74011,-0.69046,-0.64081,-0.57718,-0.49956,-0.42195,-0.33791,-0.24742,-0.15692,-0.067076,0.022132,0.11136,0.1952,0.27363,0.35206,0.42323,0.48714,0.55103,0.6082,0.65863,0.70907,0.75355,0.79209,0.83062,0.86276,0.8885,0.91424,0.93292,0.94451,0.95611,0.96109,0.95945,0.95781,0.95176,0.94128,0.9308,0.91833,0.90386,0.88939,0.87206,0.85187,0.83169,0.80274,0.76504,0.72733,0.67468,0.60706,0.53943,0.45946,0.36712,0.27478,0.18023,0.083432,-0.013343,-0.10123,-0.18022,-0.2592,-0.33982,-0.42209,-0.50435,-0.6024,-0.71626,-0.83015,-0.96767,-1.1288,-1.29,-1.4312,-1.5522,-1.6732,-1.7268,-1.7129,-1.6989,-1.5997,-1.4153,-1.2308,-1.0094,-0.75118,-0.49293,0,0,0,0,0,0,0,0,0,0,0,0,0,0,0,0,0,0,0,0,0,0,0,0,0,0,0,0,0,0,0,0,0,0,0,0,0,0,0,0,0,0,0,0,0,0,0,0,0.039857,0.042636,0.045416,0.04809,0.050656,0.053222,0.055717,0.058139,0.060561,0.061635,0.06136,0,0,0,0,0,0,0.042525,0.042088,0.042413,0.042738,0.035754,0.021455,0,0,0,0,0,0,0,0,0,0,0,0,0,0,0,0,0,0,0,0,0,0,0,0,0,0,0,0,-0.50582,-0.69839,-0.891,-1.0686,-1.2313,-1.394,-1.5098,-1.5786,-1.6475,-1.6568,-1.6067,-1.5565,-1.5106,-1.469,-1.4274,-1.3743,-1.3098,-1.2452,-1.212,-1.2102,-1.2083,-1.2174,-1.2373,-1.2572,-1.2831,-1.3152,-1.3472,-1.3521,-1.3299,-1.3076,-1.2834,-1.2573,-1.2311,-1.2123,-1.2009,-1.1895,-1.1845,-1.1859,-1.1874,-1.1744,-1.1472,-1.1199,-1.1047,-1.1016,-1.0985,-1.0945,-1.0895,-1.0845,-1.0767,-1.0662,-1.0557,-1.0431,-1.0282,-1.0134,-0.99571,-0.97517,-0.95463,-0.9311,-0.90458,-0.87806,-0.84896,-0.81728,-0.7856,-0.75139,-0.71465,-0.6779,-0.63844,-0.59625,-0.55408,-0.50945,-0.46235,-0.41525,-0.36638,-0.31571,-0.26506,-0.21374,-0.16175,-0.10978,-0.058631,-0.0083155,0.041988,0.089916,0.13547,0.18103,0.22291,0.26113,0.29935,0.33329,0.36295,0.39261,0.41812,0.43951,0.46089,0.47864,0.49277,0.5069,0.51787,0.5257,0.53352,0.53849,0.5406,0.54271,0.54222,0.53915,0.53608,0.53094,0.52373,0.51653,0.50799,0.49813,0.48826,0.47779,0.46671,0.45563,0.44457,0.43353,0.42249,0.41196,0.40194,0.39191,0.38272,0.37436,0.366,0.35867,0.35239,0.34609,0.341,0.33711,0.33323,0.33078,0.32979,0.3288,0.32937,0.33151,0.33364,0.33712,0.34195,0.34678,0.35258,0.35934,0.36611,0.37335,0.38107,0.38879,0.39624,0.40343,0.41061,0.41665,0.42152,0.4264,0.42919,0.42988,0.43056,0.42818,0.42271,0.41725,0.40784,0.39447,0.3811,0.36321,0.34077,0.31834,0.29132,0.25971,0.2281,0.19259,0.15316,0.11373,0.071659,0.026934,-0.017787,-0.063562,-0.1104,-0.15722,-0.20332,-0.24872,-0.29412,-0.33707,-0.3776,-0.41812,-0.45456,-0.48694,-0.51933,-0.54635,-0.56802,-0.58968,-0.60544,-0.61527,-0.62511,-0.62942,-0.6282,-0.62697,-0.62135,-0.61132,-0.60129,-0.58834,-0.57245,-0.55656,-0.53895,-0.51962,-0.50029,-0.47974,-0.45795,-0.43617,-0.41313,-0.38881,-0.3645,-0.33881,-0.31175,-0.28468,-0.25668,-0.22772,-0.19877,-0.17006,-0.14159,-0.11312,-0.086818,-0.062691,-0.038565,-0.019459,-0.0053708,0.0087146,0.014447,0.011825,0.0092006,-0.0022751,-0.022602,-0.042928,-0.044248,-0.026555,0
0,0,0,0,-0.49181,-0.4822,-0.47806,-0.47938,-0.48071,-0.48524,-0.49299,-0.50073,-0.50651,-0.51031,-0.51411,-0.50989,-0.49764,-0.48539,-0.46081,-0.42392,-0.38701,-0.33791,-0.27663,-0.21532,-0.14771,-0.073788,0.00014665,0.071633,0.14065,0.20967,0.26959,0.32039,0.37119,0.41117,0.44033,0.4695,0.48984,0.50137,0.5129,0.51833,0.51766,0.51699,0.51221,0.50331,0.49442,0.48302,0.46911,0.45521,0.44062,0.42534,0.41007,0.39582,0.3826,0.36938,0.3582,0.34904,0.33988,0.33109,0.32267,0.31426,0.30507,0.29511,0.28515,0.27247,0.25709,0.24171,0.22259,0.19971,0.17683,0.15101,0.12225,0.093483,0.064283,0.034644,0.0050003,-0.022153,-0.046809,-0.071466,-0.091627,-0.10729,-0.12295,-0.13353,-0.13901,-0.14449,-0.14535,-0.14157,-0.13779,-0.13033,-0.11918,-0.10803,-0.094343,-0.078113,-0.061882,-0.044509,-0.025997,-0.007483,0.010474,0.027873,0.04527,0.060388,0.073227,0.086066,0.095407,0.10125,0.10709,0.10896,0.10685,0.10474,0.098404,0.087836,0.077266,0.061868,0.041651,0.021432,-0.0042281,-0.035337,-0.066437,-0.10268,-0.14409,-0.18549,-0.2302,-0.27821,-0.32623,-0.37444,-0.42287,-0.47131,-0.51683,-0.55944,-0.60206,-0.64014,-0.67367,-0.70721,-0.73654,-0.76167,-0.7868,-0.80862,-0.82713,-0.84564,-0.85597,-0.85811,-0.86026,-0.86055,-0.85899,-0.85743,-0.84518,-0.82225,-0.79931,-0.76635,-0.72337,-0.68038,-0.61932,-0.54019,-0.46106,-0.37448,-0.28041,-0.18633,-0.092624,0.00074634,0.094136,0.18163,0.26322,0.34481,0.41828,0.48362,0.54896,0.60679,0.65711,0.70743,0.75132,0.7888,0.82627,0.85729,0.88185,0.90641,0.92416,0.9351,0.94603,0.95072,0.94917,0.94761,0.94185,0.93188,0.92191,0.90977,0.89544,0.88112,0.86341,0.84233,0.82125,0.79121,0.7522,0.71319,0.66019,0.59318,0.52616,0.44855,0.36032,0.27208,0.18219,0.090641,-0.00090053,-0.085207,-0.16227,-0.23933,-0.31859,-0.40004,-0.4815,-0.57909,-0.69285,-0.80664,-0.94268,-1.101,-1.2594,-1.3996,-1.5218,-1.644,-1.701,-1.6928,-1.6845,-1.5947,-1.4234,-1.252,-1.0082,-0.69226,-0.2173,0,0,0,0,0,0,0,0,0,0,0,0,0,0,0,0,0,0,0,0,0,0,0,0,0,0,0,0,0,0,0,0,0,0,0,0,0,0,0,0,0,0,0,0,0,0,0,0,0.016681,0.034471,0.042068,0.046883,0.048913,0.050943,0.053028,0.05517,0.057313,0.058491,0.058702,0,0,0,0,0,0,0.017009,0.016834,0.016965,0.017095,0.014301,0.008582,0,0,0,0,0,0,0,0,0,0,0,0,0,0,0,0,0,0,0,0,0,0,0,0,0,0,0,0,-0.21322,-0.54991,-0.7528,-0.94054,-1.1132,-1.286,-1.4208,-1.5177,-1.6147,-1.6531,-1.633,-1.6129,-1.5772,-1.5259,-1.4746,-1.4105,-1.3337,-1.2568,-1.2213,-1.2272,-1.2331,-1.2372,-1.2396,-1.242,-1.2576,-1.2865,-1.3154,-1.3266,-1.3201,-1.3136,-1.2961,-1.2674,-1.2388,-1.2172,-1.2027,-1.1882,-1.1808,-1.1805,-1.1802,-1.173,-1.1589,-1.1448,-1.1298,-1.1139,-1.0979,-1.0879,-1.0837,-1.0796,-1.0727,-1.063,-1.0533,-1.0413,-1.027,-1.0126,-0.99554,-0.97581,-0.95608,-0.93385,-0.90913,-0.88441,-0.85729,-0.82777,-0.79825,-0.76587,-0.73062,-0.69537,-0.65697,-0.61542,-0.57387,-0.52955,-0.48247,-0.4354,-0.38639,-0.33545,-0.28452,-0.23283,-0.18038,-0.12796,-0.076235,-0.025217,0.025789,0.074548,0.12107,0.16758,0.21051,0.24987,0.28922,0.32428,0.35506,0.38583,0.41237,0.43467,0.45697,0.47553,0.49035,0.50516,0.51673,0.52504,0.53336,0.53876,0.54124,0.54372,0.54359,0.54084,0.53809,0.53325,0.52632,0.51939,0.5111,0.50144,0.49178,0.48147,0.47049,0.45951,0.44847,0.43737,0.42626,0.41553,0.40518,0.39483,0.38516,0.37618,0.3672,0.35913,0.35199,0.34485,0.33886,0.33402,0.32919,0.32578,0.32379,0.32181,0.32142,0.32261,0.32381,0.32645,0.33054,0.33463,0.33982,0.34609,0.35236,0.3592,0.36663,0.37404,0.3813,0.38841,0.39551,0.40154,0.40651,0.41147,0.41439,0.41526,0.41613,0.41399,0.40885,0.4037,0.39471,0.38186,0.36901,0.35171,0.32994,0.30817,0.28187,0.25104,0.2202,0.18549,0.1469,0.1083,0.067042,0.023108,-0.020827,-0.065861,-0.112,-0.15815,-0.20365,-0.24852,-0.29339,-0.33595,-0.37621,-0.41647,-0.45278,-0.48518,-0.51757,-0.54468,-0.56651,-0.58834,-0.60428,-0.61433,-0.62438,-0.62885,-0.62775,-0.62665,-0.62107,-0.611,-0.60094,-0.58789,-0.57186,-0.55583,-0.53805,-0.51853,-0.499,-0.47823,-0.45623,-0.43422,-0.41096,-0.38646,-0.36196,-0.33614,-0.309,-0.28186,-0.25382,-0.22489,-0.19596,-0.16734,-0.13902,-0.1107,-0.084661,-0.060907,-0.037154,-0.018441,-0.0047744,0.0088875,0.014587,0.012321,0.010051,-0.00044846,-0.019179,-0.037909,-0.0394,-0.023645,0
0,0,0,0,-0.45897,-0.45031,-0.44721,-0.44967,-0.45214,-0.458,-0.46726,-0.47651,-0.4845,-0.49123,-0.49797,-0.49697,-0.48824,-0.47952,-0.45785,-0.42327,-0.38867,-0.3406,-0.27904,-0.21746,-0.14847,-0.072063,0.0043531,0.078462,0.15025,0.22205,0.28406,0.33629,0.38852,0.42923,0.45841,0.48759,0.50768,0.51868,0.52968,0.53466,0.53364,0.53261,0.52762,0.51867,0.50972,0.49837,0.48461,0.47086,0.45637,0.44114,0.42592,0.41163,0.39827,0.3849,0.37388,0.36521,0.35655,0.34802,0.33964,0.33125,0.32228,0.31272,0.30316,0.29101,0.27628,0.26156,0.24304,0.22072,0.1984,0.17295,0.14436,0.11578,0.086517,0.056579,0.02664,-0.0010104,-0.026369,-0.051724,-0.072726,-0.089377,-0.10603,-0.11767,-0.1243,-0.13092,-0.13286,-0.13009,-0.12732,-0.12055,-0.10979,-0.099033,-0.085304,-0.068608,-0.051913,-0.033807,-0.014288,0.0052345,0.024154,0.042471,0.060788,0.076521,0.089669,0.10282,0.11217,0.11773,0.12329,0.12485,0.12241,0.11997,0.11352,0.10305,0.092579,0.077426,0.057593,0.037765,0.012313,-0.018772,-0.049842,-0.086586,-0.12903,-0.17146,-0.21783,-0.26813,-0.31843,-0.36924,-0.42055,-0.47187,-0.52003,-0.56501,-0.60999,-0.6498,-0.68443,-0.71906,-0.74902,-0.7743,-0.79958,-0.82182,-0.84103,-0.86024,-0.86916,-0.8678,-0.86643,-0.86669,-0.86857,-0.87045,-0.86128,-0.84108,-0.82087,-0.7926,-0.75627,-0.71995,-0.66148,-0.58084,-0.5002,-0.41106,-0.31341,-0.21575,-0.11817,-0.020631,0.076927,0.16806,0.25279,0.33754,0.41331,0.48009,0.54688,0.60537,0.65559,0.70578,0.74908,0.7855,0.82193,0.85182,0.8752,0.89857,0.9154,0.92568,0.93596,0.94036,0.93888,0.9374,0.93194,0.92248,0.91303,0.90121,0.88703,0.87285,0.85477,0.83279,0.81082,0.77967,0.73936,0.69905,0.6457,0.57931,0.51289,0.43763,0.35351,0.26938,0.18416,0.097852,0.011539,-0.06918,-0.14432,-0.21946,-0.29736,-0.37799,-0.45865,-0.5558,-0.66946,-0.78312,-0.9177,-1.0732,-1.2287,-1.3681,-1.4915,-1.6148,-1.6752,-1.6727,-1.6702,-1.5898,-1.4315,-1.2731,-1.0071,-0.63336,0,0,0,0,0,0,0,0,0,0,0,0,0,0,0,0,0,0,0,0,0,0,0,0,0,0,0,0,0,0,0,0,0,0,0,0,0,0,0,0,0,0,0,0,0,0,0,0,0,0,0.015195,0.020197,0.02314,0.024021,0.04866,0.050338,0.052201,0.054065,0.055347,0.056044,0,0,0,0,0,0,0,0,0,0,0,0,0,0,0,0,0,0,0,0,0,0,0,0,0,0,0,0,0,0,0,0,0,0,0,0,0,0,0,0,0,-0.23783,-0.34184,-0.81247,-0.99522,-1.1779,-1.3318,-1.4569,-1.582,-1.6494,-1.6593,-1.6692,-1.6437,-1.5828,-1.5218,-1.4468,-1.3576,-1.2684,-1.2306,-1.2442,-1.2578,-1.2571,-1.2419,-1.2267,-1.232,-1.2578,-1.2836,-1.3011,-1.3104,-1.3196,-1.3087,-1.2776,-1.2465,-1.2222,-1.2046,-1.187,-1.1772,-1.1751,-1.1731,-1.1716,-1.1707,-1.1697,-1.1549,-1.1261,-1.0973,-1.0813,-1.078,-1.0747,-1.0687,-1.0598,-1.051,-1.0396,-1.0257,-1.0118,-0.99538,-0.97645,-0.95752,-0.9366,-0.91368,-0.89076,-0.86562,-0.83826,-0.8109,-0.78035,-0.74659,-0.71284,-0.67551,-0.63458,-0.59365,-0.54966,-0.50259,-0.45553,-0.4064,-0.3552,-0.30398,-0.25192,-0.19903,-0.14613,-0.093828,-0.042115,0.0095932,0.059176,0.10665,0.15412,0.1981,0.2386,0.27908,0.31527,0.34717,0.37905,0.40661,0.42983,0.45306,0.47243,0.48793,0.50343,0.51558,0.52439,0.53319,0.53902,0.54188,0.54474,0.54495,0.54253,0.5401,0.53557,0.52891,0.52226,0.51421,0.50476,0.4953,0.48514,0.47427,0.4634,0.45238,0.4412,0.43002,0.4191,0.40842,0.39775,0.38761,0.378,0.3684,0.35959,0.3516,0.3436,0.33671,0.33093,0.32514,0.32077,0.3178,0.31482,0.31346,0.31371,0.31397,0.31577,0.31913,0.32249,0.32705,0.33283,0.3386,0.34505,0.35217,0.3593,0.36636,0.37338,0.3804,0.38643,0.39149,0.39655,0.3996,0.40065,0.40169,0.39981,0.39498,0.39015,0.38158,0.36925,0.35692,0.3402,0.31911,0.298,0.27243,0.24237,0.21231,0.1784,0.14064,0.10288,0.062427,0.019279,-0.023869,-0.068162,-0.11362,-0.15907,-0.20397,-0.24831,-0.29266,-0.33482,-0.37482,-0.41483,-0.45102,-0.48342,-0.51581,-0.54301,-0.565,-0.587,-0.60312,-0.61338,-0.62364,-0.62828,-0.62731,-0.62633,-0.62079,-0.61068,-0.60058,-0.58744,-0.57127,-0.5551,-0.53716,-0.51743,-0.49771,-0.47673,-0.45449,-0.43226,-0.40879,-0.3841,-0.35941,-0.33346,-0.30624,-0.27903,-0.25097,-0.22206,-0.19314,-0.16461,-0.13644,-0.10828,-0.082503,-0.059119,-0.035738,-0.017422,-0.0041769,0.009063,0.014728,0.012816,0.0109,0.0013766,-0.015758,-0.032894,-0.034554,-0.020737,-0.0032149
0,0,0,0,-0.41883,-0.41239,-0.41096,-0.41454,-0.41812,-0.42579,-0.43755,-0.44932,-0.45984,-0.46912,-0.47839,-0.48051,-0.47547,-0.47043,-0.45208,-0.42041,-0.38875,-0.34229,-0.28103,-0.21975,-0.14971,-0.070906,0.007901,0.08474,0.15961,0.23448,0.29889,0.35283,0.40675,0.44829,0.47742,0.50655,0.52619,0.53633,0.54647,0.55067,0.54893,0.54719,0.54178,0.53268,0.52359,0.5124,0.49909,0.48577,0.47182,0.4572,0.44258,0.42872,0.41561,0.40249,0.39157,0.38284,0.37411,0.3656,0.35729,0.34899,0.33991,0.33006,0.32021,0.30788,0.29307,0.27827,0.25983,0.23773,0.21564,0.19053,0.16242,0.1343,0.10552,0.076107,0.046691,0.019458,-0.0055929,-0.030637,-0.051525,-0.068268,-0.085016,-0.09699,-0.10419,-0.1114,-0.11404,-0.11213,-0.11021,-0.10418,-0.094021,-0.083865,-0.070437,-0.053738,-0.03704,-0.018721,0.001223,0.02117,0.040483,0.059166,0.077849,0.093775,0.10694,0.12011,0.12935,0.13466,0.13996,0.14128,0.13861,0.13594,0.12938,0.11892,0.10845,0.093394,0.073745,0.054096,0.028687,-0.0024906,-0.03365,-0.070941,-0.11437,-0.15779,-0.20573,-0.25817,-0.31062,-0.36387,-0.41794,-0.472,-0.52272,-0.57008,-0.61744,-0.6591,-0.69503,-0.73097,-0.76171,-0.78722,-0.81273,-0.83518,-0.85458,-0.87397,-0.88206,-0.87886,-0.87565,-0.87641,-0.88113,-0.88584,-0.87956,-0.86228,-0.845,-0.82079,-0.78968,-0.75857,-0.70265,-0.62195,-0.54124,-0.45074,-0.35049,-0.25024,-0.14928,-0.047647,0.054009,0.14912,0.23766,0.32622,0.40507,0.4742,0.54332,0.60323,0.65395,0.70466,0.74777,0.78332,0.81886,0.84766,0.8697,0.89174,0.90742,0.91674,0.92606,0.92989,0.92822,0.92656,0.92116,0.91203,0.9029,0.8912,0.87694,0.86268,0.84397,0.82083,0.79769,0.76537,0.72387,0.68237,0.62917,0.56423,0.49929,0.42669,0.34643,0.26616,0.18582,0.10538,0.02493,-0.051627,-0.12433,-0.19703,-0.27367,-0.35429,-0.4349,-0.53228,-0.64642,-0.76056,-0.89337,-1.0449,-1.1964,-1.3327,-1.4538,-1.575,-1.6364,-1.6382,-1.64,-1.5662,-1.4168,-1.2674,-0.9939,-0.59638,0,0,0,0,0,0,0,0,0,0,0,0,0,0,0,0,0,0,0,0,0,0,0,0,0,0,0,0,0,0,0,0,0,0,0,0,0,0,0,0,0,0,0,0,0,0,0,0,0,0,0,0,0,0,0.039597,0.042116,0.046133,0.050151,0.052554,0.05334,0,0,0,0,0,0,0,0,0,0,0,0,0,0,0,0,0,0,0,0,0,0,0,0,0,0,0,0,0,0,0,0,0,0,0,0,0,0,0,0,0,0,0,-0.69956,-0.89376,-1.088,-1.261,-1.4129,-1.5647,-1.6555,-1.6851,-1.7148,-1.6925,-1.6183,-1.544,-1.4616,-1.3711,-1.2805,-1.2423,-1.2563,-1.2704,-1.2679,-1.2488,-1.2298,-1.2316,-1.2545,-1.2773,-1.2929,-1.3013,-1.3096,-1.3012,-1.2762,-1.2512,-1.2286,-1.2084,-1.1882,-1.1759,-1.1717,-1.1674,-1.1676,-1.1722,-1.1768,-1.1615,-1.1263,-1.091,-1.0724,-1.0704,-1.0684,-1.0635,-1.0556,-1.0477,-1.037,-1.0236,-1.0103,-0.99457,-0.97653,-0.95849,-0.9388,-0.91745,-0.8961,-0.87264,-0.84706,-0.82149,-0.79254,-0.76022,-0.72791,-0.69176,-0.65177,-0.61176,-0.56845,-0.52181,-0.47516,-0.42625,-0.37505,-0.32384,-0.27163,-0.2184,-0.16517,-0.11238,-0.060044,-0.0077009,0.042641,0.090994,0.13935,0.1843,0.22586,0.26741,0.3047,0.3377,0.3707,0.39929,0.42349,0.44769,0.4679,0.48413,0.50036,0.51312,0.52242,0.53172,0.53799,0.54121,0.54443,0.545,0.54291,0.54082,0.5366,0.53026,0.52391,0.51614,0.50692,0.49771,0.48773,0.47697,0.46622,0.45522,0.44397,0.43272,0.4216,0.4106,0.3996,0.389,0.37878,0.36856,0.35903,0.35018,0.34133,0.33353,0.32676,0.31999,0.31461,0.31062,0.30663,0.30427,0.30356,0.30285,0.30378,0.30635,0.30893,0.31281,0.318,0.32318,0.32912,0.33581,0.3425,0.34924,0.35604,0.36284,0.36876,0.37383,0.3789,0.38206,0.38331,0.38457,0.38297,0.37854,0.37409,0.366,0.35425,0.34249,0.32645,0.30612,0.28579,0.26107,0.23196,0.20285,0.16996,0.13326,0.096562,0.057167,0.015062,-0.027038,-0.070357,-0.1149,-0.15943,-0.20352,-0.24716,-0.2908,-0.3324,-0.37199,-0.41159,-0.4475,-0.47973,-0.51197,-0.5391,-0.56113,-0.58316,-0.5994,-0.60984,-0.62027,-0.62508,-0.62427,-0.62346,-0.61801,-0.60793,-0.59785,-0.58467,-0.5684,-0.55212,-0.53404,-0.51415,-0.49425,-0.4731,-0.4507,-0.42829,-0.4047,-0.37991,-0.35512,-0.32914,-0.30197,-0.27479,-0.24683,-0.21809,-0.18934,-0.16104,-0.13318,-0.10531,-0.079919,-0.056998,-0.034084,-0.01625,-0.0034994,0.009248,0.014745,0.012989,0.011231,0.0026562,-0.012741,-0.028141,-0.02987,-0.017925,-0.0059777
0,0,0,0,-0.37138,-0.36845,-0.36932,-0.37398,-0.37864,-0.38861,-0.40388,-0.41917,-0.43253,-0.44396,-0.45539,-0.46051,-0.45932,-0.45814,-0.44348,-0.41536,-0.38723,-0.34298,-0.28259,-0.22218,-0.15143,-0.070332,0.010759,0.090437,0.16871,0.24698,0.31408,0.36999,0.4259,0.46836,0.49738,0.52639,0.54537,0.55433,0.56328,0.56636,0.56356,0.56076,0.55469,0.54536,0.53603,0.52508,0.51253,0.49997,0.48696,0.47351,0.46006,0.4471,0.43463,0.42217,0.41127,0.40192,0.39258,0.38382,0.37564,0.36746,0.35796,0.34712,0.3363,0.32308,0.30747,0.29186,0.27295,0.25075,0.22855,0.20377,0.17641,0.14905,0.12132,0.093237,0.065153,0.03925,0.01552,-0.0082037,-0.028025,-0.043968,-0.059914,-0.071492,-0.0787,-0.085907,-0.088904,-0.087687,-0.086468,-0.081195,-0.071864,-0.062534,-0.049747,-0.033505,-0.017264,0.00074779,0.020532,0.04032,0.059461,0.077956,0.096452,0.11215,0.12505,0.13794,0.14694,0.15203,0.15712,0.15827,0.15546,0.15265,0.14597,0.13543,0.12488,0.10978,0.090107,0.070431,0.044902,0.013516,-0.01786,-0.055736,-0.10011,-0.14449,-0.19391,-0.24835,-0.30279,-0.35834,-0.41502,-0.47169,-0.5249,-0.57465,-0.62441,-0.66802,-0.70548,-0.74295,-0.77461,-0.80044,-0.82626,-0.84871,-0.86777,-0.88683,-0.89467,-0.89129,-0.88791,-0.8897,-0.89666,-0.90362,-0.90001,-0.88586,-0.8717,-0.85093,-0.82357,-0.79622,-0.74287,-0.66351,-0.58415,-0.49352,-0.39164,-0.28975,-0.18596,-0.080299,0.025381,0.12476,0.21781,0.31084,0.39354,0.46591,0.53828,0.60037,0.65222,0.70406,0.74739,0.78224,0.81709,0.8448,0.86536,0.88591,0.90022,0.90828,0.91633,0.9193,0.91719,0.91507,0.90951,0.90052,0.89153,0.87975,0.86518,0.85061,0.83103,0.80645,0.78186,0.74829,0.70573,0.66317,0.61058,0.54797,0.48533,0.41572,0.33909,0.26245,0.18717,0.11322,0.039259,-0.03257,-0.10229,-0.17201,-0.24754,-0.32892,-0.41029,-0.50856,-0.62377,-0.73899,-0.86973,-1.0161,-1.1624,-1.2934,-1.409,-1.5246,-1.5847,-1.5893,-1.5939,-1.5239,-1.3794,-1.2348,-0.9688,-0.58132,0,0,0,0,0,0,0,0,0,0,0,0,0,0,0,0,0,0,0,0,0,0,0,0,0,0,0,0,0,0,0,0,0,0,0,0,0,0,0,0,0,0,0,0,0,0,0,0,0,0,0,0,0,0,0.015839,0.017621,0.036967,0.045572,0.050114,0.05059,0.024767,0.020708,0.012427,0,0,0,0,0,0,0,0,0,0,0,0,0,0,0,0,0,0,0,0,0,0,0,0,0,0,0,0,0,0,0,0,0,0,0,0,0,0,0,0,-0.60184,-0.80894,-1.016,-1.2082,-1.3856,-1.563,-1.6713,-1.7105,-1.7497,-1.7237,-1.6324,-1.5412,-1.4551,-1.3742,-1.2932,-1.2564,-1.2636,-1.2708,-1.2697,-1.2604,-1.251,-1.2564,-1.2765,-1.2967,-1.3021,-1.2928,-1.2835,-1.2736,-1.2632,-1.2528,-1.2364,-1.2141,-1.1918,-1.1771,-1.1701,-1.1632,-1.161,-1.1635,-1.1661,-1.1497,-1.1144,-1.0791,-1.0613,-1.0609,-1.0606,-1.057,-1.0502,-1.0434,-1.0336,-1.0209,-1.0081,-0.99312,-0.97605,-0.95898,-0.94044,-0.92044,-0.90043,-0.87835,-0.85417,-0.83,-0.80245,-0.77152,-0.74059,-0.70575,-0.66698,-0.6282,-0.58591,-0.5401,-0.49429,-0.44593,-0.39501,-0.3441,-0.29194,-0.2385,-0.18506,-0.13189,-0.078996,-0.026085,0.024943,0.0741,0.12326,0.16911,0.21166,0.25421,0.29254,0.32666,0.36077,0.39043,0.41564,0.44086,0.46196,0.47895,0.49594,0.50934,0.51914,0.52895,0.53564,0.53923,0.54281,0.54373,0.54199,0.54025,0.53637,0.53037,0.52436,0.51689,0.50795,0.499,0.48922,0.4786,0.46799,0.45702,0.44569,0.43436,0.42304,0.41171,0.40038,0.38932,0.37851,0.3677,0.35745,0.34775,0.33805,0.32931,0.32152,0.31373,0.30732,0.30227,0.29722,0.29384,0.29214,0.29044,0.29047,0.29221,0.29396,0.29709,0.30159,0.3061,0.31141,0.31754,0.32367,0.32995,0.33638,0.34281,0.34853,0.35353,0.35853,0.36178,0.36326,0.36475,0.3635,0.35951,0.35553,0.34798,0.33686,0.32574,0.31045,0.29099,0.27153,0.2478,0.21982,0.19185,0.16016,0.12476,0.089359,0.05126,0.010453,-0.030346,-0.072441,-0.11583,-0.15921,-0.2023,-0.24507,-0.28783,-0.32872,-0.36772,-0.40675,-0.44222,-0.47413,-0.50605,-0.53297,-0.55491,-0.57685,-0.59311,-0.60369,-0.61426,-0.61925,-0.61864,-0.61803,-0.61274,-0.60275,-0.59276,-0.57959,-0.56325,-0.5469,-0.52871,-0.50867,-0.48864,-0.46736,-0.44485,-0.42234,-0.39868,-0.37389,-0.34909,-0.32318,-0.29616,-0.26913,-0.2414,-0.21298,-0.18455,-0.15663,-0.12921,-0.10179,-0.076903,-0.054545,-0.032194,-0.014924,-0.0027405,0.009439,0.014632,0.012839,0.011043,0.0033887,-0.010129,-0.023652,-0.025346,-0.015211,-0.0027628
0,0,0,0,-0.32393,-0.32452,-0.32769,-0.33343,-0.33917,-0.35144,-0.37022,-0.38902,-0.40521,-0.4188,-0.43238,-0.4405,-0.44317,-0.44584,-0.43488,-0.41029,-0.38571,-0.34366,-0.28414,-0.22461,-0.15316,-0.069781,0.013599,0.096125,0.1778,0.25948,0.32927,0.38716,0.44504,0.48844,0.51733,0.54623,0.56456,0.57233,0.5801,0.58205,0.57818,0.57432,0.5676,0.55803,0.54846,0.53777,0.52597,0.51416,0.50211,0.48982,0.47753,0.46548,0.45366,0.44185,0.43097,0.42101,0.41106,0.40205,0.39399,0.38594,0.376,0.36419,0.35239,0.33828,0.32186,0.30544,0.28608,0.26377,0.24146,0.217,0.1904,0.1638,0.13711,0.11036,0.083604,0.059032,0.036632,0.014234,-0.004526,-0.019671,-0.034813,-0.045989,-0.053207,-0.060418,-0.063764,-0.063242,-0.06272,-0.058208,-0.049704,-0.041199,-0.029053,-0.01327,0.0025139,0.020219,0.039843,0.059472,0.07844,0.096747,0.11506,0.13052,0.14315,0.15578,0.16453,0.1694,0.17428,0.17525,0.1723,0.16935,0.16257,0.15194,0.14131,0.12616,0.10647,0.08677,0.061128,0.029531,-0.0020679,-0.040528,-0.085852,-0.13119,-0.18209,-0.23853,-0.29496,-0.35281,-0.41209,-0.47137,-0.52708,-0.57923,-0.63136,-0.67693,-0.71593,-0.75494,-0.78751,-0.81365,-0.83979,-0.86223,-0.88096,-0.89969,-0.90727,-0.90372,-0.90016,-0.90298,-0.91218,-0.92138,-0.92047,-0.90943,-0.89839,-0.88107,-0.85748,-0.83388,-0.78309,-0.70509,-0.62709,-0.53632,-0.43279,-0.32924,-0.22261,-0.11293,-0.0032319,0.10039,0.19792,0.29544,0.38201,0.45762,0.53322,0.59751,0.65048,0.70345,0.74701,0.78117,0.81533,0.84194,0.86101,0.88009,0.89302,0.89982,0.90661,0.90872,0.90615,0.90358,0.89787,0.88901,0.88016,0.86829,0.85342,0.83854,0.81809,0.79207,0.76604,0.73121,0.68759,0.64396,0.592,0.5317,0.47138,0.40474,0.33174,0.25875,0.18853,0.12106,0.053595,-0.013505,-0.080249,-0.14699,-0.22142,-0.30354,-0.38565,-0.48484,-0.60113,-0.71742,-0.84612,-0.98726,-1.1284,-1.254,-1.3641,-1.4742,-1.533,-1.5404,-1.5478,-1.4817,-1.342,-1.2023,-0.9437,-0.56625,0,0,0,0,0,0,0,0,0,0,0,0,0,0,0,0,0,0,0,0,0,0,0,0,0,0,0,0,0,0,0,0,0,0,0,0,0,0,0,0,0,0,0,0,0,0,0,0,0,0,0,0,0,0,0,0,0.016191,0.021641,0.047671,0.024607,0.024767,0.020708,0.012427,0,0,0,0,0,0,0,0,0,0,0,0,0,0,0,0,0,0,0,0,0,0,0,0,0,0,0,0,0,0,0,0,0,0,0,0,0,0,0,0,-0.27649,-0.72413,-0.9441,-1.1555,-1.3584,-1.5612,-1.6871,-1.7358,-1.7845,-1.7548,-1.6466,-1.5383,-1.4486,-1.3773,-1.3059,-1.2704,-1.2708,-1.2712,-1.2715,-1.2719,-1.2722,-1.2811,-1.2986,-1.316,-1.3113,-1.2844,-1.2574,-1.246,-1.2502,-1.2544,-1.2443,-1.2198,-1.1953,-1.1783,-1.1686,-1.1589,-1.1543,-1.1549,-1.1554,-1.1379,-1.1025,-1.0671,-1.0501,-1.0514,-1.0528,-1.0506,-1.0449,-1.0392,-1.0303,-1.0181,-1.0058,-0.99168,-0.97557,-0.95946,-0.94208,-0.92342,-0.90476,-0.88405,-0.86127,-0.8385,-0.81235,-0.78281,-0.75327,-0.71973,-0.68218,-0.64463,-0.60337,-0.55839,-0.51341,-0.46561,-0.41499,-0.36437,-0.31224,-0.25859,-0.20495,-0.1514,-0.097944,-0.044473,0.0072404,0.057202,0.10717,0.15391,0.19747,0.24101,0.2804,0.31562,0.35084,0.38156,0.40779,0.43402,0.45602,0.47377,0.49152,0.50556,0.51587,0.52617,0.5333,0.53725,0.54119,0.54247,0.54107,0.53967,0.53614,0.53047,0.52481,0.51764,0.50897,0.50029,0.49071,0.48023,0.46975,0.45881,0.44741,0.43601,0.42448,0.41282,0.40116,0.38964,0.37824,0.36685,0.35587,0.34532,0.33476,0.32508,0.31628,0.30747,0.30002,0.29391,0.28781,0.28341,0.28073,0.27804,0.27715,0.27807,0.27899,0.28136,0.28519,0.28901,0.29371,0.29927,0.30483,0.31065,0.31672,0.32279,0.32829,0.33323,0.33817,0.3415,0.34321,0.34493,0.34402,0.34049,0.33696,0.32996,0.31948,0.309,0.29446,0.27586,0.25726,0.23454,0.20769,0.18084,0.15037,0.11626,0.082158,0.045351,0.0058454,-0.033656,-0.074528,-0.11676,-0.15899,-0.20106,-0.24296,-0.28486,-0.32502,-0.36346,-0.40191,-0.43693,-0.46853,-0.50012,-0.52683,-0.54869,-0.57054,-0.58682,-0.59754,-0.60826,-0.61342,-0.61301,-0.61261,-0.60746,-0.59757,-0.58767,-0.57452,-0.5581,-0.54168,-0.52338,-0.5032,-0.48302,-0.46162,-0.439,-0.41637,-0.39266,-0.36786,-0.34306,-0.31722,-0.29035,-0.26347,-0.23598,-0.20787,-0.17977,-0.15222,-0.12525,-0.098273,-0.073883,-0.052091,-0.030302,-0.013597,-0.001982,0.0096299,0.014521,0.01269,0.010856,0.0041185,-0.0075214,-0.019165,-0.020825,-0.012496,0
0,0,0,0,-0.28439,-0.28674,-0.29117,-0.29769,-0.30421,-0.31698,-0.336,-0.35503,-0.37206,-0.38711,-0.40216,-0.41277,-0.41894,-0.42511,-0.41793,-0.39741,-0.37688,-0.33864,-0.28267,-0.22669,-0.15626,-0.071377,0.013536,0.098602,0.1838,0.26901,0.34194,0.40257,0.46321,0.50816,0.53743,0.5667,0.58452,0.5909,0.59727,0.59774,0.5923,0.58686,0.57906,0.56889,0.55872,0.54802,0.53681,0.5256,0.51448,0.50346,0.49244,0.48152,0.4707,0.45989,0.44941,0.43924,0.42907,0.41969,0.41108,0.40248,0.39156,0.37833,0.3651,0.34972,0.3322,0.31468,0.29471,0.2723,0.24988,0.22595,0.2005,0.17505,0.14996,0.12524,0.10052,0.078035,0.057769,0.037498,0.020497,0.0067586,-0.0069799,-0.017262,-0.024102,-0.030938,-0.034321,-0.034259,-0.034198,-0.030377,-0.022795,-0.015213,-0.0040413,0.01072,0.025482,0.042243,0.061003,0.079766,0.098016,0.11575,0.13349,0.14857,0.16099,0.17341,0.18211,0.1871,0.19208,0.19315,0.1903,0.18744,0.18058,0.16971,0.15884,0.14327,0.123,0.10273,0.076421,0.044059,0.011698,-0.027642,-0.073961,-0.12029,-0.17238,-0.23019,-0.28801,-0.34748,-0.40858,-0.46968,-0.52735,-0.58157,-0.63577,-0.68325,-0.72399,-0.76472,-0.79846,-0.82522,-0.85198,-0.87439,-0.89246,-0.91053,-0.91714,-0.91228,-0.90741,-0.91013,-0.92042,-0.93072,-0.93201,-0.92427,-0.91654,-0.90341,-0.88486,-0.86632,-0.81958,-0.74466,-0.66973,-0.58045,-0.47681,-0.37315,-0.26476,-0.15162,-0.038505,0.069319,0.17188,0.27443,0.36565,0.44555,0.52543,0.59287,0.64785,0.70282,0.74727,0.78119,0.81511,0.84092,0.85862,0.87632,0.88786,0.89323,0.8986,0.89959,0.89621,0.89283,0.88659,0.87748,0.86838,0.85611,0.84067,0.82524,0.80382,0.77642,0.74902,0.71315,0.66882,0.62449,0.57343,0.51565,0.45785,0.39481,0.3265,0.25819,0.19322,0.13156,0.069902,0.0069575,-0.057297,-0.12156,-0.19488,-0.27729,-0.35967,-0.45924,-0.57599,-0.69273,-0.81967,-0.9568,-1.0939,-1.215,-1.3202,-1.4253,-1.4813,-1.4882,-1.495,-1.432,-1.299,-1.1661,-0.91631,-0.54981,0,0,0,0,0,0,0,0,0,0,0,0,0,0,0,0,0,0,0,0,0,0,0,0,0,0,0,0,0,0,0,0,0,0,0,0,0,0,0,0,0,0,0,0,0,0,0,0,0,0,0,0,0,0,0,0,0,0,0.038705,0,0,0,0,0,0,0,0,0,0,0,0,0,0,0,0,0,0,0,0,0,0,0,0,0,0,0,0,0,0,0,0,0,0,0,0,0,0,0,0,0,0,0,0,0,-0.64203,-0.88005,-1.1023,-1.3088,-1.5153,-1.6474,-1.7052,-1.763,-1.7408,-1.6387,-1.5366,-1.453,-1.3879,-1.3228,-1.2872,-1.2812,-1.2752,-1.273,-1.2744,-1.2759,-1.2836,-1.2977,-1.3118,-1.3045,-1.276,-1.2474,-1.2349,-1.2384,-1.242,-1.2344,-1.2156,-1.1968,-1.1811,-1.1685,-1.1559,-1.1486,-1.1466,-1.1446,-1.1289,-1.0993,-1.0698,-1.0531,-1.0494,-1.0456,-1.0414,-1.0367,-1.032,-1.024,-1.0126,-1.0012,-0.98802,-0.97295,-0.95788,-0.94159,-0.92409,-0.90659,-0.88709,-0.8656,-0.84411,-0.81932,-0.79124,-0.76315,-0.73103,-0.69488,-0.65873,-0.61867,-0.5747,-0.53073,-0.48368,-0.43355,-0.38342,-0.33153,-0.2779,-0.22429,-0.17057,-0.11674,-0.062907,-0.010667,0.039967,0.090588,0.13812,0.18259,0.22704,0.26739,0.30365,0.3399,0.37162,0.39882,0.42602,0.44887,0.46738,0.48589,0.50057,0.5114,0.52224,0.52983,0.53418,0.53853,0.5402,0.5392,0.53819,0.53506,0.52978,0.52451,0.51768,0.50931,0.50093,0.49157,0.48122,0.47087,0.45994,0.44843,0.43693,0.42515,0.41311,0.40106,0.38902,0.37698,0.36494,0.35322,0.34181,0.3304,0.31977,0.30994,0.30012,0.29161,0.28442,0.27723,0.27178,0.26805,0.26433,0.26247,0.26247,0.26248,0.26402,0.26709,0.27017,0.2742,0.27921,0.28422,0.28958,0.2953,0.30102,0.30628,0.3111,0.31592,0.31928,0.32117,0.32307,0.32249,0.31943,0.31636,0.30995,0.30018,0.29041,0.27673,0.25912,0.24152,0.21993,0.19435,0.16877,0.13964,0.10696,0.074287,0.038908,0.00083817,-0.037238,-0.076752,-0.11769,-0.15864,-0.19957,-0.24044,-0.28132,-0.32061,-0.35833,-0.39605,-0.43051,-0.46169,-0.49287,-0.51931,-0.54103,-0.56274,-0.57896,-0.58969,-0.60042,-0.60561,-0.60528,-0.60494,-0.59985,-0.59001,-0.58017,-0.56702,-0.55056,-0.53409,-0.51572,-0.49543,-0.47514,-0.45367,-0.431,-0.40833,-0.38464,-0.35992,-0.33521,-0.30954,-0.28292,-0.25631,-0.22918,-0.20153,-0.17388,-0.14688,-0.12054,-0.094196,-0.07046,-0.049351,-0.028239,-0.012113,-0.00098025,0.010152,0.014753,0.012818,0.010881,0.0039765,-0.0078958,-0.019771,-0.021427,-0.012859,-0.0024304
0,0,0,0,-0.25272,-0.25509,-0.25976,-0.26676,-0.27375,-0.28523,-0.3012,-0.31719,-0.33308,-0.3489,-0.36473,-0.37731,-0.38662,-0.39594,-0.39263,-0.37669,-0.36075,-0.32791,-0.27817,-0.22842,-0.16074,-0.075102,0.010567,0.097835,0.18669,0.27557,0.35209,0.41624,0.4804,0.52754,0.55768,0.5878,0.60525,0.61003,0.6148,0.61343,0.60592,0.5984,0.58908,0.57793,0.56679,0.55583,0.54507,0.5343,0.52408,0.51443,0.50478,0.49522,0.48577,0.47631,0.4666,0.45662,0.44664,0.43674,0.42692,0.4171,0.40463,0.38953,0.37443,0.35742,0.3385,0.31957,0.29885,0.27635,0.25383,0.23062,0.20671,0.18279,0.15985,0.13789,0.11593,0.096274,0.078929,0.061585,0.047046,0.035317,0.02359,0.014693,0.0086203,0.002546,-0.00057254,-0.00073481,-0.00089509,0.0023027,0.0088597,0.015419,0.025288,0.038464,0.05164,0.066823,0.084012,0.1012,0.11819,0.13497,0.15175,0.16628,0.17857,0.19085,0.1997,0.20511,0.21053,0.21197,0.20945,0.20692,0.20001,0.18873,0.17745,0.16111,0.13972,0.11832,0.090792,0.057117,0.023443,-0.017071,-0.06443,-0.11181,-0.16479,-0.22336,-0.28194,-0.34231,-0.40447,-0.46662,-0.52569,-0.58167,-0.63766,-0.68698,-0.72964,-0.7723,-0.80746,-0.83514,-0.86281,-0.88519,-0.90228,-0.91937,-0.92426,-0.91696,-0.90965,-0.91112,-0.92138,-0.93163,-0.93464,-0.93039,-0.92614,-0.91793,-0.90574,-0.89355,-0.85238,-0.78222,-0.71207,-0.62589,-0.52366,-0.42146,-0.31239,-0.19642,-0.080466,0.031548,0.13967,0.24779,0.34444,0.42968,0.51492,0.58647,0.64432,0.70217,0.74815,0.7823,0.81644,0.84173,0.85817,0.87462,0.88473,0.88852,0.8923,0.89192,0.88737,0.88282,0.87568,0.86593,0.85619,0.84319,0.82694,0.81068,0.7882,0.7595,0.73079,0.69409,0.64942,0.60474,0.55488,0.49982,0.44475,0.38594,0.32337,0.2608,0.20125,0.14472,0.088182,0.028802,-0.033429,-0.095679,-0.16791,-0.25013,-0.33235,-0.43176,-0.54836,-0.66495,-0.79038,-0.92462,-1.0589,-1.1764,-1.2771,-1.3778,-1.4297,-1.4327,-1.4356,-1.3749,-1.2505,-1.1261,-0.88659,-0.53199,0,0,0,0,0,0,0,0,0,0,0,0,0,0,0,0,0,0,0,0,0,0,0,0,0,0,0,0,0,0,0,0,0,0,0,0,0,0,0,0,0,0,0,0,0,0,0,0,0,0,0,0,0,0,0,0,0,0,0.01548,0,0,0,0,0,0,0,0,0,0,0,0,0,0,0,0,0,0,0,0,0,0,0,0,0,0,0,0,0,0,0,0,0,0,0,0,0,0,0,0,0,0,0,0,0,-0.56274,-0.82391,-1.0486,-1.2369,-1.4251,-1.5524,-1.6187,-1.685,-1.6817,-1.6088,-1.5359,-1.4683,-1.4061,-1.3438,-1.3068,-1.2949,-1.283,-1.274,-1.268,-1.2619,-1.2639,-1.2739,-1.2839,-1.2818,-1.2676,-1.2534,-1.2402,-1.2279,-1.2155,-1.2067,-1.2014,-1.1961,-1.1856,-1.1699,-1.1541,-1.1438,-1.1388,-1.1338,-1.1225,-1.1047,-1.087,-1.0703,-1.0547,-1.0391,-1.0294,-1.0255,-1.0217,-1.0147,-1.0045,-0.99425,-0.98216,-0.9682,-0.95424,-0.93899,-0.92245,-0.90592,-0.88748,-0.86715,-0.84682,-0.82336,-0.7968,-0.77024,-0.73966,-0.70508,-0.67049,-0.63181,-0.58903,-0.54625,-0.50014,-0.45069,-0.40125,-0.34982,-0.29644,-0.24306,-0.18938,-0.13539,-0.081377,-0.028785,0.022373,0.073526,0.12175,0.16703,0.2123,0.25354,0.29074,0.32795,0.36061,0.38872,0.41684,0.44053,0.45979,0.47905,0.49437,0.50576,0.51714,0.52524,0.53003,0.53482,0.53694,0.53638,0.53583,0.53313,0.52829,0.52346,0.51702,0.50897,0.50092,0.49178,0.48156,0.47134,0.46041,0.44877,0.43713,0.42506,0.41257,0.40007,0.38746,0.37473,0.36199,0.34949,0.33722,0.32494,0.31338,0.30252,0.29166,0.28208,0.27378,0.26548,0.25893,0.25412,0.24932,0.24642,0.24542,0.24442,0.24505,0.2473,0.24955,0.25291,0.25738,0.26185,0.26676,0.27213,0.27749,0.28249,0.28713,0.29178,0.29511,0.29714,0.29917,0.2989,0.29632,0.29373,0.28795,0.27898,0.27,0.25727,0.24078,0.2243,0.20397,0.17981,0.15563,0.12799,0.096867,0.065746,0.031935,-0.0045745,-0.041085,-0.079106,-0.11863,-0.15817,-0.1978,-0.2375,-0.27721,-0.31548,-0.35231,-0.38917,-0.42294,-0.45362,-0.48431,-0.51041,-0.53194,-0.55346,-0.56952,-0.58013,-0.59074,-0.59583,-0.59543,-0.59502,-0.58991,-0.58008,-0.57025,-0.5571,-0.54062,-0.52415,-0.50573,-0.48538,-0.46502,-0.44352,-0.42087,-0.39822,-0.37462,-0.35008,-0.32554,-0.30014,-0.27389,-0.24765,-0.221,-0.19396,-0.16691,-0.14062,-0.11509,-0.089562,-0.066636,-0.046319,-0.025999,-0.010468,0.00026777,0.011006,0.015326,0.013224,0.01112,0.0029631,-0.011251,-0.025469,-0.027152,-0.016296,-0.0054336
0,0,0,0,-0.22106,-0.22344,-0.22835,-0.23582,-0.24329,-0.25348,-0.26641,-0.27935,-0.29411,-0.31071,-0.32731,-0.34184,-0.35431,-0.36677,-0.36733,-0.35598,-0.34462,-0.31719,-0.27367,-0.23015,-0.16521,-0.078825,0.0075845,0.097053,0.18959,0.28213,0.36224,0.42992,0.49759,0.54692,0.57792,0.6089,0.62599,0.62917,0.63234,0.62913,0.61954,0.60995,0.5991,0.58698,0.57487,0.56364,0.55332,0.54299,0.53369,0.52541,0.51712,0.50893,0.50083,0.49274,0.48379,0.474,0.4642,0.45379,0.44275,0.43171,0.41771,0.40073,0.38376,0.36511,0.34479,0.32446,0.30299,0.28039,0.25777,0.23528,0.21291,0.19053,0.16974,0.15053,0.13133,0.11451,0.10009,0.085664,0.073593,0.063875,0.054158,0.046647,0.041337,0.036024,0.033175,0.032792,0.032409,0.034984,0.040519,0.046054,0.054618,0.066208,0.077798,0.091402,0.10702,0.12264,0.13836,0.15419,0.17001,0.184,0.19614,0.20828,0.21728,0.22313,0.22897,0.2308,0.2286,0.2264,0.21945,0.20776,0.19606,0.17895,0.15644,0.13392,0.10517,0.070183,0.035195,-0.0064977,-0.054901,-0.10332,-0.15719,-0.21652,-0.27587,-0.33714,-0.40034,-0.46355,-0.52403,-0.58178,-0.63953,-0.69071,-0.7353,-0.77988,-0.81646,-0.84505,-0.87363,-0.89598,-0.91209,-0.9282,-0.93138,-0.92164,-0.91189,-0.91212,-0.92233,-0.93254,-0.93727,-0.93651,-0.93574,-0.93244,-0.92661,-0.92078,-0.88517,-0.81979,-0.7544,-0.67132,-0.57055,-0.46979,-0.36002,-0.24123,-0.12245,-0.0062283,0.10744,0.22111,0.32324,0.41383,0.50442,0.58007,0.64079,0.7015,0.74903,0.7834,0.81776,0.84254,0.85772,0.87291,0.88161,0.8838,0.886,0.88424,0.87853,0.87282,0.86477,0.85438,0.844,0.83027,0.8132,0.79613,0.77259,0.74258,0.71256,0.67504,0.63002,0.58499,0.53632,0.48399,0.43164,0.37707,0.32024,0.2634,0.20928,0.15787,0.10646,0.050647,-0.0095656,-0.069792,-0.14094,-0.22298,-0.30501,-0.40426,-0.52073,-0.63718,-0.76109,-0.89245,-1.0238,-1.1377,-1.234,-1.3304,-1.3781,-1.3771,-1.3762,-1.3178,-1.202,-1.0862,-0.85688,-0.51417,0,0,0,0,0,0,0,0,0,0,0,0,0,0,0,0,0,0,0,0,0,0,0,0,0,0,0,0,0,0,0,0,0,0,0,0,0,0,0,0,0,0,0,0,0,0,0,0,0,0,0,0,0,0,0,0,0,0,0,0,0,0,0,0,0,0,0,0,0,0,0,0,0,0,0,0,0,0,0,0,0,0,0,0,0,0,0,0,0,0,0,0,0,0,0,0,0,0,0,0,0,0,0,0,-0.48349,-0.76781,-0.99498,-1.165,-1.335,-1.4574,-1.5322,-1.6071,-1.6226,-1.5789,-1.5352,-1.4836,-1.4242,-1.3649,-1.3263,-1.3085,-1.2908,-1.2751,-1.2616,-1.248,-1.2442,-1.2502,-1.2561,-1.2591,-1.2593,-1.2595,-1.2455,-1.2173,-1.1891,-1.1791,-1.1873,-1.1954,-1.1901,-1.1712,-1.1524,-1.1389,-1.131,-1.123,-1.1161,-1.1101,-1.1042,-1.0875,-1.0601,-1.0326,-1.0174,-1.0144,-1.0114,-1.0054,-0.99635,-0.98727,-0.9763,-0.96345,-0.95059,-0.93638,-0.92082,-0.90525,-0.88787,-0.8687,-0.84952,-0.82741,-0.80237,-0.77732,-0.7483,-0.71528,-0.68226,-0.64496,-0.60337,-0.56178,-0.5166,-0.46783,-0.41906,-0.36811,-0.31497,-0.26183,-0.20818,-0.15402,-0.099851,-0.046916,0.0047744,0.056467,0.10537,0.15147,0.19755,0.23968,0.27784,0.316,0.3496,0.37863,0.40766,0.43219,0.4522,0.4722,0.48817,0.50011,0.51205,0.52064,0.52588,0.53112,0.53368,0.53357,0.53346,0.5312,0.52681,0.52241,0.51635,0.50863,0.5009,0.492,0.48191,0.47182,0.46089,0.44911,0.43733,0.42497,0.41202,0.39908,0.3859,0.37247,0.35904,0.34577,0.33263,0.31949,0.30698,0.29509,0.28321,0.27256,0.26314,0.25373,0.24608,0.24019,0.23431,0.23037,0.22836,0.22636,0.22608,0.22751,0.22894,0.23162,0.23554,0.23947,0.24394,0.24895,0.25397,0.25871,0.26317,0.26763,0.27094,0.27311,0.27528,0.27531,0.27321,0.2711,0.26596,0.25777,0.24958,0.23781,0.22244,0.20708,0.18802,0.16526,0.1425,0.11634,0.086771,0.057206,0.024955,-0.0099895,-0.044931,-0.081458,-0.11957,-0.1577,-0.19603,-0.23456,-0.2731,-0.31034,-0.34631,-0.38228,-0.41536,-0.44555,-0.47574,-0.5015,-0.52284,-0.54418,-0.56008,-0.57057,-0.58105,-0.58606,-0.58558,-0.58511,-0.57996,-0.57015,-0.56033,-0.54718,-0.53069,-0.5142,-0.49575,-0.47532,-0.4549,-0.43337,-0.41074,-0.3881,-0.3646,-0.34023,-0.31586,-0.29074,-0.26486,-0.23898,-0.21282,-0.18638,-0.15993,-0.13435,-0.10964,-0.084929,-0.06281,-0.043284,-0.023756,-0.0088223,0.0015181,0.01186,0.015899,0.01363,0.01136,0.0019484,-0.014605,-0.03116,-0.03287,-0.019728,-0.0065785
0,0,0,0,-0.18999,-0.19319,-0.1987,-0.20651,-0.21434,-0.22367,-0.23452,-0.24536,-0.25922,-0.27611,-0.29299,-0.30902,-0.32421,-0.3394,-0.3437,-0.33711,-0.33052,-0.30764,-0.26847,-0.2293,-0.16738,-0.082678,0.0020408,0.092323,0.18815,0.28398,0.36785,0.43974,0.51164,0.56399,0.59678,0.62956,0.64687,0.6487,0.65052,0.64538,0.63327,0.62117,0.60826,0.59456,0.58086,0.56881,0.55841,0.54801,0.53914,0.53182,0.52449,0.51735,0.51041,0.50347,0.49528,0.48584,0.4764,0.46556,0.45331,0.44106,0.42568,0.40715,0.38863,0.36853,0.34685,0.32518,0.30308,0.28055,0.25803,0.23656,0.21615,0.19574,0.17752,0.16149,0.14546,0.13173,0.12029,0.10886,0.099206,0.091309,0.08341,0.077261,0.072857,0.068454,0.066118,0.065849,0.06558,0.067652,0.072069,0.076485,0.083571,0.093324,0.10308,0.11475,0.12835,0.14195,0.15617,0.171,0.18583,0.19955,0.21214,0.22473,0.2345,0.24144,0.24839,0.25106,0.24946,0.24787,0.24092,0.22862,0.21632,0.1981,0.17396,0.14982,0.11938,0.082652,0.045929,0.0028957,-0.046439,-0.095781,-0.15013,-0.20948,-0.26885,-0.33022,-0.39363,-0.45705,-0.51832,-0.57744,-0.63656,-0.68946,-0.73613,-0.7828,-0.82112,-0.85112,-0.88113,-0.90397,-0.91966,-0.93535,-0.93721,-0.92523,-0.91325,-0.91182,-0.92095,-0.93008,-0.93554,-0.93735,-0.93915,-0.94043,-0.94119,-0.94195,-0.91274,-0.85358,-0.79439,-0.71578,-0.61779,-0.51978,-0.41026,-0.28922,-0.16819,-0.048,0.071298,0.19059,0.29842,0.39475,0.49109,0.57134,0.6355,0.69965,0.74927,0.78437,0.81945,0.84411,0.85832,0.87253,0.87999,0.88069,0.88139,0.87827,0.87132,0.86436,0.85523,0.84393,0.83262,0.81792,0.79983,0.78173,0.75713,0.72602,0.6949,0.65683,0.6118,0.56677,0.51927,0.46931,0.41933,0.36837,0.31641,0.26444,0.21522,0.16875,0.12229,0.070425,0.013169,-0.044093,-0.11325,-0.1943,-0.27533,-0.37422,-0.49099,-0.60775,-0.7314,-0.86196,-0.9925,-1.1047,-1.1985,-1.2923,-1.338,-1.3354,-1.3328,-1.2765,-1.1663,-1.0561,-0.42102,-0.25264,0,0,0,0,0,0,0,0,0,0,0,0,0,0,0,0,0,0,0,0,0,0,0,0,0,0,0,0,0,0,0,0,0,0,0,0,0,0,0,0,0,0,0,0,0,0,0,0,0,0,0,0,0,0,0,0,0,0,0,0,0,0,0,0,0,0,0,0,0,0,0,0,0,0,0,0,0,0,0,0,0,0,0,0,0,0,0,0,0,0,0,0,0,0,0,0,0,0,0,0,0,0,0,0,-0.42106,-0.70179,-0.92332,-1.0857,-1.2481,-1.3711,-1.4547,-1.5382,-1.5696,-1.5488,-1.528,-1.4904,-1.436,-1.3816,-1.3431,-1.3204,-1.2977,-1.276,-1.2554,-1.2347,-1.2287,-1.2374,-1.2461,-1.2503,-1.2502,-1.2501,-1.2355,-1.2066,-1.1776,-1.1701,-1.1842,-1.1982,-1.1943,-1.1726,-1.1509,-1.1347,-1.124,-1.1133,-1.1075,-1.1066,-1.1057,-1.0883,-1.0546,-1.0209,-1.0029,-1.0007,-0.99843,-0.99335,-0.98543,-0.9775,-0.96764,-0.95585,-0.94405,-0.93084,-0.91621,-0.90158,-0.88524,-0.86719,-0.84914,-0.82831,-0.8047,-0.78109,-0.75355,-0.72206,-0.69057,-0.65469,-0.61443,-0.57417,-0.53012,-0.4823,-0.43448,-0.38424,-0.3316,-0.27895,-0.22555,-0.17143,-0.11731,-0.064206,-0.012123,0.039954,0.089379,0.13614,0.1829,0.22576,0.26473,0.30369,0.33808,0.36792,0.39776,0.42302,0.44372,0.46441,0.48101,0.49351,0.50602,0.51514,0.52087,0.52661,0.52967,0.53006,0.53045,0.52868,0.52477,0.52086,0.51523,0.50786,0.5005,0.49185,0.4819,0.47195,0.46101,0.44908,0.43715,0.42448,0.41106,0.39765,0.38386,0.36969,0.35553,0.34142,0.32736,0.3133,0.2998,0.28686,0.27392,0.26218,0.25164,0.2411,0.23234,0.22535,0.21837,0.21336,0.21033,0.2073,0.20608,0.20667,0.20726,0.20923,0.21258,0.21593,0.21992,0.22454,0.22917,0.23361,0.23784,0.24208,0.24531,0.24753,0.24976,0.25005,0.24841,0.24677,0.2423,0.23498,0.22767,0.21695,0.20283,0.1887,0.17101,0.14974,0.12848,0.10388,0.075955,0.048026,0.017425,-0.015843,-0.049112,-0.08403,-0.1206,-0.15716,-0.19405,-0.23126,-0.26847,-0.30452,-0.33944,-0.37436,-0.40657,-0.43605,-0.46554,-0.49077,-0.51174,-0.53271,-0.54833,-0.55861,-0.56889,-0.57374,-0.57317,-0.5726,-0.56742,-0.55763,-0.54785,-0.53473,-0.51828,-0.50184,-0.4834,-0.46299,-0.44257,-0.4211,-0.39856,-0.37602,-0.3527,-0.3286,-0.30451,-0.27976,-0.25436,-0.22897,-0.20341,-0.17769,-0.15197,-0.1272,-0.10339,-0.079583,-0.058338,-0.039664,-0.020992,-0.0067138,0.0031688,0.013051,0.016887,0.014675,0.012462,0.0031773,-0.013177,-0.029531,-0.031429,-0.018863,-0.0062902
0,0,0,0,-0.15951,-0.16434,-0.17079,-0.17884,-0.18689,-0.19578,-0.20551,-0.21522,-0.22842,-0.24509,-0.26176,-0.27884,-0.29633,-0.31382,-0.32175,-0.32009,-0.31843,-0.29926,-0.26256,-0.22586,-0.16723,-0.086638,-0.0060454,0.083631,0.18238,0.28111,0.36891,0.44574,0.52258,0.57876,0.61428,0.64978,0.6679,0.66863,0.66935,0.66218,0.64712,0.63206,0.61658,0.60068,0.58479,0.57134,0.56034,0.54935,0.54046,0.53367,0.52689,0.5205,0.51452,0.50853,0.50108,0.49216,0.48324,0.47205,0.45861,0.44516,0.42855,0.4088,0.38904,0.36767,0.34469,0.32172,0.2991,0.27685,0.2546,0.23447,0.21644,0.19841,0.18317,0.17075,0.15832,0.14792,0.13955,0.13119,0.12388,0.11762,0.11135,0.10655,0.1032,0.099851,0.098267,0.098443,0.098619,0.10031,0.10351,0.10671,0.11215,0.11981,0.12748,0.13688,0.14801,0.15914,0.17161,0.18541,0.19922,0.21293,0.22656,0.24018,0.25135,0.26007,0.26878,0.27277,0.27204,0.27131,0.2644,0.25132,0.23823,0.21856,0.19229,0.16602,0.13343,0.094529,0.055634,0.011111,-0.039038,-0.089193,-0.14359,-0.20224,-0.26089,-0.32159,-0.38436,-0.44712,-0.50856,-0.56866,-0.62877,-0.68326,-0.73215,-0.78104,-0.82144,-0.85337,-0.8853,-0.90917,-0.925,-0.94082,-0.94173,-0.92773,-0.91373,-0.91023,-0.91723,-0.92424,-0.92947,-0.93292,-0.93638,-0.94189,-0.94948,-0.95707,-0.93509,-0.88355,-0.83199,-0.75924,-0.66531,-0.5714,-0.46309,-0.34038,-0.21765,-0.093771,0.031227,0.15622,0.26996,0.37244,0.47493,0.56027,0.62845,0.69663,0.74888,0.7852,0.82152,0.84644,0.85996,0.87346,0.87987,0.87917,0.87848,0.87399,0.86572,0.85745,0.84707,0.83456,0.82205,0.80613,0.7868,0.76748,0.74181,0.70981,0.67781,0.63946,0.59477,0.55007,0.50374,0.45577,0.4078,0.35984,0.31189,0.26393,0.21909,0.17737,0.13566,0.08813,0.034784,-0.018573,-0.084851,-0.16406,-0.24328,-0.34164,-0.45915,-0.57666,-0.7013,-0.8331,-0.96489,-1.0774,-1.1705,-1.2637,-1.3093,-1.3074,-1.3054,-1.2508,-1.1434,-1.036,0,0,0,0,0,0,0,0,0,0,0,0,0,0,0,0,0,0,0,0,0,0,0,0,0,0,0,0,0,0,0,0,0,0,0,0,0,0,0,0,0,0,0,0,0,0,0,0,0,0,0,0,0,0,0,0,0,0,0,0,0,0,0,0,0,0,0,0,0,0,0,0,0,0,0,0,0,0,0,0,0,0,0,0,0,0,0,0,0,0,0,0,0,0,0,0,0,0,0,0,0,0,0,0,0,0,-0.37548,-0.62585,-0.83371,-0.99911,-1.1645,-1.2935,-1.386,-1.4785,-1.5227,-1.5185,-1.5142,-1.4885,-1.4413,-1.3941,-1.3572,-1.3305,-1.3037,-1.2767,-1.2493,-1.222,-1.2174,-1.2356,-1.2538,-1.2554,-1.2403,-1.2252,-1.2103,-1.1957,-1.181,-1.1798,-1.1921,-1.2044,-1.1984,-1.174,-1.1497,-1.1309,-1.1178,-1.1046,-1.0967,-1.0941,-1.0914,-1.0729,-1.0384,-1.004,-0.98599,-0.98433,-0.98267,-0.97847,-0.97171,-0.96495,-0.95618,-0.94539,-0.93461,-0.92235,-0.90863,-0.89491,-0.87957,-0.86263,-0.84568,-0.82607,-0.80381,-0.78155,-0.75542,-0.72542,-0.69542,-0.66103,-0.62222,-0.58341,-0.5407,-0.49409,-0.44747,-0.39821,-0.34631,-0.29442,-0.24152,-0.18764,-0.13374,-0.08065,-0.028343,0.023966,0.073763,0.12105,0.16834,0.21179,0.25141,0.29102,0.32608,0.35659,0.38711,0.41303,0.43436,0.45568,0.47289,0.48597,0.49904,0.50873,0.51501,0.5213,0.52491,0.52585,0.52679,0.52557,0.52219,0.51881,0.51364,0.50668,0.49972,0.49134,0.48153,0.47172,0.46077,0.44868,0.43659,0.42359,0.40968,0.39577,0.38134,0.36639,0.35144,0.33645,0.32141,0.30638,0.29185,0.27782,0.26378,0.25093,0.23927,0.2276,0.21771,0.20961,0.20151,0.19541,0.19133,0.18724,0.18506,0.18479,0.18452,0.18575,0.18849,0.19123,0.1947,0.1989,0.20311,0.2072,0.21115,0.21511,0.2182,0.22041,0.22262,0.22312,0.22193,0.22073,0.21696,0.21061,0.20426,0.1947,0.18193,0.16916,0.15294,0.13326,0.11358,0.090633,0.06442,0.038206,0.0093523,-0.022138,-0.053632,-0.08682,-0.12169,-0.15655,-0.19185,-0.22758,-0.26331,-0.29803,-0.33171,-0.3654,-0.39654,-0.42513,-0.45372,-0.47822,-0.49865,-0.51908,-0.53428,-0.54426,-0.55425,-0.55889,-0.55819,-0.55749,-0.55228,-0.54254,-0.5328,-0.51976,-0.50341,-0.48705,-0.46871,-0.44838,-0.42805,-0.4067,-0.38434,-0.36198,-0.33893,-0.3152,-0.29147,-0.2672,-0.24239,-0.21759,-0.19276,-0.16789,-0.14302,-0.11917,-0.096349,-0.073522,-0.053223,-0.03546,-0.017703,-0.0041428,0.005219,0.014579,0.018293,0.01636,0.014427,0.0066525,-0.0069654,-0.020586,-0.022834,-0.013704,-0.0045692
0,0,0,0,-0.12902,-0.13549,-0.14287,-0.15116,-0.15945,-0.1679,-0.1765,-0.18509,-0.19762,-0.21407,-0.23054,-0.24867,-0.26846,-0.28825,-0.29979,-0.30307,-0.30634,-0.29087,-0.25665,-0.22242,-0.16708,-0.090602,-0.014128,0.074936,0.17661,0.27826,0.36996,0.45174,0.53351,0.59352,0.63176,0.67,0.68893,0.68856,0.68819,0.67899,0.66097,0.64294,0.62489,0.6068,0.58871,0.57387,0.56227,0.55068,0.54176,0.53552,0.52929,0.52365,0.51861,0.51358,0.50686,0.49847,0.49007,0.47855,0.4639,0.44924,0.43142,0.41043,0.38945,0.36681,0.34253,0.31825,0.29512,0.27315,0.25118,0.23237,0.21673,0.20107,0.18883,0.18001,0.17118,0.16411,0.15882,0.15352,0.14856,0.14393,0.1393,0.13584,0.13354,0.13125,0.13041,0.13103,0.13166,0.13296,0.13495,0.13694,0.14072,0.1463,0.15188,0.159,0.16766,0.17633,0.18704,0.19982,0.2126,0.22631,0.24098,0.25564,0.26821,0.27869,0.28917,0.29448,0.29461,0.29474,0.28788,0.27402,0.26016,0.23903,0.21063,0.18223,0.14749,0.10641,0.065332,0.019316,-0.031642,-0.082601,-0.13705,-0.19498,-0.25293,-0.31297,-0.37509,-0.43721,-0.49881,-0.55988,-0.62097,-0.67707,-0.72817,-0.77928,-0.82176,-0.85562,-0.88948,-0.91438,-0.93033,-0.94628,-0.94625,-0.93023,-0.91421,-0.90864,-0.91352,-0.91841,-0.9234,-0.9285,-0.9336,-0.94336,-0.95777,-0.97219,-0.95744,-0.91352,-0.86959,-0.8027,-0.71288,-0.62305,-0.51592,-0.39152,-0.2671,-0.13954,-0.0088465,0.12183,0.2415,0.35014,0.45876,0.54919,0.62139,0.69358,0.74846,0.78603,0.82359,0.84878,0.86159,0.8744,0.87976,0.87766,0.87556,0.86972,0.86013,0.85055,0.8389,0.82519,0.81148,0.79435,0.77378,0.75322,0.7265,0.69361,0.66072,0.6221,0.57774,0.53338,0.48821,0.44224,0.39627,0.35131,0.30737,0.26342,0.22296,0.18599,0.14902,0.10582,0.056395,0.0069526,-0.056461,-0.13384,-0.21122,-0.30904,-0.4273,-0.54556,-0.67121,-0.80425,-0.93727,-1.05,-1.1425,-1.235,-1.2806,-1.2794,-1.278,-1.2251,-1.1205,-1.0159,0,0,0,0,0,0,0,0,0,0,0,0,0,0,0,0,0,0,0,0,0,0,0,0,0,0,0,0,0,0,0,0,0,0,0,0,0,0,0,0,0,0,0,0,0,0,0,0,0,0,0,0,0,0,0,0,0,0,0,0,0,0,0,0,0,0,0,0,0,0,0,0,0,0,0,0,0,0,0,0,0,0,0,0,0,0,0,0,0,0,0,0,0,0,0,0,0,0,0,0,0,0,0,0,0,0,-0.32994,-0.54989,-0.74409,-0.91251,-1.0809,-1.2159,-1.3174,-1.4188,-1.4758,-1.4881,-1.5004,-1.4866,-1.4467,-1.4067,-1.3713,-1.3405,-1.3098,-1.2774,-1.2433,-1.2093,-1.2061,-1.2338,-1.2616,-1.2604,-1.2304,-1.2004,-1.1852,-1.1848,-1.1844,-1.1895,-1.2,-1.2106,-1.2024,-1.1754,-1.1485,-1.1272,-1.1116,-1.096,-1.086,-1.0815,-1.0771,-1.0574,-1.0223,-0.98714,-0.96905,-0.96798,-0.96691,-0.96358,-0.95799,-0.9524,-0.94471,-0.93494,-0.92516,-0.91387,-0.90105,-0.88824,-0.87391,-0.85806,-0.84221,-0.82383,-0.80292,-0.782,-0.75729,-0.72879,-0.70028,-0.66736,-0.63001,-0.59267,-0.55129,-0.50588,-0.46046,-0.41217,-0.36102,-0.30988,-0.25749,-0.20385,-0.15019,-0.097096,-0.044565,0.0079755,0.058152,0.10597,0.15378,0.19782,0.23808,0.27834,0.31406,0.34525,0.37645,0.40303,0.42499,0.44695,0.46476,0.47842,0.49207,0.50232,0.50915,0.51599,0.52015,0.52164,0.52313,0.52246,0.51961,0.51676,0.51206,0.5055,0.49894,0.49083,0.48116,0.4715,0.46054,0.44828,0.43602,0.4227,0.4083,0.3939,0.37883,0.36309,0.34735,0.33148,0.31547,0.29946,0.28389,0.26877,0.25365,0.23969,0.2269,0.2141,0.20309,0.19386,0.18464,0.17746,0.17232,0.16719,0.16405,0.16291,0.16176,0.16226,0.16439,0.16652,0.16948,0.17327,0.17705,0.18078,0.18446,0.18814,0.19108,0.19328,0.19547,0.19619,0.19544,0.19469,0.19162,0.18623,0.18084,0.17244,0.16103,0.14962,0.13486,0.11677,0.098675,0.077382,0.052885,0.028392,0.0012862,-0.028436,-0.058159,-0.089604,-0.12277,-0.15594,-0.18965,-0.2239,-0.25816,-0.29152,-0.32398,-0.35643,-0.3865,-0.41419,-0.44188,-0.46567,-0.48555,-0.50544,-0.52023,-0.52992,-0.5396,-0.54403,-0.54321,-0.54239,-0.53713,-0.52745,-0.51775,-0.50478,-0.48852,-0.47227,-0.45402,-0.43377,-0.41353,-0.39231,-0.37012,-0.34793,-0.32515,-0.30179,-0.27842,-0.25463,-0.23043,-0.20622,-0.18211,-0.15809,-0.13407,-0.11114,-0.089303,-0.067459,-0.04811,-0.031261,-0.014413,-0.0015685,0.0072703,0.016105,0.019697,0.018045,0.016392,0.010127,-0.00075303,-0.011637,-0.014237,-0.0085448,-0.0028487
0,0,0,0,-0.1037,-0.11144,-0.11923,-0.12709,-0.13494,-0.14244,-0.14959,-0.15674,-0.16823,-0.18408,-0.19993,-0.2186,-0.24008,-0.26156,-0.27619,-0.28396,-0.29173,-0.28057,-0.25047,-0.22036,-0.16888,-0.096021,-0.023163,0.064809,0.16793,0.27104,0.36579,0.45221,0.53862,0.60265,0.64427,0.6859,0.70634,0.70559,0.70484,0.69396,0.67296,0.65195,0.63098,0.61006,0.58913,0.57229,0.55953,0.54676,0.53737,0.53133,0.5253,0.52016,0.51591,0.51166,0.50571,0.49806,0.49041,0.47907,0.46404,0.44901,0.43043,0.4083,0.38617,0.3624,0.337,0.31159,0.28823,0.26691,0.24559,0.22854,0.21574,0.20295,0.19395,0.18874,0.18353,0.17958,0.17689,0.17419,0.17115,0.16777,0.16438,0.16185,0.16016,0.15847,0.15805,0.1589,0.15974,0.16081,0.1621,0.16338,0.16582,0.1694,0.17298,0.17789,0.18412,0.19036,0.19937,0.21114,0.22292,0.2368,0.25281,0.26881,0.28327,0.29619,0.3091,0.31624,0.31761,0.31898,0.31224,0.29738,0.28251,0.25965,0.22877,0.1979,0.16088,0.11769,0.074503,0.027286,-0.023971,-0.075223,-0.12919,-0.18589,-0.2426,-0.30154,-0.3627,-0.42387,-0.48546,-0.54747,-0.60948,-0.66739,-0.72119,-0.775,-0.82019,-0.85677,-0.89335,-0.91841,-0.93197,-0.94553,-0.94518,-0.9309,-0.91661,-0.91058,-0.91281,-0.91504,-0.91886,-0.92427,-0.92968,-0.94249,-0.96269,-0.98289,-0.97502,-0.93908,-0.90313,-0.84262,-0.75757,-0.67253,-0.56715,-0.44145,-0.31575,-0.18482,-0.048657,0.087496,0.21289,0.3275,0.4421,0.53745,0.61356,0.68965,0.7471,0.78592,0.82473,0.85025,0.86247,0.8747,0.87919,0.87596,0.87272,0.86577,0.85512,0.84446,0.83172,0.8169,0.80207,0.78379,0.76204,0.7403,0.71266,0.67911,0.64556,0.60686,0.56301,0.51916,0.47511,0.43087,0.38662,0.34409,0.30327,0.26244,0.22555,0.19259,0.15963,0.12041,0.074922,0.02943,-0.031017,-0.10639,-0.18176,-0.27835,-0.39618,-0.51401,-0.64011,-0.77452,-0.9089,-1.0226,-1.1156,-1.2086,-1.2551,-1.2551,-1.255,-1.2033,-1.1,-0.99663,0,0,0,0,0,0,0,0,0,0,0,0,0,0,0,0,0,0,0,0,0,0,0,0,0,0,0,0,0,0,0,0,0,0,0,0,0,0,0,0,0,0,0,0,0,0,0,0,0,0,0,0,0,0,0,0,0,0,0,0,0,0,0,0,0,0,0,0,0,0,0,0,0,0,0,0,0,0,0,0,0,0,0,0,0,0,0,0,0,0,0,0,0,0,0,0,0,0,0,0,0,0,0,0,0,0,-0.30151,-0.48829,-0.66504,-0.83175,-0.99845,-1.1369,-1.247,-1.3571,-1.4257,-1.4528,-1.48,-1.4773,-1.4448,-1.4123,-1.3794,-1.3462,-1.3129,-1.2765,-1.237,-1.1974,-1.1928,-1.2231,-1.2534,-1.2528,-1.2212,-1.1897,-1.1769,-1.1829,-1.189,-1.1929,-1.1948,-1.1967,-1.1867,-1.1647,-1.1428,-1.123,-1.1053,-1.0876,-1.0756,-1.0691,-1.0626,-1.0442,-1.0138,-0.98335,-0.96505,-0.95889,-0.95273,-0.94728,-0.94253,-0.93778,-0.93094,-0.92201,-0.91308,-0.90263,-0.89065,-0.87868,-0.86524,-0.85035,-0.83545,-0.81815,-0.79842,-0.7787,-0.75532,-0.72827,-0.70122,-0.66982,-0.63407,-0.59831,-0.55842,-0.51439,-0.47034,-0.42322,-0.37301,-0.3228,-0.2711,-0.2179,-0.16469,-0.11182,-0.059307,-0.0067883,0.04352,0.091625,0.13972,0.18414,0.22487,0.2656,0.30185,0.3336,0.36537,0.39251,0.41504,0.43757,0.45595,0.47015,0.48436,0.49516,0.50255,0.50994,0.51467,0.51672,0.51878,0.51865,0.51635,0.51405,0.50983,0.5037,0.49757,0.48977,0.48027,0.47078,0.45984,0.44743,0.43502,0.42138,0.40652,0.39165,0.37597,0.35946,0.34295,0.32619,0.30917,0.29215,0.27551,0.25926,0.24301,0.22791,0.21395,0.19999,0.18783,0.17747,0.16712,0.15885,0.15267,0.14649,0.14238,0.14033,0.13828,0.13793,0.1393,0.14066,0.14297,0.14621,0.14946,0.15281,0.15626,0.15971,0.16258,0.16489,0.16719,0.16823,0.16799,0.16776,0.16544,0.16103,0.15662,0.14938,0.13933,0.12927,0.11601,0.099538,0.083065,0.063474,0.040768,0.018065,-0.0072193,-0.035086,-0.062947,-0.092561,-0.12394,-0.15532,-0.18734,-0.22,-0.25266,-0.28454,-0.31563,-0.34671,-0.37556,-0.40215,-0.42875,-0.45162,-0.47077,-0.48992,-0.50416,-0.51348,-0.52279,-0.52698,-0.52605,-0.52511,-0.51982,-0.51016,-0.5005,-0.48759,-0.47143,-0.45527,-0.43715,-0.41706,-0.39696,-0.37596,-0.35405,-0.33214,-0.30974,-0.28685,-0.26396,-0.24078,-0.2173,-0.19382,-0.17054,-0.14747,-0.1244,-0.10245,-0.081636,-0.060817,-0.042437,-0.026494,-0.01055,0.0015638,0.0098451,0.018125,0.021611,0.020301,0.01899,0.01381,0.0047619,-0.0042878,-0.007347,-0.0044104,-0.0014704
0,0,0,0,-0.083523,-0.092164,-0.099859,-0.10661,-0.11336,-0.11942,-0.12479,-0.13017,-0.14026,-0.15511,-0.16996,-0.18865,-0.21121,-0.23377,-0.25096,-0.26278,-0.27461,-0.26836,-0.24402,-0.21969,-0.17265,-0.10289,-0.033137,0.05326,0.15634,0.25942,0.35635,0.44713,0.53792,0.60615,0.65182,0.69749,0.72013,0.71973,0.71932,0.70712,0.6831,0.65908,0.63487,0.61046,0.58607,0.56662,0.55211,0.5376,0.52726,0.5211,0.51494,0.51004,0.50641,0.50278,0.49762,0.49093,0.48425,0.47362,0.45904,0.44446,0.42558,0.4024,0.37921,0.35444,0.32809,0.30174,0.27842,0.25812,0.23783,0.22295,0.21349,0.20403,0.19852,0.19696,0.1954,0.19433,0.19377,0.1932,0.19166,0.18913,0.18661,0.18458,0.18305,0.18152,0.18118,0.18203,0.18288,0.18385,0.18495,0.18605,0.18743,0.1891,0.19077,0.19354,0.19739,0.20125,0.20858,0.21938,0.23018,0.2444,0.26205,0.2797,0.29653,0.31255,0.32856,0.33806,0.34104,0.34402,0.33747,0.32139,0.3053,0.28041,0.24673,0.21305,0.1736,0.12837,0.083144,0.035015,-0.016024,-0.067052,-0.12003,-0.17496,-0.2299,-0.28731,-0.3472,-0.4071,-0.4685,-0.53139,-0.59427,-0.65421,-0.71121,-0.7682,-0.81674,-0.85683,-0.89691,-0.92128,-0.92994,-0.93859,-0.93852,-0.92973,-0.92094,-0.91606,-0.9151,-0.91414,-0.91585,-0.92024,-0.92462,-0.93929,-0.96423,-0.98917,-0.98783,-0.96021,-0.93259,-0.87898,-0.79939,-0.7198,-0.61675,-0.4902,-0.36364,-0.22963,-0.088199,0.053215,0.18412,0.30451,0.4249,0.52503,0.60494,0.68484,0.74482,0.78488,0.82494,0.85084,0.8626,0.87436,0.87818,0.87407,0.86995,0.86215,0.85068,0.8392,0.82553,0.80968,0.79382,0.77446,0.75159,0.72873,0.7003,0.66632,0.63233,0.59376,0.5506,0.50744,0.46446,0.42166,0.37886,0.33817,0.29958,0.26099,0.22686,0.19717,0.16748,0.13189,0.090376,0.048861,-0.0084946,-0.081685,-0.15487,-0.24956,-0.36579,-0.482,-0.60803,-0.7439,-0.87976,-0.99506,-1.0898,-1.1845,-1.2328,-1.2346,-1.2364,-1.1855,-1.0818,-0.97816,0,0,0,0,0,0,0,0,0,0,0,0,0,0,0,0,0,0,0,0,0,0,0,0,0,0,0,0,0,0,0,0,0,0,0,0,0,0,0,0,0,0,0,0,0,0,0,0,0,0,0,0,0,0,0,0,0,0,0,0,0,0,0,0,0,0,0,0,0,0,0,0,0,0,0,0,0,0,0,0,0,0,0,0,0,0,0,0,0,0,0,0,0,0,0,0,0,0,0,0,0,0,0,0,0,-0.075821,-0.29018,-0.44103,-0.59662,-0.75688,-0.91714,-1.0565,-1.1749,-1.2933,-1.3725,-1.4126,-1.4528,-1.4605,-1.4357,-1.411,-1.3815,-1.3473,-1.3132,-1.2741,-1.2303,-1.1864,-1.1774,-1.2033,-1.2292,-1.2323,-1.2127,-1.193,-1.1855,-1.1901,-1.1948,-1.1902,-1.1765,-1.1627,-1.1512,-1.1419,-1.1325,-1.1182,-1.0989,-1.0796,-1.0655,-1.0567,-1.0479,-1.0333,-1.0129,-0.99262,-0.97399,-0.95707,-0.94015,-0.92957,-0.92534,-0.92111,-0.91488,-0.90662,-0.89837,-0.88864,-0.87743,-0.86622,-0.85357,-0.83949,-0.82541,-0.80903,-0.79034,-0.77164,-0.74949,-0.72388,-0.69827,-0.66844,-0.63439,-0.60034,-0.56208,-0.51962,-0.47715,-0.43137,-0.38228,-0.33318,-0.28235,-0.2298,-0.17723,-0.12482,-0.072579,-0.020342,0.029845,0.077995,0.12614,0.17074,0.21177,0.2528,0.28943,0.32164,0.35385,0.38147,0.4045,0.42754,0.44643,0.46116,0.4759,0.48725,0.49521,0.50317,0.50847,0.51109,0.51372,0.51416,0.51242,0.51067,0.50696,0.5013,0.49563,0.48815,0.47886,0.46958,0.45866,0.44612,0.43358,0.41965,0.40435,0.38904,0.37275,0.35549,0.33822,0.32056,0.30251,0.28445,0.26672,0.24929,0.23187,0.21559,0.20044,0.18529,0.17196,0.16045,0.14894,0.13958,0.13237,0.12516,0.12006,0.11706,0.11406,0.11277,0.11321,0.11365,0.11517,0.11776,0.12034,0.12327,0.12654,0.12981,0.13271,0.13525,0.13778,0.13923,0.13959,0.13995,0.13842,0.135,0.13158,0.12552,0.11682,0.10813,0.096373,0.08156,0.066745,0.048915,0.02807,0.0072245,-0.016159,-0.042077,-0.067993,-0.095696,-0.12519,-0.15469,-0.18491,-0.21585,-0.2468,-0.27706,-0.30665,-0.33624,-0.36369,-0.38901,-0.41432,-0.43608,-0.4543,-0.47252,-0.48607,-0.49495,-0.50381,-0.50773,-0.5067,-0.50567,-0.50033,-0.49069,-0.48104,-0.46819,-0.45213,-0.43608,-0.41811,-0.39824,-0.37837,-0.35767,-0.33613,-0.31459,-0.29268,-0.27038,-0.24809,-0.22563,-0.20301,-0.18039,-0.15807,-0.13604,-0.11401,-0.093119,-0.073359,-0.053603,-0.036201,-0.021159,-0.0061192,0.0052494,0.012943,0.020638,0.024033,0.023126,0.022218,0.017705,0.0095857,0.0014656,-0.0021639,-0.0012997,-0.00043342
0,0,0,0,-0.063351,-0.072894,-0.080489,-0.086132,-0.091775,-0.096397,-0.099994,-0.10359,-0.1123,-0.12614,-0.13998,-0.15872,-0.18235,-0.20597,-0.22573,-0.24161,-0.25749,-0.25615,-0.23758,-0.21901,-0.17641,-0.10976,-0.043108,0.041708,0.14474,0.24779,0.34689,0.44204,0.53719,0.60963,0.65936,0.70908,0.73392,0.73386,0.7338,0.72027,0.69324,0.6662,0.63875,0.61087,0.583,0.56094,0.54468,0.52843,0.51716,0.51086,0.50457,0.49992,0.4969,0.49389,0.48952,0.4838,0.47808,0.46816,0.45404,0.43991,0.42073,0.39649,0.37225,0.34648,0.31918,0.29189,0.26861,0.24934,0.23007,0.21737,0.21124,0.20512,0.20309,0.20517,0.20726,0.20908,0.21065,0.21221,0.21216,0.2105,0.20883,0.20731,0.20594,0.20457,0.20431,0.20516,0.20601,0.20689,0.2078,0.20871,0.20904,0.2088,0.20856,0.20918,0.21066,0.21213,0.21778,0.22761,0.23743,0.252,0.27129,0.29059,0.30979,0.32891,0.34803,0.35988,0.36447,0.36906,0.3627,0.3454,0.32809,0.30118,0.26469,0.22819,0.18631,0.13904,0.091776,0.042733,-0.0080725,-0.058868,-0.11086,-0.16403,-0.21719,-0.27308,-0.33171,-0.39035,-0.45155,-0.5153,-0.57906,-0.64104,-0.70122,-0.7614,-0.81329,-0.85689,-0.90048,-0.92415,-0.9279,-0.93165,-0.93187,-0.92858,-0.92528,-0.92155,-0.91739,-0.91324,-0.91284,-0.91621,-0.91957,-0.93609,-0.96577,-0.99545,-1.0006,-0.98135,-0.96205,-0.91535,-0.84122,-0.7671,-0.66634,-0.53894,-0.41153,-0.27444,-0.12773,0.018943,0.15536,0.28152,0.40766,0.51259,0.59631,0.68002,0.74252,0.78383,0.82514,0.85144,0.86273,0.87402,0.87717,0.87217,0.86718,0.85854,0.84624,0.83394,0.81935,0.80246,0.78558,0.76514,0.74114,0.71715,0.68794,0.65352,0.6191,0.58066,0.53819,0.49572,0.45381,0.41245,0.37109,0.33224,0.29589,0.25954,0.22817,0.20175,0.17533,0.14336,0.10582,0.068285,0.014022,-0.056969,-0.12797,-0.22076,-0.33537,-0.44999,-0.57596,-0.71329,-0.85064,-0.96752,-1.0639,-1.1604,-1.2104,-1.2141,-1.2177,-1.1676,-1.0637,-0.95969,0,0,0,0,0,0,0,0,0,0,0,0,0,0,0,0,0,0,0,0,0,0,0,0,0,0,0,0,0,0,0,0,0,0,0,0,0,0,0,0,0,0,0,0,0,0,0,0,0,0,0,0,0,0,0,0,0,0,0,0,0,0,0,0,0,0,0,0,0,0,0,0,0,0,0,0,0,0,0,0,0,0,0,0,0,0,0,0,0,0,0,0,0,0,0,0,0,0,0,0,0,0,0,0,0,-0.16395,-0.27884,-0.39375,-0.52815,-0.68201,-0.83588,-0.97617,-1.1028,-1.2294,-1.3193,-1.3724,-1.4256,-1.4436,-1.4266,-1.4096,-1.3836,-1.3485,-1.3134,-1.2718,-1.2236,-1.1754,-1.1621,-1.1836,-1.2051,-1.2119,-1.2041,-1.1964,-1.1941,-1.1973,-1.2005,-1.1875,-1.1581,-1.1288,-1.1158,-1.119,-1.1223,-1.1134,-1.0925,-1.0715,-1.0555,-1.0443,-1.0331,-1.0224,-1.0121,-1.0019,-0.98292,-0.95524,-0.92755,-0.91185,-0.90815,-0.90444,-0.89881,-0.89123,-0.88366,-0.87465,-0.8642,-0.85375,-0.8419,-0.82863,-0.81537,-0.79991,-0.78225,-0.76459,-0.74367,-0.71949,-0.69531,-0.66705,-0.63471,-0.60237,-0.56575,-0.52486,-0.48395,-0.4395,-0.39153,-0.34354,-0.29359,-0.24167,-0.18975,-0.13781,-0.085853,-0.033891,0.016174,0.064363,0.11255,0.15733,0.19867,0.24,0.277,0.30967,0.34233,0.37043,0.39397,0.41751,0.43691,0.45218,0.46745,0.47934,0.48787,0.4964,0.50226,0.50547,0.50867,0.50968,0.50848,0.50729,0.50409,0.49889,0.49369,0.48654,0.47745,0.46837,0.45749,0.44481,0.43213,0.41792,0.40217,0.38643,0.36954,0.35152,0.33349,0.31493,0.29585,0.27676,0.25792,0.23933,0.22074,0.20327,0.18693,0.17058,0.15608,0.14342,0.13076,0.12031,0.11207,0.10383,0.097734,0.093782,0.089831,0.087609,0.087121,0.086639,0.087364,0.089295,0.091229,0.09374,0.096826,0.099912,0.10284,0.1056,0.10837,0.11023,0.11119,0.11215,0.11141,0.10897,0.10654,0.10165,0.094318,0.086982,0.076736,0.06358,0.050423,0.034354,0.015369,-0.0036157,-0.025093,-0.049065,-0.073041,-0.098834,-0.12644,-0.15405,-0.18247,-0.21169,-0.24092,-0.26958,-0.29767,-0.32577,-0.35183,-0.37586,-0.39989,-0.42055,-0.43783,-0.45512,-0.46798,-0.47641,-0.48483,-0.48848,-0.48735,-0.48622,-0.48084,-0.47121,-0.46158,-0.44879,-0.43283,-0.41688,-0.39908,-0.37943,-0.35978,-0.33937,-0.31821,-0.29705,-0.27561,-0.25391,-0.23222,-0.21049,-0.18872,-0.16696,-0.14559,-0.12461,-0.10363,-0.083788,-0.065085,-0.046384,-0.029963,-0.015824,-0.0016886,0.0089346,0.016043,0.023152,0.026455,0.025951,0.025446,0.0216,0.01441,0.0072183,0.0030189,0.0018108,0.0006037
0,0,0,0,-0.048617,-0.055995,-0.062494,-0.068112,-0.073732,-0.077463,-0.079307,-0.08115,-0.08834,-0.10088,-0.11342,-0.13167,-0.15564,-0.17963,-0.20104,-0.21987,-0.23871,-0.24138,-0.22787,-0.21435,-0.17627,-0.11361,-0.050946,0.030972,0.13216,0.23336,0.33256,0.42976,0.52696,0.60269,0.657,0.71129,0.73882,0.73957,0.74032,0.72601,0.69663,0.66725,0.63694,0.60569,0.57445,0.5496,0.53112,0.51265,0.49998,0.4931,0.48623,0.48151,0.47894,0.47637,0.47261,0.46766,0.46271,0.45341,0.43975,0.4261,0.40716,0.38295,0.35874,0.33343,0.30704,0.28065,0.25904,0.24222,0.2254,0.21544,0.21232,0.20921,0.20979,0.21406,0.21834,0.22186,0.22462,0.22739,0.22825,0.2272,0.22616,0.2249,0.22342,0.22194,0.22135,0.22165,0.22194,0.22222,0.22248,0.22274,0.22213,0.22064,0.21916,0.21863,0.21907,0.2195,0.22466,0.23454,0.24441,0.25983,0.28079,0.30176,0.3231,0.34481,0.36652,0.38033,0.38623,0.39212,0.38578,0.36718,0.34858,0.31976,0.28075,0.24172,0.19787,0.14921,0.10055,0.051195,0.0011472,-0.0489,-0.099587,-0.1509,-0.20221,-0.25664,-0.31421,-0.37179,-0.43301,-0.49792,-0.56283,-0.62714,-0.69087,-0.75462,-0.80885,-0.85355,-0.89825,-0.92307,-0.92801,-0.93293,-0.93476,-0.93349,-0.93222,-0.92821,-0.92146,-0.91472,-0.91276,-0.91558,-0.91841,-0.93633,-0.96933,-1.0023,-1.0126,-1.0002,-0.98773,-0.94704,-0.8781,-0.80917,-0.71094,-0.58339,-0.45585,-0.31631,-0.16481,-0.01332,0.12828,0.26002,0.39174,0.50119,0.58836,0.67549,0.7401,0.78221,0.8243,0.85064,0.86125,0.87185,0.87425,0.86845,0.86264,0.8533,0.84042,0.82753,0.81231,0.79474,0.77718,0.75605,0.73135,0.70666,0.67708,0.64262,0.60815,0.57015,0.52861,0.48707,0.44579,0.40476,0.36373,0.32637,0.2927,0.25903,0.23017,0.20612,0.18206,0.15294,0.11874,0.084546,0.033317,-0.034937,-0.1032,-0.19375,-0.30658,-0.41943,-0.54444,-0.68162,-0.81882,-0.93662,-1.035,-1.1334,-1.1853,-1.1907,-1.1961,-1.1472,-1.0439,-0.9405,0,0,0,0,0,0,0,0,0,0,0,0,0,0,0,0,0,0,0,0,0,0,0,0,0,0,0,0,0,0,0,0,0,0,0,0,0,0,0,0,0,0,0,0,0,0,0,0,0,0,0,0,0,0,0,0,0,0,0,0,0,0,0,0,0,0,0,0,0,0,0,0,0,0,0,0,0,0,0,0,0,0,0,0,0,0,0,0,0,0,0,0,0,0,0,0,0,0,0,0,0,0,0,0,0,-0.16498,-0.25693,-0.34888,-0.46892,-0.61707,-0.76522,-0.90563,-1.0383,-1.1709,-1.2686,-1.3314,-1.3941,-1.4206,-1.4108,-1.401,-1.3791,-1.3453,-1.3114,-1.2723,-1.2278,-1.1833,-1.1667,-1.1781,-1.1895,-1.1935,-1.19,-1.1865,-1.1853,-1.1863,-1.1873,-1.1721,-1.1407,-1.1093,-1.098,-1.1069,-1.1158,-1.109,-1.0864,-1.0639,-1.046,-1.0326,-1.0192,-1.0095,-1.0035,-0.99749,-0.97786,-0.9446,-0.91133,-0.89295,-0.88948,-0.88601,-0.8808,-0.87383,-0.86687,-0.85848,-0.84866,-0.83885,-0.82763,-0.815,-0.80238,-0.78771,-0.77099,-0.75427,-0.73451,-0.71173,-0.68895,-0.66222,-0.63155,-0.60089,-0.5659,-0.52659,-0.48727,-0.44425,-0.39752,-0.3508,-0.30191,-0.25087,-0.19982,-0.14859,-0.097152,-0.045716,0.0039965,0.051999,0.099996,0.14472,0.18617,0.2276,0.2648,0.29778,0.33074,0.35918,0.38311,0.40704,0.42686,0.44256,0.45825,0.47061,0.47962,0.48863,0.49501,0.49874,0.50247,0.50401,0.50335,0.50269,0.49998,0.49523,0.49048,0.48368,0.47483,0.46597,0.45517,0.44242,0.42967,0.41523,0.3991,0.38297,0.36554,0.34681,0.32809,0.30868,0.2886,0.26851,0.24858,0.22881,0.20904,0.19035,0.17276,0.15517,0.13942,0.12554,0.11166,0.10005,0.09072,0.081387,0.074266,0.06936,0.064455,0.06135,0.06005,0.058753,0.0588,0.060196,0.061598,0.063775,0.066736,0.069699,0.072694,0.075728,0.078762,0.081063,0.082634,0.084204,0.084255,0.082788,0.081322,0.077593,0.071596,0.065599,0.056856,0.045365,0.033874,0.019578,0.0024766,-0.014625,-0.034186,-0.056207,-0.078227,-0.10209,-0.12779,-0.15349,-0.18006,-0.2075,-0.23494,-0.26191,-0.28842,-0.31493,-0.33952,-0.36221,-0.3849,-0.40436,-0.42061,-0.43686,-0.4489,-0.45672,-0.46453,-0.46775,-0.46637,-0.46499,-0.45946,-0.44977,-0.44007,-0.4273,-0.41146,-0.39562,-0.37803,-0.35869,-0.33935,-0.31935,-0.29868,-0.278,-0.25718,-0.2362,-0.21522,-0.19434,-0.17356,-0.15278,-0.13248,-0.11265,-0.092827,-0.074129,-0.056563,-0.038996,-0.023589,-0.010346,0.0028962,0.012852,0.01952,0.026188,0.029368,0.02906,0.02875,0.025379,0.018942,0.012502,0.0077366,0.0046418,0.0015478
0,0,0,0,-0.039322,-0.041469,-0.045877,-0.052551,-0.059224,-0.062615,-0.062728,-0.062838,-0.068367,-0.079318,-0.090267,-0.10753,-0.13113,-0.15473,-0.17689,-0.19759,-0.21828,-0.22405,-0.21489,-0.20572,-0.17223,-0.11444,-0.056637,0.021042,0.11857,0.21613,0.31337,0.41027,0.50717,0.58532,0.64474,0.70414,0.73485,0.73687,0.73887,0.72435,0.69329,0.66222,0.62944,0.59494,0.56044,0.5326,0.51142,0.49025,0.47572,0.46783,0.45993,0.45483,0.45253,0.45022,0.44688,0.44251,0.43814,0.42937,0.4162,0.40303,0.38489,0.36178,0.33868,0.3153,0.29166,0.26802,0.24972,0.23677,0.22383,0.21715,0.21673,0.21631,0.21861,0.22362,0.22863,0.23266,0.2357,0.23873,0.23992,0.23925,0.23859,0.23733,0.23549,0.23365,0.23231,0.23149,0.23067,0.22983,0.22899,0.22815,0.2267,0.22463,0.22256,0.22189,0.22262,0.22335,0.2292,0.24015,0.25111,0.26791,0.29056,0.31321,0.33644,0.36025,0.38405,0.39941,0.40631,0.41322,0.40669,0.38674,0.36678,0.33617,0.2949,0.25364,0.2083,0.15887,0.10947,0.060384,0.011621,-0.037132,-0.086203,-0.13558,-0.18495,-0.23798,-0.29469,-0.3514,-0.4129,-0.47922,-0.54553,-0.61252,-0.68019,-0.74785,-0.8034,-0.84684,-0.89025,-0.91806,-0.93025,-0.94243,-0.94717,-0.94447,-0.94176,-0.93605,-0.92731,-0.91857,-0.91559,-0.91836,-0.92114,-0.93999,-0.97492,-1.0098,-1.0238,-1.0167,-1.0096,-0.97407,-0.91005,-0.84603,-0.75056,-0.6236,-0.49663,-0.35524,-0.19944,-0.043626,0.10285,0.24,0.37715,0.49084,0.58104,0.67124,0.73756,0.77998,0.82239,0.84845,0.85816,0.86786,0.86944,0.86289,0.85634,0.84645,0.83322,0.81998,0.80442,0.78652,0.76863,0.7472,0.72223,0.69726,0.66772,0.6336,0.59948,0.56223,0.52187,0.4815,0.44041,0.39858,0.35675,0.32056,0.29001,0.25946,0.23289,0.21028,0.18768,0.16063,0.12913,0.097638,0.049402,-0.015579,-0.080569,-0.16851,-0.27939,-0.39025,-0.51342,-0.64886,-0.78431,-0.90237,-1.003,-1.1036,-1.1575,-1.1646,-1.1716,-1.1242,-1.0224,-0.92057,0,0,0,0,0,0,0,0,0,0,0,0,0,0,0,0,0,0,0,0,0,0,0,0,0,0,0,0,0,0,0,0,0,0,0,0,0,0,0,0,0,0,0,0,0,0,0,0,0,0,0,0,0,0,0,0,0,0,0,0,0,0,0,0,0,0,0,0,0,0,0,0,0,0,0,0,0,0,0,0,0,0,0,0,0,0,0,0,0,0,0,0,0,0,0,0,0,0,0,0,0,0,0,0,0,-0.14242,-0.22442,-0.30642,-0.41896,-0.56203,-0.70512,-0.84489,-0.98133,-1.1178,-1.2205,-1.2895,-1.3584,-1.3913,-1.3881,-1.3849,-1.3681,-1.3377,-1.3073,-1.2756,-1.2428,-1.2099,-1.1913,-1.1869,-1.1825,-1.177,-1.1703,-1.1636,-1.1592,-1.1571,-1.1551,-1.1441,-1.1241,-1.1041,-1.0979,-1.1055,-1.113,-1.1048,-1.0807,-1.0567,-1.037,-1.0216,-1.0061,-0.99462,-0.98703,-0.97944,-0.95881,-0.92514,-0.89147,-0.87287,-0.86934,-0.86583,-0.86085,-0.85443,-0.848,-0.84013,-0.83082,-0.8215,-0.81077,-0.79861,-0.78645,-0.77243,-0.75656,-0.74069,-0.72204,-0.70061,-0.67919,-0.65396,-0.62493,-0.59589,-0.56253,-0.52483,-0.48713,-0.44561,-0.40029,-0.35497,-0.30733,-0.25739,-0.20745,-0.15715,-0.10648,-0.055811,-0.0066903,0.040887,0.088459,0.13293,0.17428,0.21561,0.25284,0.28596,0.31907,0.34773,0.37194,0.39614,0.41626,0.4323,0.44833,0.46105,0.47047,0.47988,0.4867,0.49092,0.49513,0.49716,0.49701,0.49686,0.49463,0.49032,0.48601,0.47957,0.47098,0.4624,0.45173,0.43897,0.4262,0.41159,0.39514,0.37868,0.36076,0.34139,0.32201,0.3018,0.28076,0.25971,0.2387,0.21774,0.19678,0.17684,0.15794,0.13904,0.122,0.10682,0.091645,0.078813,0.068322,0.057831,0.049653,0.043792,0.037931,0.033998,0.031993,0.029991,0.029479,0.030463,0.031448,0.033384,0.036277,0.039171,0.042285,0.04562,0.048955,0.051722,0.053922,0.056125,0.056967,0.056448,0.055931,0.053335,0.048658,0.04398,0.036733,0.026916,0.017098,0.0045906,-0.010609,-0.025808,-0.043437,-0.063495,-0.083549,-0.10546,-0.12923,-0.15299,-0.17767,-0.20326,-0.22885,-0.25406,-0.2789,-0.30374,-0.32679,-0.34806,-0.36933,-0.38752,-0.40263,-0.41774,-0.42882,-0.43587,-0.44291,-0.44554,-0.44377,-0.44199,-0.43618,-0.42635,-0.41651,-0.40374,-0.38802,-0.37231,-0.35498,-0.33604,-0.31709,-0.29759,-0.27753,-0.25746,-0.23736,-0.21723,-0.19711,-0.1772,-0.15753,-0.13785,-0.11873,-0.10017,-0.081611,-0.064151,-0.047798,-0.031443,-0.017083,-0.0047224,0.0076381,0.017005,0.023376,0.029747,0.032772,0.032452,0.032131,0.029041,0.02318,0.017317,0.011988,0.0071928,0.0023985
0,0,0,0,-0.030031,-0.026949,-0.029269,-0.036993,-0.044718,-0.047771,-0.04615,-0.044528,-0.048397,-0.057757,-0.067115,-0.0834,-0.10662,-0.12985,-0.15274,-0.1753,-0.19786,-0.20673,-0.2019,-0.19708,-0.1682,-0.11526,-0.062317,0.011104,0.10499,0.1989,0.29417,0.39078,0.48741,0.56797,0.63248,0.69698,0.73087,0.73416,0.73743,0.72269,0.68994,0.65719,0.62193,0.58417,0.54642,0.5156,0.49173,0.46786,0.45147,0.44255,0.43364,0.42816,0.42611,0.42407,0.42115,0.41736,0.41357,0.40533,0.39264,0.37996,0.36261,0.34062,0.31861,0.29717,0.27628,0.25539,0.2404,0.23133,0.22225,0.21886,0.22113,0.22342,0.22743,0.23318,0.23893,0.24346,0.24677,0.25008,0.25159,0.2513,0.25101,0.24977,0.24756,0.24535,0.24327,0.24133,0.23939,0.23745,0.2355,0.23355,0.23126,0.22861,0.22596,0.22515,0.22618,0.2272,0.23374,0.24577,0.2578,0.27599,0.30032,0.32466,0.34978,0.37568,0.40158,0.41848,0.42639,0.4343,0.42761,0.40629,0.38497,0.35256,0.30906,0.26555,0.21872,0.16855,0.11839,0.069578,0.02211,-0.025343,-0.072803,-0.12025,-0.16769,-0.21932,-0.27517,-0.33101,-0.39279,-0.46051,-0.52823,-0.5979,-0.6695,-0.74109,-0.79798,-0.84012,-0.88226,-0.91304,-0.93248,-0.95192,-0.95957,-0.95544,-0.95131,-0.94388,-0.93315,-0.92242,-0.91842,-0.92114,-0.92387,-0.94366,-0.98051,-1.0174,-1.0349,-1.0332,-1.0315,-1.0011,-0.94199,-0.8829,-0.79018,-0.66379,-0.53742,-0.39419,-0.23407,-0.073944,0.077415,0.21999,0.36255,0.48045,0.57373,0.667,0.73501,0.77776,0.82049,0.84627,0.85507,0.86387,0.86462,0.85733,0.85003,0.83959,0.82601,0.81243,0.79653,0.7783,0.76008,0.73834,0.71311,0.68786,0.65835,0.62458,0.5908,0.55432,0.51513,0.47593,0.43502,0.3924,0.34977,0.31474,0.28731,0.25989,0.2356,0.21444,0.19329,0.16832,0.13952,0.11072,0.065479,0.0037748,-0.057943,-0.14326,-0.25216,-0.36106,-0.48238,-0.6161,-0.74982,-0.86813,-0.97102,-1.0739,-1.1297,-1.1384,-1.1471,-1.1013,-1.001,-0.90063,0,0,0,0,0,0,0,0,0,0,0,0,0,0,0,0,0,0,0,0,0,0,0,0,0,0,0,0,0,0,0,0,0,0,0,0,0,0,0,0,0,0,0,0,0,0,0,0,0,0,0,0,0,0,0,0,0,0,0,0,0,0,0,0,0,0,0,0,0,0,0,0,0,0,0,0,0,0,0,0,0,0,0,0,0,0,0,0,0,0,0,0,0,0,0,0,0,0,0,0,0,0,0,0,0,-0.11987,-0.19191,-0.26395,-0.36897,-0.50699,-0.64504,-0.78419,-0.9244,-1.0646,-1.1723,-1.2475,-1.3227,-1.362,-1.3655,-1.3689,-1.3571,-1.3301,-1.3031,-1.279,-1.2578,-1.2366,-1.2159,-1.1957,-1.1756,-1.1605,-1.1505,-1.1406,-1.1331,-1.128,-1.1229,-1.1161,-1.1075,-1.099,-1.0978,-1.104,-1.1102,-1.1005,-1.075,-1.0495,-1.028,-1.0105,-0.99307,-0.97975,-0.97057,-0.96139,-0.93976,-0.90569,-0.87161,-0.85278,-0.84921,-0.84564,-0.84091,-0.83502,-0.82913,-0.82178,-0.81297,-0.80416,-0.7939,-0.78221,-0.77051,-0.75715,-0.74213,-0.7271,-0.70956,-0.68949,-0.66942,-0.64569,-0.6183,-0.5909,-0.55916,-0.52308,-0.48699,-0.44698,-0.40305,-0.35913,-0.31275,-0.26392,-0.21509,-0.16571,-0.1158,-0.065896,-0.017366,0.029779,0.076927,0.12114,0.16239,0.20363,0.24087,0.27415,0.3074,0.33627,0.36076,0.38524,0.40566,0.42203,0.43841,0.4515,0.46132,0.47114,0.4784,0.48309,0.48779,0.49032,0.49068,0.49103,0.48928,0.48541,0.48155,0.47545,0.46714,0.45882,0.44828,0.43551,0.42273,0.40796,0.39117,0.37438,0.35598,0.33596,0.31594,0.29492,0.27291,0.25091,0.22882,0.20667,0.18451,0.16333,0.14312,0.12291,0.10456,0.088096,0.07163,0.057572,0.045924,0.034276,0.025041,0.018224,0.011408,0.0066453,0.0039378,0.0012304,0.00016113,0.00073181,0.0013009,0.0029956,0.0058165,0.0086389,0.011873,0.015511,0.019147,0.022384,0.025216,0.028046,0.029677,0.03011,0.030541,0.029078,0.02572,0.022361,0.016611,0.0084671,0.00032203,-0.010398,-0.023695,-0.036992,-0.052686,-0.070781,-0.088874,-0.10883,-0.13067,-0.15251,-0.17529,-0.19903,-0.22277,-0.24622,-0.26939,-0.29255,-0.31405,-0.33391,-0.35376,-0.37067,-0.38465,-0.39863,-0.40875,-0.41503,-0.4213,-0.42334,-0.42116,-0.41898,-0.4129,-0.40293,-0.39296,-0.38017,-0.36458,-0.34899,-0.33192,-0.31338,-0.29484,-0.27583,-0.25638,-0.23691,-0.21754,-0.19826,-0.17899,-0.16006,-0.14149,-0.12292,-0.10499,-0.087691,-0.070396,-0.054175,-0.039032,-0.023888,-0.010575,0.00090423,0.012382,0.021158,0.027232,0.033306,0.036176,0.035844,0.035511,0.032702,0.027416,0.022129,0.016238,0.009743,0.0032485
0,0,0,0,-0.029749,-0.023432,-0.023021,-0.028515,-0.034013,-0.034888,-0.03114,-0.02739,-0.029123,-0.036342,-0.043559,-0.058077,-0.079889,-0.1017,-0.12454,-0.1484,-0.17228,-0.18332,-0.18155,-0.17977,-0.15486,-0.10683,-0.058787,0.0097602,0.098796,0.18784,0.27957,0.374,0.46843,0.54823,0.61344,0.67864,0.714,0.71952,0.72502,0.71127,0.67823,0.6452,0.60887,0.56923,0.52959,0.49681,0.4709,0.44499,0.42687,0.41654,0.40622,0.39981,0.39731,0.39481,0.39155,0.38753,0.38352,0.37557,0.3637,0.35184,0.33631,0.31711,0.29792,0.28009,0.26363,0.24717,0.23617,0.23062,0.22508,0.22383,0.22687,0.22991,0.23367,0.23813,0.2426,0.24626,0.24912,0.25198,0.25348,0.25363,0.25378,0.25272,0.25044,0.24817,0.24559,0.24272,0.23984,0.23693,0.23398,0.23103,0.22819,0.22546,0.22272,0.22273,0.22547,0.22822,0.23669,0.2509,0.2651,0.28495,0.31044,0.33593,0.36139,0.38682,0.41224,0.42841,0.4353,0.4422,0.43472,0.41285,0.39098,0.35862,0.31576,0.2729,0.22733,0.17905,0.13078,0.08397,0.038623,-0.0067168,-0.052357,-0.098309,-0.14426,-0.19488,-0.25021,-0.30554,-0.36751,-0.43613,-0.50476,-0.57599,-0.64984,-0.72369,-0.78296,-0.82766,-0.87236,-0.90681,-0.93105,-0.95528,-0.96562,-0.96206,-0.95849,-0.95158,-0.94133,-0.93108,-0.92804,-0.9322,-0.93636,-0.95594,-0.99095,-1.0259,-1.0438,-1.0445,-1.0453,-1.0191,-0.96598,-0.91289,-0.82351,-0.69784,-0.57218,-0.4277,-0.26439,-0.10109,0.054376,0.202,0.34958,0.47154,0.56794,0.66434,0.7332,0.77453,0.81584,0.84001,0.84702,0.85404,0.85325,0.84467,0.83609,0.82566,0.81339,0.80111,0.78582,0.76752,0.74922,0.72759,0.70262,0.67764,0.64873,0.61587,0.58301,0.54715,0.50828,0.4694,0.42951,0.3886,0.34769,0.31446,0.28892,0.26338,0.24042,0.22004,0.19968,0.1759,0.14873,0.12155,0.078559,0.019753,-0.039055,-0.12132,-0.22705,-0.3328,-0.45106,-0.58185,-0.71264,-0.82995,-0.93376,-1.0376,-1.0949,-1.1057,-1.1166,-1.0722,-0.97269,-0.87315,-0.34399,0,0,0,0,0,0,0,0,0,0,0,0,0,0,0,0,0,0,0,0,0,0,0,0,0,0,0,0,0,0,0,0,0,0,0,0,0,0,0,0,0,0,0,0,0,0,0,0,0,0,0,0,0,0,0,0,0,0,0,0,0,0,0,0,0,0,0,0,0,0,0,0,0,0,0,0,0,0,0,0,0,0,0,0,0,0,0,0,0,0,0,0,0,0,0,0,0,0,0,0,0,0,-0.013725,-0.022879,-0.097582,-0.16277,-0.22796,-0.32927,-0.46671,-0.60416,-0.74156,-0.87888,-1.0162,-1.1243,-1.2034,-1.2824,-1.3271,-1.3373,-1.3475,-1.3418,-1.32,-1.2983,-1.2799,-1.2651,-1.2502,-1.2279,-1.1982,-1.1684,-1.1496,-1.1417,-1.1337,-1.1257,-1.1175,-1.1093,-1.1035,-1.0999,-1.0964,-1.094,-1.0928,-1.0915,-1.0806,-1.06,-1.0394,-1.0196,-1.0004,-0.98122,-0.96619,-0.95529,-0.94439,-0.92164,-0.88702,-0.8524,-0.83318,-0.82937,-0.82556,-0.82085,-0.81524,-0.80964,-0.80257,-0.79403,-0.78549,-0.77553,-0.76414,-0.75275,-0.7399,-0.72558,-0.71127,-0.69468,-0.6758,-0.65693,-0.63453,-0.60862,-0.5827,-0.55247,-0.51793,-0.48339,-0.44491,-0.40248,-0.36004,-0.31506,-0.26753,-0.22,-0.17177,-0.12283,-0.073892,-0.026161,0.020355,0.066867,0.11059,0.15151,0.19241,0.22946,0.26266,0.29585,0.32473,0.34933,0.37391,0.39447,0.41102,0.42758,0.4409,0.45098,0.46106,0.46864,0.4737,0.47877,0.4817,0.48248,0.48326,0.48191,0.47844,0.47496,0.46921,0.46117,0.45314,0.44277,0.43006,0.41735,0.40248,0.38545,0.36843,0.34962,0.32903,0.30844,0.2867,0.26381,0.24092,0.21785,0.19459,0.17134,0.14899,0.12756,0.10613,0.086572,0.068888,0.051206,0.035987,0.023234,0.01048,0.00024947,-0.0074536,-0.015157,-0.020662,-0.023964,-0.027267,-0.028801,-0.02856,-0.028321,-0.026824,-0.02407,-0.021314,-0.017985,-0.014087,-0.010191,-0.006525,-0.0030869,0.00034756,0.0027594,0.0041523,0.0055429,0.0052175,0.0031783,0.0011389,-0.0031361,-0.0096457,-0.016155,-0.025129,-0.036569,-0.04801,-0.061807,-0.077964,-0.094122,-0.11215,-0.13205,-0.15195,-0.17283,-0.19467,-0.21652,-0.23815,-0.25956,-0.28097,-0.30083,-0.31916,-0.33748,-0.353,-0.36572,-0.37843,-0.38747,-0.39283,-0.39818,-0.39951,-0.39681,-0.39411,-0.3877,-0.37758,-0.36746,-0.3547,-0.3393,-0.3239,-0.30718,-0.28913,-0.27109,-0.2527,-0.23397,-0.21524,-0.19671,-0.1784,-0.16009,-0.14225,-0.12489,-0.10752,-0.090868,-0.074927,-0.058986,-0.044091,-0.030243,-0.016394,-0.004183,0.006389,0.01696,0.025108,0.030834,0.03656,0.039195,0.038739,0.038281,0.035169,0.029402,0.023634,0.017293,0.010377,0.0034595
0,0,0,0,-0.038468,-0.030914,-0.02713,-0.027115,-0.027101,-0.02396,-0.017691,-0.011421,-0.010547,-0.015074,-0.019601,-0.031554,-0.050926,-0.070297,-0.092294,-0.11691,-0.14154,-0.15384,-0.15382,-0.1538,-0.13224,-0.089141,-0.046038,0.01701,0.1,0.18299,0.26962,0.35991,0.4502,0.5261,0.58761,0.64911,0.68423,0.69295,0.70167,0.69008,0.65817,0.62626,0.59024,0.55011,0.50997,0.47625,0.44895,0.42165,0.40193,0.38981,0.37768,0.36978,0.36612,0.36245,0.35809,0.35304,0.34798,0.3401,0.32938,0.31867,0.30597,0.29128,0.27659,0.26407,0.25372,0.24337,0.23702,0.23466,0.2323,0.23206,0.23393,0.23581,0.23733,0.23849,0.23965,0.24107,0.24276,0.24444,0.24561,0.24625,0.24689,0.2462,0.24416,0.24212,0.23928,0.23565,0.23202,0.22828,0.22443,0.22059,0.2175,0.21517,0.21285,0.21463,0.22051,0.2264,0.23807,0.25554,0.273,0.29479,0.32091,0.34703,0.37128,0.39367,0.41606,0.42919,0.43305,0.43692,0.42805,0.40644,0.38482,0.35435,0.31504,0.27571,0.23416,0.19039,0.14663,0.10356,0.061163,0.018768,-0.024874,-0.069761,-0.11466,-0.16468,-0.21982,-0.27498,-0.33705,-0.40606,-0.47509,-0.5468,-0.6212,-0.69562,-0.75836,-0.80944,-0.86054,-0.89937,-0.92595,-0.95253,-0.96532,-0.96431,-0.96329,-0.95914,-0.95184,-0.94454,-0.94443,-0.95152,-0.9586,-0.97684,-1.0062,-1.0356,-1.0504,-1.0507,-1.0509,-1.028,-0.98203,-0.93601,-0.85059,-0.72573,-0.60087,-0.45578,-0.29042,-0.12507,0.033727,0.18601,0.33825,0.46413,0.5637,0.66326,0.73213,0.77029,0.80844,0.82969,0.83403,0.83838,0.83534,0.82493,0.81452,0.80466,0.79534,0.78601,0.7723,0.75418,0.73606,0.71493,0.69077,0.66662,0.63885,0.60748,0.5761,0.54073,0.50134,0.46194,0.4239,0.3872,0.35051,0.31971,0.29482,0.26992,0.24735,0.22709,0.20684,0.18339,0.15675,0.13012,0.088661,0.03238,-0.0239,-0.10271,-0.20408,-0.30546,-0.41947,-0.54612,-0.67279,-0.78785,-0.89127,-0.9947,-1.0531,-1.0666,-1.08,-1.037,-0.93758,-0.83811,-0.68157,0,0,0,0,0,0,0,0,0,0,0,0,0,0,0,0,0,0,0,0,0,0,0,0,0,0,0,0,0,0,0,0,0,0,0,0,0,0,0,0,0,0,0,0,0,0,0,0,0,0,0,0,0,0,0,0,0,0,0,0,0,0,0,0,0,0,0,0,0,0,0,0,0,0,0,0,0,0,0,0,0,0,0,0,0,0,0,0,0,0,0,0,0,0,0,0,0,0,0,0,0,0,-0.013725,-0.022879,-0.075561,-0.137,-0.19845,-0.29984,-0.44116,-0.58247,-0.71701,-0.84475,-0.97246,-1.0766,-1.157,-1.2375,-1.2864,-1.3036,-1.3209,-1.3221,-1.3074,-1.2927,-1.2785,-1.2647,-1.2508,-1.2274,-1.1943,-1.1612,-1.1443,-1.1437,-1.143,-1.137,-1.1257,-1.1144,-1.1063,-1.1012,-1.0962,-1.0864,-1.0717,-1.057,-1.045,-1.0358,-1.0265,-1.0116,-0.9911,-0.97057,-0.95393,-0.94119,-0.92845,-0.90443,-0.86914,-0.83384,-0.81406,-0.80982,-0.80558,-0.80067,-0.7951,-0.78952,-0.78249,-0.774,-0.76551,-0.75565,-0.74441,-0.73317,-0.72068,-0.70693,-0.69318,-0.67739,-0.65955,-0.6417,-0.62048,-0.59588,-0.57128,-0.54245,-0.50941,-0.47637,-0.43942,-0.39857,-0.35772,-0.31427,-0.26823,-0.2222,-0.17531,-0.12755,-0.079798,-0.033076,0.012607,0.058279,0.10129,0.14164,0.18197,0.21859,0.25151,0.28441,0.31312,0.33764,0.36215,0.38269,0.39927,0.41584,0.42924,0.43945,0.44966,0.45743,0.46275,0.46808,0.4713,0.47241,0.47353,0.47253,0.4694,0.46627,0.46083,0.45309,0.44534,0.43519,0.42261,0.41004,0.39517,0.378,0.36082,0.34169,0.3206,0.29952,0.27713,0.25344,0.22976,0.20578,0.18151,0.15724,0.13383,0.11127,0.088708,0.068014,0.049191,0.03037,0.014057,0.00025013,-0.013557,-0.024723,-0.033244,-0.041766,-0.047923,-0.051713,-0.055503,-0.057405,-0.057414,-0.057425,-0.056083,-0.053387,-0.050691,-0.047287,-0.043176,-0.039065,-0.035002,-0.030987,-0.026973,-0.023788,-0.021426,-0.019063,-0.018244,-0.018969,-0.019693,-0.022512,-0.027423,-0.032335,-0.039605,-0.049234,-0.058862,-0.0708,-0.085047,-0.099295,-0.1154,-0.13336,-0.15133,-0.17027,-0.19019,-0.21011,-0.22986,-0.24944,-0.26901,-0.28713,-0.30381,-0.32049,-0.3345,-0.34583,-0.35716,-0.36498,-0.36927,-0.37357,-0.37405,-0.37072,-0.36739,-0.36059,-0.35031,-0.34002,-0.32731,-0.31217,-0.29704,-0.28074,-0.2633,-0.24585,-0.22819,-0.21031,-0.19243,-0.17487,-0.15764,-0.14041,-0.12376,-0.10771,-0.091648,-0.076372,-0.061877,-0.047381,-0.033901,-0.021435,-0.008967,0.0020884,0.011731,0.021372,0.028857,0.034185,0.039512,0.04183,0.041137,0.040442,0.036443,0.029138,0.021834,0.015153,0.0090923,0.0030311
0,0,0,0,-0.047186,-0.038397,-0.031241,-0.025716,-0.020193,-0.013037,-0.0042463,0.0045461,0.0080258,0.0061896,0.0043552,-0.0050291,-0.021964,-0.038896,-0.060049,-0.085424,-0.1108,-0.12435,-0.12609,-0.12782,-0.10961,-0.071444,-0.033279,0.024263,0.1012,0.17814,0.25967,0.34582,0.43198,0.50397,0.56178,0.61958,0.65446,0.66639,0.67831,0.66888,0.6381,0.60731,0.57161,0.53098,0.49035,0.45569,0.427,0.39831,0.377,0.36307,0.34914,0.33976,0.33492,0.33009,0.32463,0.31854,0.31245,0.30462,0.29506,0.2855,0.27563,0.26544,0.25526,0.24804,0.24381,0.23958,0.23787,0.2387,0.23952,0.24029,0.241,0.2417,0.24099,0.23884,0.2367,0.23588,0.23639,0.2369,0.23773,0.23886,0.24,0.23967,0.23787,0.23607,0.23297,0.22858,0.22419,0.21963,0.21489,0.21014,0.20681,0.20489,0.20297,0.20652,0.21555,0.22458,0.23945,0.26017,0.2809,0.30463,0.33138,0.35812,0.38117,0.40052,0.41987,0.42996,0.4308,0.43163,0.42137,0.40001,0.37865,0.35008,0.3143,0.27852,0.241,0.20175,0.1625,0.12316,0.08371,0.044264,0.0026192,-0.041218,-0.08506,-0.13447,-0.18945,-0.24444,-0.30661,-0.37599,-0.44539,-0.51758,-0.59255,-0.66753,-0.73376,-0.79124,-0.84871,-0.89192,-0.92085,-0.94977,-0.96501,-0.96655,-0.96809,-0.96669,-0.96234,-0.958,-0.96083,-0.97083,-0.98083,-0.99773,-1.0215,-1.0453,-1.0571,-1.0568,-1.0566,-1.037,-0.99808,-0.95913,-0.87764,-0.7536,-0.62957,-0.48388,-0.31647,-0.14904,0.013082,0.17,0.32692,0.45673,0.55947,0.66217,0.73104,0.76605,0.80105,0.81938,0.82105,0.82272,0.81743,0.8052,0.79296,0.78366,0.77728,0.77092,0.75877,0.74083,0.7229,0.70227,0.67893,0.65559,0.62897,0.59908,0.56919,0.5343,0.49439,0.45448,0.41829,0.3858,0.35332,0.32496,0.30072,0.27648,0.25429,0.23414,0.214,0.19088,0.16478,0.13868,0.098756,0.045009,-0.0087482,-0.084113,-0.1811,-0.2781,-0.38786,-0.51039,-0.63293,-0.74573,-0.84877,-0.9518,-1.0114,-1.0275,-1.0435,-1.0019,-0.90248,-0.80307,-0.66879,0,0,0,0,0,0,0,0,0,0,0,0,0,0,0,0,0,0,0,0,0,0,0,0,0,0,0,0,0,0,0,0,0,0,0,0,0,0,0,0,0,0,0,0,0,0,0,0,0,0,0,0,0,0,0,0,0,0,0,0,0,0,0,0,0,0,0,0,0,0,0,0,0,0,0,0,0,0,0,0,0,0,0,0,0,0,0,0,0,0,0,0,0,0,0,0,0,0,0,0,0,0,0,0,-0.032278,-0.062059,-0.16893,-0.27039,-0.41559,-0.56078,-0.69245,-0.81061,-0.92876,-1.0288,-1.1107,-1.1926,-1.2457,-1.2699,-1.2942,-1.3025,-1.2949,-1.2872,-1.277,-1.2642,-1.2514,-1.2268,-1.1904,-1.154,-1.139,-1.1456,-1.1522,-1.1483,-1.1339,-1.1195,-1.1091,-1.1026,-1.0961,-1.0788,-1.0506,-1.0224,-1.0094,-1.0115,-1.0136,-1.0037,-0.9818,-0.95991,-0.94168,-0.92709,-0.9125,-0.88723,-0.85125,-0.81527,-0.79494,-0.79027,-0.7856,-0.7805,-0.77495,-0.76941,-0.76241,-0.75397,-0.74553,-0.73576,-0.72468,-0.71359,-0.70145,-0.68828,-0.6751,-0.6601,-0.64329,-0.62648,-0.60643,-0.58314,-0.55985,-0.53243,-0.50088,-0.46933,-0.43393,-0.39466,-0.3554,-0.3135,-0.26895,-0.22441,-0.17884,-0.13227,-0.0857,-0.039991,0.0048566,0.049694,0.091991,0.13176,0.17153,0.20772,0.24036,0.27298,0.30151,0.32596,0.3504,0.37091,0.38751,0.40411,0.41758,0.42792,0.43826,0.44622,0.4518,0.45737,0.46089,0.46235,0.46381,0.46314,0.46036,0.45757,0.45245,0.445,0.43755,0.4276,0.41517,0.40274,0.38786,0.37054,0.35321,0.33376,0.31218,0.29059,0.26756,0.24307,0.21859,0.19371,0.16842,0.14314,0.11866,0.094975,0.071286,0.049458,0.029496,0.0095368,-0.0078725,-0.022733,-0.037594,-0.049695,-0.059035,-0.068375,-0.075183,-0.07946,-0.083737,-0.086006,-0.086269,-0.086531,-0.085344,-0.082708,-0.080072,-0.07659,-0.072264,-0.067937,-0.063476,-0.058888,-0.054299,-0.050337,-0.047004,-0.043668,-0.041702,-0.041113,-0.040527,-0.041888,-0.045201,-0.048515,-0.05408,-0.061898,-0.069715,-0.079793,-0.092133,-0.10447,-0.11866,-0.13468,-0.15071,-0.16772,-0.18571,-0.20369,-0.22156,-0.23931,-0.25705,-0.27344,-0.28847,-0.3035,-0.31599,-0.32595,-0.33589,-0.34248,-0.34572,-0.34895,-0.34858,-0.34463,-0.34067,-0.33347,-0.32303,-0.31259,-0.29993,-0.28505,-0.27017,-0.25431,-0.23746,-0.22061,-0.20368,-0.18665,-0.16962,-0.15303,-0.13688,-0.12073,-0.10528,-0.090526,-0.075775,-0.061875,-0.048827,-0.035778,-0.023712,-0.012626,-0.0015392,0.0083613,0.017075,0.025787,0.032607,0.037537,0.042465,0.044465,0.043534,0.042602,0.037717,0.028876,0.020036,0.013013,0.0078082,0.0014082
0,0,0,0,-0.060889,-0.053692,-0.045176,-0.035338,-0.025499,-0.013624,0.00028359,0.014193,0.022179,0.02424,0.026303,0.020515,0.0068756,-0.0067576,-0.025445,-0.049193,-0.072936,-0.086103,-0.088698,-0.091288,-0.076334,-0.043835,-0.011334,0.039152,0.10765,0.17615,0.24985,0.3288,0.40776,0.47409,0.52774,0.58138,0.61492,0.62834,0.64176,0.63455,0.60672,0.57888,0.54545,0.50644,0.46742,0.4334,0.40435,0.37531,0.35311,0.33775,0.3224,0.31151,0.30509,0.29868,0.29212,0.28541,0.27871,0.27166,0.26426,0.25687,0.25079,0.24603,0.24127,0.23939,0.24038,0.24137,0.24278,0.24462,0.24645,0.24621,0.24388,0.24155,0.2375,0.23174,0.22597,0.22282,0.22228,0.22175,0.22223,0.22371,0.22519,0.22583,0.2256,0.22538,0.22319,0.21903,0.21487,0.20982,0.20387,0.19793,0.19361,0.19091,0.18822,0.1927,0.20438,0.21607,0.23379,0.25756,0.28133,0.30695,0.3344,0.36185,0.38336,0.39894,0.41453,0.4206,0.41717,0.41374,0.40211,0.3823,0.36248,0.33763,0.30774,0.27784,0.24644,0.21353,0.18063,0.14595,0.1095,0.073043,0.032522,-0.012076,-0.056674,-0.10765,-0.16501,-0.22237,-0.28639,-0.35709,-0.4278,-0.50025,-0.57441,-0.64858,-0.71541,-0.7749,-0.83438,-0.8786,-0.90757,-0.93653,-0.95251,-0.95548,-0.95846,-0.95984,-0.95959,-0.95935,-0.96551,-0.97809,-0.99068,-1.0088,-1.0326,-1.0563,-1.0692,-1.0712,-1.0732,-1.0546,-1.0155,-0.97641,-0.89489,-0.77094,-0.64699,-0.50085,-0.33252,-0.16418,-0.00014212,0.15959,0.31932,0.45173,0.55685,0.66192,0.73172,0.76623,0.80073,0.81739,0.81622,0.81506,0.80695,0.79189,0.77683,0.76548,0.75783,0.75017,0.73829,0.72216,0.70604,0.68616,0.66251,0.63886,0.61304,0.58504,0.55704,0.52425,0.48666,0.44908,0.41568,0.38646,0.35724,0.33101,0.30777,0.28452,0.26274,0.24241,0.22207,0.19875,0.17242,0.1461,0.10756,0.056802,0.0060403,-0.065492,-0.1578,-0.2501,-0.35527,-0.4733,-0.59132,-0.70098,-0.80228,-0.90357,-0.96379,-0.98292,-1.002,-0.96519,-0.87236,-0.7795,-0.66511,-0.27146,0,0,0,0,0,0,0,0,0,0,0,0,0,0,0,0,0,0,0,0,0,0,0,0,0,0,0,0,0,0,0,0,0,0,0,0,0,0,0,0,0,0,0,0,0,0,0,0,0,0,0,0,0,0,0,0,0,0,0,0,0,0,0,0,0,0,0,0,0,0,0,0,0,0,0,0,0,0,0,0,0,0,0,0,0,0,0,0,0,0,0,0,0,0,0,0,0,0,0,0,0,0,0,0,0,-0.12848,-0.2262,-0.3751,-0.52399,-0.65697,-0.77402,-0.89105,-0.99197,-1.0768,-1.1616,-1.22,-1.2522,-1.2843,-1.2968,-1.2896,-1.2825,-1.2733,-1.262,-1.2508,-1.2282,-1.1944,-1.1606,-1.1448,-1.147,-1.1493,-1.1444,-1.1325,-1.1206,-1.1107,-1.1028,-1.095,-1.0735,-1.0384,-1.0033,-0.98952,-0.997,-1.0045,-0.99672,-0.9737,-0.95067,-0.93101,-0.91472,-0.89844,-0.87206,-0.83557,-0.79908,-0.77823,-0.773,-0.76778,-0.76217,-0.75617,-0.75017,-0.7428,-0.73406,-0.72532,-0.71541,-0.70434,-0.69328,-0.68135,-0.66856,-0.65578,-0.64137,-0.62534,-0.60931,-0.59021,-0.56805,-0.54588,-0.51972,-0.48957,-0.45942,-0.42551,-0.38782,-0.35013,-0.30981,-0.26683,-0.22385,-0.17974,-0.13453,-0.089307,-0.044814,-0.0010409,0.042739,0.08412,0.12311,0.16211,0.19768,0.22983,0.26198,0.29015,0.31433,0.3385,0.35881,0.37525,0.39169,0.40504,0.4153,0.42556,0.43351,0.43914,0.44478,0.44841,0.45005,0.45168,0.45123,0.44869,0.44615,0.44127,0.43407,0.42686,0.41713,0.40485,0.39258,0.37775,0.36035,0.34296,0.32328,0.30133,0.27937,0.25584,0.23073,0.20563,0.18002,0.15392,0.12782,0.10246,0.077844,0.05323,0.030479,0.0095934,-0.011289,-0.029587,-0.045304,-0.06102,-0.07392,-0.084001,-0.094082,-0.10153,-0.10634,-0.11115,-0.11383,-0.11437,-0.11491,-0.11387,-0.11125,-0.10862,-0.105,-0.10039,-0.095779,-0.090877,-0.085686,-0.080496,-0.075757,-0.07147,-0.067183,-0.064109,-0.062253,-0.060397,-0.060359,-0.062142,-0.063927,-0.067859,-0.07394,-0.08002,-0.088295,-0.098765,-0.10924,-0.12151,-0.1356,-0.1497,-0.16477,-0.18081,-0.19686,-0.21281,-0.22867,-0.24452,-0.2591,-0.27239,-0.28568,-0.29655,-0.30501,-0.31347,-0.31875,-0.32086,-0.32296,-0.32171,-0.3171,-0.3125,-0.30491,-0.29434,-0.28378,-0.27123,-0.25669,-0.24215,-0.22681,-0.21066,-0.19451,-0.1784,-0.16234,-0.14627,-0.13075,-0.11578,-0.10081,-0.086635,-0.073254,-0.059874,-0.047398,-0.035827,-0.024256,-0.013622,-0.0039258,0.0057696,0.014455,0.022127,0.029799,0.035823,0.0402,0.044576,0.046188,0.045036,0.043884,0.038783,0.029731,0.020675,0.013457,0.0080757,0
0,0,0,0,-0.079571,-0.076797,-0.068931,-0.055972,-0.043008,-0.025716,-0.0040956,0.017522,0.031914,0.03908,0.046243,0.045082,0.035597,0.026116,0.011511,-0.0082207,-0.027951,-0.039092,-0.041646,-0.044199,-0.032424,-0.0063164,0.019794,0.061682,0.11935,0.17703,0.24021,0.30888,0.37756,0.43643,0.48548,0.53452,0.56563,0.57883,0.59203,0.5871,0.56403,0.54096,0.51178,0.47649,0.44119,0.40936,0.381,0.35264,0.33026,0.31385,0.29745,0.28504,0.27662,0.2682,0.26054,0.25365,0.24676,0.24121,0.23699,0.23277,0.23146,0.23304,0.23463,0.23809,0.24342,0.24875,0.25175,0.25242,0.25309,0.24981,0.24259,0.23536,0.22689,0.21718,0.20747,0.20189,0.20044,0.19899,0.19911,0.20079,0.20248,0.20467,0.20736,0.21005,0.20993,0.20699,0.20404,0.19885,0.1914,0.18394,0.17789,0.17324,0.16859,0.17318,0.18703,0.20088,0.2211,0.24771,0.27432,0.30174,0.32998,0.35822,0.37788,0.38896,0.40005,0.40112,0.39219,0.38325,0.37029,0.3533,0.33631,0.31699,0.29534,0.27368,0.25048,0.22574,0.201,0.17193,0.13852,0.10512,0.06483,0.01766,-0.029507,-0.084226,-0.1465,-0.20877,-0.27638,-0.34935,-0.42231,-0.4948,-0.56678,-0.63875,-0.7033,-0.76041,-0.81752,-0.85943,-0.88612,-0.91282,-0.92782,-0.93112,-0.93443,-0.93858,-0.94358,-0.94859,-0.9585,-0.97331,-0.98813,-1.0102,-1.0394,-1.0686,-1.0867,-1.0937,-1.1006,-1.0809,-1.0344,-0.98785,-0.9023,-0.77771,-0.65312,-0.50674,-0.33856,-0.1704,-0.0059568,0.15476,0.31543,0.44913,0.55583,0.6625,0.73416,0.77082,0.80747,0.82371,0.81955,0.81539,0.80388,0.78501,0.76614,0.75013,0.73696,0.7238,0.71087,0.69817,0.68548,0.6666,0.64153,0.61646,0.59107,0.56536,0.53966,0.51059,0.47816,0.44573,0.41607,0.38918,0.36227,0.33787,0.31597,0.29406,0.2727,0.25188,0.23105,0.20699,0.17969,0.15238,0.11508,0.067775,0.02047,-0.046853,-0.13418,-0.2215,-0.32172,-0.43484,-0.54797,-0.65363,-0.75181,-0.85,-0.9104,-0.933,-0.95559,-0.927,-0.84721,-0.76739,-0.67054,-0.55669,-0.23382,-0.17343,-0.10407,0,0,0,0,0,0,0,0,0,0,0,0,0,0,0,0,0,0,0,0,0,0,0,0,0,0,0,0,0,0,0,0,0,0,0,0,0,0,0,0,0,0,0,0,0,0,0,0,0,0,0,0,0,0,0,0,0,0,0,0,0,0,0,0,0,0,0,0,0,0,0,0,0,0,0,0,0,0,0,0,0,0,0,0,0,0,0,0,0,0,0,0,0,0,0,0,0,0,0,0,0,0,-0.051393,-0.098365,-0.3197,-0.47218,-0.61062,-0.73498,-0.85934,-0.96612,-1.0553,-1.1444,-1.2094,-1.2503,-1.2912,-1.305,-1.2918,-1.2785,-1.2673,-1.258,-1.2488,-1.2316,-1.2063,-1.181,-1.1616,-1.1479,-1.1342,-1.1254,-1.1215,-1.1177,-1.1112,-1.102,-1.0928,-1.0705,-1.0351,-0.99961,-0.98534,-0.99228,-0.99922,-0.99072,-0.96678,-0.94283,-0.92193,-0.90409,-0.88625,-0.85892,-0.8221,-0.78528,-0.76391,-0.758,-0.7521,-0.74568,-0.73875,-0.73181,-0.72365,-0.71426,-0.70488,-0.69459,-0.68341,-0.67224,-0.66036,-0.64779,-0.63522,-0.62119,-0.60569,-0.59019,-0.57183,-0.5506,-0.52936,-0.50433,-0.47549,-0.44665,-0.41417,-0.37805,-0.34192,-0.3032,-0.26186,-0.22052,-0.17801,-0.13433,-0.090638,-0.04755,-0.0050741,0.037414,0.077672,0.11569,0.15371,0.18846,0.21993,0.25141,0.27901,0.30275,0.32647,0.34638,0.36247,0.37856,0.39159,0.40157,0.41156,0.41929,0.42479,0.43028,0.43386,0.43551,0.43716,0.43679,0.43439,0.43199,0.42729,0.42029,0.4133,0.40376,0.39167,0.37958,0.36484,0.34745,0.33006,0.31026,0.28806,0.26586,0.24198,0.21642,0.19086,0.16471,0.13799,0.11126,0.085227,0.059881,0.034537,0.011069,-0.010521,-0.032109,-0.051088,-0.067462,-0.083838,-0.097398,-0.10814,-0.11889,-0.12696,-0.13235,-0.13774,-0.14086,-0.14172,-0.14257,-0.14166,-0.139,-0.13633,-0.13252,-0.12755,-0.12259,-0.11721,-0.11138,-0.10556,-0.10005,-0.09483,-0.089613,-0.085464,-0.082387,-0.079308,-0.077927,-0.078249,-0.078573,-0.080942,-0.08536,-0.089779,-0.096307,-0.10494,-0.11358,-0.12398,-0.13613,-0.14829,-0.16141,-0.17551,-0.1896,-0.20361,-0.21753,-0.23145,-0.24413,-0.25558,-0.26702,-0.27617,-0.28304,-0.2899,-0.29378,-0.2947,-0.2956,-0.29342,-0.28814,-0.28287,-0.27491,-0.26426,-0.25361,-0.24122,-0.2271,-0.21298,-0.19824,-0.18289,-0.16753,-0.15236,-0.13737,-0.12239,-0.10804,-0.094349,-0.080656,-0.067836,-0.055889,-0.043942,-0.032937,-0.022875,-0.012812,-0.0036321,0.0046634,0.012959,0.020367,0.026889,0.033409,0.038504,0.042174,0.045843,0.047,0.045644,0.044288,0.03964,0.031698,0.023754,0.016485,0.0098927,0.0018006
0,0,0,0,-0.098253,-0.0999,-0.092683,-0.076601,-0.060515,-0.037808,-0.0084766,0.020853,0.041651,0.05392,0.066184,0.069651,0.06432,0.058989,0.048467,0.032746,0.017026,0.0079139,0.005404,0.0028932,0.011492,0.031205,0.050922,0.084209,0.13107,0.17793,0.23057,0.28897,0.34735,0.39876,0.4432,0.48763,0.51634,0.52932,0.54229,0.53964,0.52134,0.50304,0.47811,0.44653,0.41495,0.38533,0.35765,0.32997,0.3074,0.28995,0.27249,0.25856,0.24814,0.23771,0.22897,0.22189,0.21481,0.21076,0.20971,0.20867,0.21212,0.22005,0.22798,0.23679,0.24645,0.25612,0.26071,0.26022,0.25972,0.25341,0.24129,0.22916,0.21627,0.20262,0.18897,0.18096,0.17859,0.17623,0.17599,0.17788,0.17976,0.18351,0.18912,0.19473,0.19667,0.19494,0.19322,0.18788,0.17892,0.16996,0.16218,0.15557,0.14896,0.15366,0.16967,0.18569,0.20841,0.23785,0.26729,0.29652,0.32555,0.35457,0.37239,0.37898,0.38556,0.38164,0.3672,0.35276,0.33846,0.3243,0.31015,0.29636,0.28294,0.26953,0.25453,0.23795,0.22137,0.19791,0.16755,0.1372,0.097148,0.047404,-0.0023447,-0.06081,-0.12799,-0.19517,-0.26637,-0.34161,-0.41684,-0.48936,-0.55915,-0.62893,-0.6912,-0.74594,-0.80067,-0.84025,-0.86467,-0.8891,-0.90313,-0.90676,-0.91039,-0.91733,-0.92758,-0.93783,-0.95148,-0.96853,-0.98557,-1.0115,-1.0462,-1.0809,-1.1043,-1.1162,-1.1281,-1.1071,-1.0532,-0.9993,-0.90972,-0.78448,-0.65927,-0.51265,-0.34461,-0.17661,-0.011781,0.1499,0.31155,0.44653,0.5548,0.66306,0.7366,0.77541,0.81421,0.83004,0.82289,0.81573,0.80082,0.77814,0.75546,0.73478,0.7161,0.69742,0.68345,0.67418,0.66491,0.64704,0.62054,0.59405,0.5691,0.54568,0.52227,0.49693,0.46966,0.44238,0.41646,0.39189,0.36731,0.34473,0.32416,0.30359,0.28266,0.26135,0.24004,0.21525,0.18696,0.15867,0.1226,0.078752,0.034901,-0.028207,-0.11056,-0.19292,-0.28819,-0.39639,-0.50459,-0.60625,-0.70132,-0.79641,-0.857,-0.88307,-0.90914,-0.88881,-0.82207,-0.7553,-0.67601,-0.58421,-0.49242,-0.37211,-0.22328,0,0,0,0,0,0,0,0,0,0,0,0,0,0,0,0,0,0,0,0,0,0,0,0,0,0,0,0,0,0,0,0,0,0,0,0,0,0,0,0,0,0,0,0,0,0,0,0,0,0,0,0,0,0,0,0,0,0,0,0,0,0,0,0,0,0,0,0,0,0,0,0,0,0,0,0,0,0,0,0,0,0,0,0,0,0,0,0,0,0,0,0,0,0,0,0,0,0,0,0,0,0,0,0,-0.146,-0.22315,-0.56426,-0.69594,-0.82763,-0.94025,-1.0338,-1.1273,-1.1988,-1.2484,-1.298,-1.3132,-1.2939,-1.2746,-1.2613,-1.2541,-1.2468,-1.2349,-1.2182,-1.2015,-1.1783,-1.1487,-1.1191,-1.1064,-1.1106,-1.1148,-1.1116,-1.1011,-1.0907,-1.0675,-1.0317,-0.99589,-0.98117,-0.98755,-0.99394,-0.98471,-0.95985,-0.93499,-0.91286,-0.89346,-0.87406,-0.84579,-0.80863,-0.77148,-0.7496,-0.74301,-0.73643,-0.7292,-0.72133,-0.71346,-0.7045,-0.69447,-0.68444,-0.67377,-0.66248,-0.6512,-0.63937,-0.62702,-0.61467,-0.601,-0.58604,-0.57107,-0.55344,-0.53314,-0.51284,-0.48893,-0.4614,-0.43387,-0.40283,-0.36827,-0.33371,-0.29659,-0.25689,-0.21719,-0.17626,-0.13412,-0.091976,-0.050299,-0.0091088,0.032088,0.071221,0.10827,0.14531,0.17924,0.21004,0.24084,0.26788,0.29116,0.31444,0.33396,0.3497,0.36543,0.37815,0.38785,0.39755,0.40508,0.41043,0.41578,0.41929,0.42096,0.42263,0.42234,0.42008,0.41782,0.4133,0.40651,0.39973,0.39038,0.37848,0.36657,0.35193,0.33454,0.31716,0.29724,0.27479,0.25234,0.22811,0.2021,0.17609,0.14941,0.12206,0.094708,0.067994,0.041923,0.015846,-0.0083413,-0.030635,-0.052927,-0.072589,-0.089621,-0.10665,-0.12088,-0.13228,-0.14369,-0.15238,-0.15836,-0.16433,-0.1679,-0.16906,-0.17023,-0.16945,-0.16675,-0.16404,-0.16003,-0.15472,-0.14941,-0.14353,-0.13708,-0.13063,-0.12433,-0.11819,-0.11204,-0.10682,-0.10252,-0.098216,-0.095496,-0.094357,-0.093217,-0.094024,-0.09678,-0.099537,-0.10432,-0.11112,-0.11793,-0.12644,-0.13666,-0.14688,-0.15806,-0.1702,-0.18233,-0.1944,-0.20639,-0.21837,-0.22916,-0.23876,-0.24836,-0.25579,-0.26106,-0.26632,-0.26881,-0.26853,-0.26825,-0.26513,-0.25919,-0.25324,-0.2449,-0.23417,-0.22343,-0.21121,-0.19751,-0.18381,-0.16967,-0.15512,-0.14056,-0.12632,-0.11241,-0.098499,-0.085334,-0.072917,-0.060501,-0.049037,-0.038524,-0.028011,-0.018477,-0.0099226,-0.0013682,0.0063568,0.013252,0.020148,0.026281,0.03165,0.037019,0.041185,0.044148,0.047111,0.047813,0.046253,0.044692,0.040496,0.033665,0.026833,0.019514,0.011709,0.0039041
0,0,0,0,-0.12452,-0.12673,-0.11728,-0.096171,-0.075059,-0.046719,-0.011141,0.02444,0.05161,0.07037,0.089129,0.097962,0.096869,0.095775,0.089206,0.077155,0.065103,0.057478,0.054274,0.05107,0.056119,0.069421,0.082725,0.10674,0.14147,0.1762,0.21675,0.2631,0.30943,0.35199,0.39077,0.42953,0.45577,0.4695,0.48321,0.48334,0.46987,0.4564,0.43534,0.40669,0.37805,0.35039,0.32371,0.29704,0.2743,0.25551,0.23672,0.2211,0.20865,0.1962,0.18672,0.18019,0.17368,0.17234,0.17618,0.18002,0.18927,0.20392,0.21857,0.23229,0.24508,0.25786,0.26322,0.26113,0.25905,0.24953,0.23259,0.21564,0.19919,0.18322,0.16725,0.15807,0.15567,0.15327,0.15408,0.15809,0.1621,0.16787,0.1754,0.18292,0.18621,0.18527,0.18432,0.17854,0.16791,0.15728,0.14747,0.13848,0.12948,0.13273,0.14822,0.1637,0.18679,0.21749,0.24819,0.27833,0.30788,0.33742,0.35435,0.35866,0.36296,0.3567,0.33986,0.32303,0.30869,0.29684,0.285,0.27626,0.27063,0.265,0.25776,0.2489,0.24005,0.22181,0.19419,0.16657,0.12617,0.073025,0.019866,-0.042915,-0.11533,-0.18776,-0.26329,-0.34191,-0.42053,-0.49419,-0.56288,-0.63159,-0.69087,-0.74074,-0.79061,-0.82669,-0.84898,-0.87126,-0.88449,-0.88867,-0.89284,-0.90029,-0.91103,-0.92177,-0.93603,-0.95382,-0.9716,-0.99793,-1.0328,-1.0677,-1.0939,-1.1114,-1.1289,-1.1122,-1.0612,-1.0102,-0.92356,-0.80139,-0.6792,-0.53382,-0.36523,-0.19664,-0.030222,0.13408,0.29841,0.4367,0.54896,0.6612,0.73844,0.78069,0.82295,0.83953,0.83046,0.82138,0.80329,0.77617,0.74905,0.72368,0.70005,0.67643,0.65974,0.65001,0.64027,0.62285,0.59774,0.57263,0.54949,0.52834,0.50718,0.48489,0.46147,0.43806,0.41526,0.39306,0.37087,0.35021,0.33109,0.31196,0.29157,0.26992,0.24826,0.22326,0.19491,0.16656,0.13119,0.088821,0.046445,-0.012968,-0.089423,-0.16589,-0.25535,-0.35779,-0.46022,-0.55772,-0.65027,-0.7428,-0.80515,-0.8373,-0.86944,-0.86014,-0.80938,-0.7586,-0.69313,-0.61299,-0.53286,-0.41069,-0.24642,0,0,0,0,0,0,0,0,0,0,0,0,0,0,0,0,0,0,0,0,0,0,0,0,0,0,0,0,0,0,0,0,0,0,0,0,0,0,0,0,0,0,0,0,0,0,0,0,0,0,0,0,0,0,0,0,0,0,0,0,0,0,0,0,0,0,0,0,0,0,0,0,0,0,0,0,0,0,0,0,0,0,0,0,0,0,0,0,0,0,0,0,0,0,0,0,0,0,0,0,0,0,0,0,0,0,-0.50804,-0.64008,-0.7721,-0.88795,-0.98761,-1.0873,-1.1665,-1.2253,-1.2841,-1.3073,-1.2948,-1.2823,-1.2706,-1.2594,-1.2483,-1.2361,-1.2229,-1.2096,-1.1859,-1.1516,-1.1174,-1.1011,-1.1027,-1.1043,-1.0991,-1.0872,-1.0752,-1.0537,-1.0225,-0.99137,-0.97567,-0.97545,-0.97523,-0.96514,-0.94518,-0.92522,-0.90499,-0.8845,-0.86401,-0.83498,-0.79739,-0.7598,-0.73724,-0.72972,-0.7222,-0.71395,-0.70497,-0.69598,-0.68609,-0.67528,-0.66447,-0.65331,-0.64179,-0.63027,-0.61837,-0.6061,-0.59382,-0.58037,-0.56574,-0.55112,-0.53403,-0.51448,-0.49492,-0.47196,-0.44558,-0.41921,-0.38946,-0.35635,-0.32323,-0.28762,-0.24951,-0.2114,-0.17206,-0.13152,-0.090978,-0.050824,-0.011048,0.028725,0.066567,0.10247,0.13838,0.17128,0.20117,0.23106,0.25729,0.27986,0.30243,0.32131,0.33651,0.35171,0.36393,0.37319,0.38244,0.38958,0.3946,0.39962,0.40289,0.4044,0.4059,0.40551,0.40323,0.40096,0.39646,0.38975,0.38304,0.37379,0.36199,0.3502,0.33562,0.31828,0.30093,0.28098,0.25843,0.23587,0.21148,0.18523,0.15898,0.132,0.10428,0.07655,0.049412,0.022858,-0.0037004,-0.028382,-0.051184,-0.073983,-0.094152,-0.11169,-0.12923,-0.14396,-0.15589,-0.16782,-0.17699,-0.1834,-0.18982,-0.19371,-0.19507,-0.19643,-0.19572,-0.19292,-0.19011,-0.18587,-0.18019,-0.17451,-0.16812,-0.16104,-0.15395,-0.14688,-0.13985,-0.13281,-0.12657,-0.12111,-0.11566,-0.11166,-0.10912,-0.10658,-0.10589,-0.10705,-0.10821,-0.11131,-0.11636,-0.1214,-0.12808,-0.1364,-0.14473,-0.15398,-0.16417,-0.17435,-0.18446,-0.1945,-0.20454,-0.21343,-0.22117,-0.22892,-0.23462,-0.23827,-0.24192,-0.243,-0.24151,-0.24002,-0.23596,-0.22934,-0.22272,-0.21402,-0.20324,-0.19246,-0.18047,-0.16728,-0.15408,-0.14066,-0.12702,-0.11337,-0.10018,-0.087453,-0.074726,-0.062837,-0.051788,-0.04074,-0.03069,-0.021639,-0.012589,-0.0045203,0.0025677,0.0096562,0.015967,0.021501,0.027034,0.031904,0.036109,0.040314,0.0435,0.045665,0.047831,0.048107,0.046494,0.04488,0.04116,0.035333,0.029506,0.022161,0.013298,0.0044347
0,0,0,0,-0.15836,-0.15728,-0.14272,-0.11468,-0.086648,-0.052451,-0.012084,0.028283,0.061785,0.088431,0.11508,0.13001,0.13324,0.13647,0.13372,0.125,0.11628,0.1096,0.10497,0.10034,0.10146,0.10833,0.11521,0.12928,0.15057,0.17185,0.19877,0.2313,0.26382,0.29612,0.32819,0.36024,0.38397,0.39938,0.41479,0.4182,0.40962,0.40102,0.38348,0.35698,0.33048,0.30455,0.2792,0.25384,0.23096,0.21054,0.19013,0.17267,0.15816,0.14366,0.1338,0.12858,0.12336,0.12596,0.13638,0.1468,0.16289,0.18464,0.20638,0.2246,0.23929,0.25398,0.25927,0.25517,0.25107,0.23817,0.21649,0.19481,0.17564,0.15899,0.14233,0.13322,0.13166,0.13011,0.13336,0.14143,0.14949,0.15774,0.16618,0.17462,0.17854,0.17795,0.17736,0.17084,0.15838,0.14591,0.13378,0.12197,0.11017,0.1104,0.12267,0.13494,0.15627,0.18666,0.21705,0.24716,0.27697,0.30677,0.32379,0.32802,0.33224,0.32629,0.31018,0.29406,0.28098,0.27092,0.26086,0.25669,0.25839,0.2601,0.26016,0.25859,0.25702,0.24363,0.21843,0.19321,0.15192,0.094527,0.037128,-0.030566,-0.10856,-0.18656,-0.26713,-0.35025,-0.43338,-0.5093,-0.578,-0.6467,-0.70231,-0.74483,-0.78734,-0.81874,-0.83903,-0.8593,-0.87191,-0.87684,-0.88177,-0.88747,-0.89394,-0.9004,-0.91215,-0.92919,-0.94622,-0.96955,-0.99918,-1.0288,-1.0555,-1.0794,-1.1032,-1.0962,-1.0583,-1.0204,-0.94378,-0.82834,-0.71291,-0.57026,-0.40036,-0.2305,-0.061262,0.10737,0.27601,0.41965,0.53829,0.65691,0.73971,0.78669,0.83366,0.85218,0.84226,0.83234,0.81128,0.7791,0.74692,0.71683,0.68882,0.66081,0.63976,0.62566,0.61156,0.59405,0.57312,0.55219,0.53226,0.51332,0.49438,0.47448,0.45362,0.43276,0.41246,0.39271,0.37296,0.35431,0.33673,0.31915,0.29944,0.27758,0.25572,0.23104,0.20355,0.17605,0.14086,0.097986,0.055106,-0.001142,-0.070778,-0.14043,-0.2232,-0.31906,-0.4149,-0.50811,-0.59867,-0.68921,-0.75487,-0.79568,-0.83647,-0.84095,-0.80912,-0.77727,-0.7219,-0.64304,-0.56419,-0.43733,-0.26242,0,0,0,0,0,0,0,0,0,0,0,0,0,0,0,0,0,0,0,0,0,0,0,0,0,0,0,0,0,0,0,0,0,0,0,0,0,0,0,0,0,0,0,0,0,0,0,0,0,0,0,0,0,0,0,0,0,0,0,0,0,0,0,0,0,0,0,0,0,0,0,0,0,0,0,0,0,0,0,0,0,0,0,0,0,0,0,0,0,0,0,0,0,0,0,0,0,0,0,0,0,0,0,0,0,0,-0.44201,-0.56738,-0.69274,-0.80925,-0.9169,-1.0245,-1.1126,-1.1811,-1.2495,-1.2873,-1.2946,-1.3018,-1.295,-1.2741,-1.2533,-1.2354,-1.2204,-1.2054,-1.1842,-1.1567,-1.1292,-1.1096,-1.0979,-1.0861,-1.0735,-1.0601,-1.0466,-1.0291,-1.0076,-0.98604,-0.96884,-0.95597,-0.94309,-0.93203,-0.92277,-0.91352,-0.89834,-0.87722,-0.85611,-0.8265,-0.78837,-0.75024,-0.72683,-0.71812,-0.70942,-0.69994,-0.68966,-0.67939,-0.6684,-0.65669,-0.64497,-0.63319,-0.62132,-0.60946,-0.59736,-0.58502,-0.57268,-0.55928,-0.54481,-0.53035,-0.51361,-0.49461,-0.4756,-0.45341,-0.42803,-0.40264,-0.37405,-0.34226,-0.31047,-0.27629,-0.23971,-0.20313,-0.1654,-0.12652,-0.087645,-0.049108,-0.010889,0.027321,0.06372,0.098325,0.13293,0.1646,0.19334,0.22208,0.24724,0.26884,0.29044,0.30847,0.32293,0.33738,0.34893,0.35758,0.36621,0.37279,0.3773,0.38181,0.38465,0.3858,0.38696,0.38631,0.38384,0.38138,0.37676,0.37,0.36324,0.35397,0.34221,0.33045,0.31593,0.29865,0.28137,0.26148,0.23897,0.21646,0.19207,0.1658,0.13954,0.11248,0.084635,0.056792,0.029478,0.0026896,-0.024103,-0.049057,-0.07217,-0.095278,-0.11578,-0.13367,-0.15157,-0.16666,-0.17896,-0.19127,-0.20078,-0.20749,-0.2142,-0.21829,-0.21974,-0.2212,-0.22045,-0.21751,-0.21456,-0.21005,-0.20398,-0.1979,-0.19099,-0.18325,-0.17551,-0.1677,-0.15981,-0.15191,-0.1447,-0.13816,-0.13163,-0.12642,-0.12255,-0.11867,-0.11655,-0.11618,-0.11581,-0.11729,-0.12064,-0.12398,-0.12889,-0.13535,-0.14182,-0.14917,-0.15741,-0.16565,-0.1738,-0.18188,-0.18996,-0.19694,-0.20281,-0.20869,-0.21264,-0.21467,-0.2167,-0.21635,-0.21364,-0.21092,-0.20591,-0.19861,-0.19131,-0.18227,-0.17147,-0.16068,-0.14899,-0.1364,-0.12381,-0.1112,-0.098579,-0.085953,-0.073926,-0.062497,-0.051067,-0.040554,-0.03096,-0.021367,-0.012792,-0.0052336,0.0023234,0.0089343,0.014599,0.020263,0.025201,0.029411,0.033621,0.03724,0.040268,0.043296,0.045448,0.046725,0.048002,0.047883,0.046368,0.044854,0.041632,0.036703,0.031775,0.024426,0.014657,0.0048885
0,0,0,0,-0.19221,-0.18783,-0.16815,-0.1332,-0.098241,-0.05818,-0.013022,0.032126,0.071963,0.1065,0.14103,0.16207,0.16962,0.17717,0.17825,0.17284,0.16744,0.16171,0.15565,0.1496,0.1468,0.14724,0.14768,0.15182,0.15966,0.16751,0.18079,0.1995,0.21821,0.24024,0.26559,0.29094,0.31217,0.32927,0.34637,0.35307,0.34936,0.34564,0.33161,0.30726,0.28291,0.25871,0.23468,0.21064,0.18761,0.16557,0.14353,0.12423,0.10767,0.091119,0.080878,0.076958,0.073038,0.079578,0.096584,0.11359,0.13651,0.16535,0.19419,0.21691,0.2335,0.25008,0.25532,0.2492,0.24308,0.22681,0.2004,0.17398,0.1521,0.13475,0.11741,0.10838,0.10766,0.10695,0.11265,0.12477,0.13689,0.14762,0.15697,0.16631,0.17087,0.17064,0.1704,0.16314,0.14884,0.13454,0.12008,0.10547,0.090863,0.088082,0.097133,0.10619,0.12575,0.15584,0.18592,0.21599,0.24606,0.27611,0.29322,0.29737,0.30152,0.29589,0.28049,0.2651,0.25326,0.245,0.23673,0.23712,0.24616,0.2552,0.26257,0.26828,0.27398,0.26544,0.24265,0.21985,0.17764,0.11602,0.054391,-0.018226,-0.10181,-0.18539,-0.27097,-0.3586,-0.44624,-0.52441,-0.59312,-0.66182,-0.71375,-0.74893,-0.78408,-0.8108,-0.82908,-0.84735,-0.85933,-0.86501,-0.8707,-0.87464,-0.87684,-0.87903,-0.88828,-0.90456,-0.92084,-0.94117,-0.96556,-0.98995,-1.0172,-1.0473,-1.0774,-1.0801,-1.0554,-1.0307,-0.96401,-0.85532,-0.74664,-0.60671,-0.43551,-0.26433,-0.092288,0.080649,0.25358,0.40257,0.5276,0.65261,0.74097,0.79268,0.84437,0.86483,0.85406,0.84329,0.81928,0.78204,0.7448,0.70998,0.67759,0.6452,0.61977,0.60131,0.58285,0.56524,0.5485,0.53175,0.51502,0.4983,0.48157,0.46406,0.44576,0.42746,0.40966,0.39236,0.37506,0.3584,0.34238,0.32635,0.30731,0.28524,0.26317,0.23882,0.21219,0.18554,0.15053,0.10715,0.063779,0.010684,-0.052151,-0.11498,-0.19104,-0.28033,-0.36959,-0.4585,-0.54705,-0.63562,-0.70462,-0.75407,-0.8035,-0.82178,-0.80887,-0.79594,-0.75069,-0.6731,-0.59551,-0.46395,-0.27839,0,0,0,0,0,0,0,0,0,0,0,0,0,0,0,0,0,0,0,0,0,0,0,0,0,0,0,0,0,0,0,0,0,0,0,0,0,0,0,0,0,0,0,0,0,0,0,0,0,0,0,0,0,0,0,0,0,0,0,0,0,0,0,0,0,0,0,0,0,0,0,0,0,0,0,0,0,0,0,0,0,0,0,0,0,0,0,0,0,0,0,0,0,0,0,0,0,0,0,0,0,0,0,0,0,0,-0.2045,-0.4947,-0.61338,-0.73055,-0.84619,-0.9618,-1.0587,-1.1368,-1.2149,-1.2674,-1.2943,-1.3213,-1.3194,-1.2888,-1.2582,-1.2346,-1.2179,-1.2012,-1.1825,-1.1618,-1.141,-1.1181,-1.0931,-1.068,-1.048,-1.033,-1.0179,-1.0045,-0.9926,-0.98072,-0.96202,-0.93649,-0.91096,-0.89891,-0.90037,-0.90182,-0.89168,-0.86995,-0.84821,-0.81802,-0.77935,-0.74069,-0.71641,-0.70653,-0.69665,-0.68592,-0.67436,-0.6628,-0.65071,-0.63809,-0.62548,-0.61307,-0.60086,-0.58865,-0.57635,-0.56394,-0.55154,-0.53818,-0.52388,-0.50957,-0.49319,-0.47474,-0.45628,-0.43486,-0.41047,-0.38607,-0.35864,-0.32818,-0.29771,-0.26496,-0.22991,-0.19487,-0.15874,-0.12153,-0.084308,-0.047384,-0.010737,0.025911,0.060876,0.094176,0.12747,0.15791,0.1855,0.21309,0.2372,0.25783,0.27845,0.29563,0.30935,0.32306,0.33394,0.34197,0.34999,0.356,0.36,0.364,0.3664,0.36721,0.36802,0.3671,0.36445,0.3618,0.35707,0.35025,0.34343,0.33416,0.32243,0.31071,0.29624,0.27902,0.26181,0.24197,0.21951,0.19704,0.17266,0.14638,0.12009,0.092962,0.064996,0.037032,0.0095414,-0.017479,-0.044505,-0.06973,-0.093152,-0.11657,-0.13741,-0.15566,-0.1739,-0.18936,-0.20204,-0.21472,-0.22456,-0.23157,-0.23859,-0.24286,-0.24441,-0.24595,-0.24518,-0.2421,-0.23901,-0.23422,-0.22776,-0.22129,-0.21386,-0.20546,-0.19707,-0.18851,-0.17976,-0.17102,-0.16283,-0.15522,-0.1476,-0.14119,-0.13597,-0.13076,-0.1272,-0.1253,-0.1234,-0.12327,-0.12492,-0.12657,-0.12969,-0.13431,-0.13892,-0.14436,-0.15065,-0.15694,-0.16314,-0.16926,-0.17538,-0.18044,-0.18445,-0.18845,-0.19066,-0.19107,-0.19147,-0.1897,-0.18577,-0.18183,-0.17586,-0.16788,-0.1599,-0.15051,-0.1397,-0.1289,-0.1175,-0.10552,-0.093538,-0.081745,-0.070141,-0.058539,-0.047672,-0.03754,-0.027407,-0.018272,-0.010133,-0.0019949,0.0051064,0.011171,0.017235,0.022388,0.026629,0.03087,0.034434,0.03732,0.040207,0.042576,0.044427,0.046278,0.047397,0.047785,0.048173,0.047659,0.046243,0.044826,0.042103,0.038073,0.034043,0.026692,0.016016,0.0053416
0,0,0,0,-0.22305,-0.21784,-0.19491,-0.15425,-0.11358,-0.0659,-0.011199,0.0435,0.091836,0.13382,0.1758,0.20257,0.21414,0.22572,0.22934,0.225,0.22066,0.21387,0.20462,0.19536,0.18753,0.1811,0.17467,0.16979,0.16645,0.16311,0.16466,0.1711,0.17753,0.18971,0.20763,0.22555,0.2429,0.25969,0.27646,0.28506,0.28549,0.28591,0.27508,0.25299,0.23089,0.20675,0.18055,0.15435,0.12863,0.10339,0.078156,0.056727,0.039119,0.021514,0.013313,0.014519,0.015729,0.028025,0.051408,0.074791,0.10336,0.13711,0.17086,0.19653,0.21413,0.23174,0.23679,0.22928,0.22177,0.2047,0.17807,0.15144,0.13053,0.11536,0.10019,0.093249,0.094532,0.095817,0.10278,0.11543,0.12808,0.13857,0.1469,0.15523,0.15897,0.15812,0.15726,0.15028,0.13717,0.12405,0.11054,0.09662,0.082705,0.079006,0.085532,0.092061,0.10854,0.13499,0.16143,0.18797,0.2146,0.24122,0.25643,0.26022,0.264,0.25937,0.24634,0.2333,0.22478,0.22078,0.21678,0.22199,0.23639,0.2508,0.2633,0.2739,0.2845,0.27966,0.25939,0.23911,0.19736,0.13417,0.07098,-0.0044606,-0.092153,-0.17984,-0.26876,-0.35893,-0.44911,-0.52953,-0.60019,-0.67084,-0.72235,-0.7547,-0.78705,-0.81055,-0.82518,-0.83981,-0.84745,-0.84808,-0.84872,-0.84868,-0.84797,-0.84726,-0.85486,-0.87077,-0.88669,-0.90627,-0.92954,-0.95281,-0.98105,-1.0143,-1.0475,-1.0575,-1.0442,-1.031,-0.97509,-0.87661,-0.77813,-0.64441,-0.47546,-0.3065,-0.13459,0.040339,0.21527,0.36882,0.50099,0.6331,0.72827,0.78651,0.84471,0.86951,0.86091,0.8523,0.82803,0.7881,0.74817,0.70979,0.67295,0.63612,0.60643,0.58387,0.56131,0.5426,0.52775,0.5129,0.49813,0.48342,0.46872,0.45338,0.4374,0.42141,0.40574,0.39038,0.37503,0.36001,0.34533,0.33065,0.31287,0.292,0.27113,0.24765,0.22155,0.19545,0.16096,0.1181,0.075241,0.024668,-0.03363,-0.091917,-0.16247,-0.24529,-0.32809,-0.4131,-0.50032,-0.58756,-0.6599,-0.71732,-0.77474,-0.80357,-0.8038,-0.80401,-0.76653,-0.69134,-0.61613,-0.48215,-0.28931,0,0,0,0,0,0,0,0,0,0,0,0,0,0,0,0,0,0,0,0,0,0,0,0,0,0,0,0,0,0,0,0,0,0,0,0,0,0,0,0,0,0,0,0,0,0,0,0,0,0,0,0,0,0,0,0,0,0,0,0,0,0,0,0,0,0,0,0,0,0,0,0,0,0,0,0,0,0,0,0,0,0,0,0,0,0,0,0,0,0,0,0,0,0,0,0,0,0,0,0,0,0,0,0,0,0,0,-0.22919,-0.53791,-0.65534,-0.77767,-0.89999,-1.0048,-1.0921,-1.1794,-1.2434,-1.284,-1.3245,-1.331,-1.3033,-1.2756,-1.2497,-1.2257,-1.2017,-1.1804,-1.1617,-1.143,-1.1199,-1.0923,-1.0647,-1.0426,-1.0259,-1.0092,-0.99668,-0.98836,-0.98005,-0.9595,-0.92669,-0.89388,-0.88079,-0.88741,-0.89403,-0.88644,-0.86462,-0.84279,-0.81222,-0.77288,-0.73354,-0.70822,-0.69693,-0.68563,-0.67355,-0.66069,-0.64783,-0.63461,-0.62105,-0.60748,-0.59431,-0.58151,-0.56872,-0.55601,-0.54338,-0.53074,-0.51731,-0.50307,-0.48884,-0.4727,-0.45466,-0.43663,-0.41582,-0.39224,-0.36866,-0.34222,-0.31291,-0.28359,-0.25211,-0.21847,-0.18482,-0.15019,-0.11459,-0.07898,-0.043649,-0.0086006,0.026449,0.05991,0.091781,0.12365,0.15271,0.17895,0.20519,0.22802,0.24744,0.26686,0.28297,0.29576,0.30855,0.31859,0.32587,0.33314,0.33845,0.34179,0.34513,0.34695,0.34723,0.34752,0.34616,0.34315,0.34013,0.3351,0.32805,0.32099,0.31155,0.29972,0.28788,0.27337,0.25618,0.23899,0.21922,0.19687,0.17452,0.15027,0.12413,0.097983,0.071,0.043185,0.01537,-0.012,-0.038923,-0.065852,-0.091047,-0.11451,-0.13797,-0.1589,-0.17731,-0.19571,-0.21134,-0.22419,-0.23705,-0.24704,-0.25417,-0.26129,-0.26562,-0.26714,-0.26867,-0.2678,-0.26454,-0.26127,-0.25621,-0.24936,-0.24251,-0.23457,-0.22555,-0.21653,-0.20722,-0.19763,-0.18803,-0.17891,-0.17024,-0.16157,-0.154,-0.14752,-0.14104,-0.13612,-0.13277,-0.12942,-0.12776,-0.12779,-0.12783,-0.12926,-0.13209,-0.13492,-0.13852,-0.14289,-0.14726,-0.15154,-0.15571,-0.15988,-0.16305,-0.16522,-0.16738,-0.16788,-0.1667,-0.16553,-0.16239,-0.15728,-0.15218,-0.14533,-0.13674,-0.12815,-0.11848,-0.10774,-0.096992,-0.085966,-0.074662,-0.06336,-0.052465,-0.041978,-0.031493,-0.021881,-0.013143,-0.004404,0.0032757,0.009895,0.016514,0.022109,0.026678,0.031248,0.034977,0.037865,0.040752,0.043039,0.044726,0.046412,0.047641,0.048412,0.049183,0.049371,0.048975,0.048578,0.047586,0.045997,0.044408,0.041866,0.038372,0.034876,0.027609,0.016568,0.0055252
0,0,0,0,-0.25088,-0.24733,-0.22299,-0.17785,-0.13269,-0.075612,-0.0066141,0.062391,0.12139,0.17039,0.21938,0.25152,0.26681,0.28211,0.287,0.28149,0.27597,0.2661,0.25186,0.23763,0.22365,0.20991,0.19617,0.18318,0.17092,0.15867,0.1504,0.1461,0.1418,0.14453,0.1543,0.16408,0.17619,0.19061,0.20505,0.21419,0.21801,0.22183,0.21388,0.19416,0.17444,0.14865,0.11681,0.084971,0.054045,0.024034,-0.0059795,-0.029816,-0.047479,-0.06514,-0.06889,-0.058732,-0.04856,-0.028699,0.00085135,0.030418,0.063437,0.099904,0.13637,0.16347,0.18121,0.19895,0.20369,0.19541,0.18714,0.17184,0.14951,0.12717,0.11094,0.10081,0.090676,0.087828,0.092264,0.096702,0.10375,0.1134,0.12305,0.13058,0.13597,0.14137,0.14284,0.14039,0.13794,0.13226,0.12336,0.11446,0.10514,0.095415,0.08569,0.083172,0.087866,0.09256,0.10464,0.12411,0.14359,0.16308,0.18261,0.20212,0.21344,0.21657,0.2197,0.21675,0.20771,0.19868,0.19553,0.19828,0.20102,0.2113,0.2291,0.2469,0.26236,0.27546,0.28857,0.28629,0.26863,0.25097,0.21109,0.14899,0.086893,0.010695,-0.079611,-0.16993,-0.26047,-0.35123,-0.44202,-0.52468,-0.59921,-0.67375,-0.72807,-0.76216,-0.79625,-0.81797,-0.82733,-0.83668,-0.83625,-0.82605,-0.81584,-0.8096,-0.80734,-0.80508,-0.81192,-0.82783,-0.84375,-0.86484,-0.8911,-0.91736,-0.94707,-0.98025,-1.0134,-1.0283,-1.0247,-1.0212,-0.97702,-0.8922,-0.80737,-0.68337,-0.52017,-0.35699,-0.18811,-0.01348,0.16114,0.31844,0.45842,0.59839,0.70163,0.76816,0.83468,0.86623,0.86279,0.85936,0.83753,0.79728,0.75704,0.71626,0.67492,0.63358,0.59972,0.57334,0.54695,0.52613,0.51088,0.49563,0.48157,0.4687,0.45582,0.44243,0.42852,0.41461,0.4007,0.38678,0.37286,0.35913,0.34559,0.33205,0.31614,0.29786,0.27959,0.25751,0.23164,0.20577,0.17217,0.13083,0.08949,0.040817,-0.015209,-0.071234,-0.13747,-0.21394,-0.29039,-0.37191,-0.45847,-0.54504,-0.62069,-0.68543,-0.75017,-0.78633,-0.79392,-0.80149,-0.76944,-0.69775,-0.62607,-0.4919,-0.29519,0,0,0,0,0,0,0,0,0,0,0,0,0,0,0,0,0,0,0,0,0,0,0,0,0,0,0,0,0,0,0,0,0,0,0,0,0,0,0,0,0,0,0,0,0,0,0,0,0,0,0,0,0,0,0,0,0,0,0,0,0,0,0,0,0,0,0,0,0,0,0,0,0,0,0,0,0,0,0,0,0,0,0,0,0,0,0,0,0,0,0,0,0,0,0,0,0,0,0,0,0,0,0,0,0,0,0,0,-0.46634,-0.58361,-0.71135,-0.83909,-0.95102,-1.0471,-1.1432,-1.2154,-1.2635,-1.3117,-1.3297,-1.3175,-1.3054,-1.2808,-1.2439,-1.2069,-1.1778,-1.1565,-1.1352,-1.1149,-1.0956,-1.0762,-1.0573,-1.0388,-1.0203,-1.0057,-0.99485,-0.98402,-0.96126,-0.92656,-0.89186,-0.87764,-0.88389,-0.89015,-0.8826,-0.86123,-0.83985,-0.8091,-0.76895,-0.7288,-0.70226,-0.68932,-0.67638,-0.66282,-0.64864,-0.63446,-0.6201,-0.60554,-0.59099,-0.5769,-0.56329,-0.54968,-0.53635,-0.52332,-0.51029,-0.49665,-0.4824,-0.46815,-0.45214,-0.43439,-0.41663,-0.39628,-0.37335,-0.35041,-0.32478,-0.29644,-0.26811,-0.23776,-0.20539,-0.17301,-0.13978,-0.10571,-0.071653,-0.037906,-0.0044818,0.028939,0.060817,0.091145,0.12147,0.14898,0.17367,0.19836,0.2197,0.23768,0.25566,0.27049,0.28217,0.29385,0.30289,0.30928,0.31568,0.32014,0.32268,0.32521,0.32628,0.32587,0.32546,0.32348,0.31993,0.31637,0.31086,0.30339,0.29593,0.28616,0.27407,0.26198,0.24733,0.23012,0.21291,0.19322,0.17106,0.1489,0.1249,0.099061,0.073223,0.0466,0.0192,-0.0081979,-0.035147,-0.061643,-0.088139,-0.113,-0.13624,-0.15946,-0.18026,-0.19862,-0.21699,-0.23259,-0.24543,-0.25827,-0.26821,-0.27526,-0.28232,-0.28654,-0.28794,-0.28934,-0.2883,-0.28483,-0.28136,-0.27601,-0.26879,-0.26157,-0.25314,-0.2435,-0.23386,-0.22383,-0.2134,-0.20297,-0.19291,-0.18323,-0.17355,-0.16487,-0.15719,-0.1495,-0.1433,-0.13858,-0.13386,-0.13075,-0.12926,-0.12776,-0.12758,-0.1287,-0.12982,-0.13163,-0.13412,-0.13662,-0.13899,-0.14123,-0.14348,-0.14477,-0.14512,-0.14547,-0.14429,-0.14158,-0.13886,-0.1344,-0.12819,-0.12198,-0.11431,-0.10518,-0.096054,-0.086187,-0.075575,-0.064962,-0.054378,-0.043826,-0.033277,-0.023366,-0.01409,-0.0048151,0.0034473,0.010696,0.017945,0.024088,0.029123,0.034159,0.038215,0.041289,0.044362,0.046701,0.048306,0.04991,0.051017,0.051626,0.052236,0.052436,0.052224,0.052013,0.051369,0.050293,0.049218,0.047664,0.045632,0.043599,0.040921,0.037598,0.034273,0.027178,0.01631,0.0054394
0,0,0,0,-0.27872,-0.27683,-0.25107,-0.20143,-0.15179,-0.08532,-0.0020166,0.08129,0.15095,0.20696,0.26297,0.30047,0.31949,0.3385,0.34467,0.33797,0.33127,0.31832,0.29911,0.2799,0.25976,0.23872,0.21767,0.19657,0.17541,0.15424,0.13613,0.1211,0.10607,0.099359,0.10098,0.10261,0.10947,0.12156,0.13365,0.14331,0.15053,0.15776,0.1527,0.13534,0.11798,0.090556,0.053075,0.01559,-0.020543,-0.055326,-0.090108,-0.11636,-0.13407,-0.15178,-0.15108,-0.13197,-0.11285,-0.085425,-0.04969,-0.013944,0.023524,0.062711,0.10189,0.13042,0.14829,0.16615,0.17058,0.16154,0.15251,0.13898,0.12095,0.10291,0.091352,0.086256,0.081162,0.082407,0.089994,0.097581,0.1047,0.11137,0.11803,0.12258,0.12504,0.1275,0.12671,0.12267,0.11862,0.11425,0.10956,0.10486,0.099747,0.094213,0.088679,0.08734,0.090199,0.093058,0.10074,0.11324,0.12574,0.1382,0.1506,0.16301,0.17044,0.17292,0.17539,0.17411,0.16909,0.16406,0.16629,0.17577,0.18526,0.20061,0.22181,0.24301,0.26141,0.27702,0.29263,0.29291,0.27787,0.26283,0.22481,0.16381,0.10281,0.025845,-0.067091,-0.16002,-0.25217,-0.34354,-0.43493,-0.51983,-0.59824,-0.67665,-0.73379,-0.76962,-0.80544,-0.82539,-0.82946,-0.83354,-0.82505,-0.804,-0.78295,-0.77052,-0.7667,-0.7629,-0.76897,-0.78489,-0.80082,-0.8234,-0.85265,-0.8819,-0.91309,-0.9462,-0.97933,-0.999,-1.0052,-1.0114,-0.97896,-0.90779,-0.83663,-0.72235,-0.56492,-0.40749,-0.24163,-0.067291,0.10704,0.26807,0.41587,0.56368,0.67498,0.74979,0.82463,0.86293,0.86467,0.86642,0.84702,0.80647,0.76591,0.72272,0.67689,0.63106,0.59303,0.56281,0.53259,0.50965,0.49401,0.47836,0.46502,0.45397,0.44292,0.43148,0.41964,0.40781,0.39565,0.38317,0.37069,0.35825,0.34584,0.33344,0.3194,0.30372,0.28804,0.26738,0.24174,0.21609,0.18336,0.14355,0.10374,0.056963,0.0032002,-0.05056,-0.11249,-0.1826,-0.25272,-0.33072,-0.41662,-0.50252,-0.58149,-0.65354,-0.72559,-0.76909,-0.78403,-0.79895,-0.77233,-0.70417,-0.63599,-0.50163,-0.30103,0,0,0,0,0,0,0,0,0,0,0,0,0,0,0,0,0,0,0,0,0,0,0,0,0,0,0,0,0,0,0,0,0,0,0,0,0,0,0,0,0,0,0,0,0,0,0,0,0,0,0,0,0,0,0,0,0,0,0,0,0,0,0,0,0,0,0,0,0,0,0,0,0,0,0,0,0,0,0,0,0,0,0,0,0,0,0,0,0,0,0,0,0,0,0,0,0,0,0,0,0,0,0,0,0,0,0,0,-0.39477,-0.5119,-0.64505,-0.7782,-0.89724,-1.0021,-1.107,-1.1873,-1.2431,-1.2988,-1.3284,-1.3318,-1.3351,-1.3119,-1.262,-1.2121,-1.1752,-1.1513,-1.1275,-1.11,-1.0988,-1.0877,-1.072,-1.0518,-1.0315,-1.0147,-1.0013,-0.98798,-0.96302,-0.92643,-0.88984,-0.87449,-0.88038,-0.88628,-0.87877,-0.85784,-0.83691,-0.80598,-0.76503,-0.72408,-0.6963,-0.68172,-0.66713,-0.65209,-0.63659,-0.6211,-0.60558,-0.59004,-0.57449,-0.5595,-0.54507,-0.53063,-0.5167,-0.50327,-0.48984,-0.47599,-0.46172,-0.44745,-0.43158,-0.41411,-0.39663,-0.37675,-0.35445,-0.33216,-0.30734,-0.27998,-0.25263,-0.2234,-0.1923,-0.16118,-0.12937,-0.096843,-0.064319,-0.032159,-0.00035986,0.031436,0.061722,0.090504,0.11929,0.14525,0.16839,0.19154,0.21138,0.22793,0.24446,0.25802,0.26859,0.27915,0.28719,0.2927,0.29821,0.30183,0.30356,0.3053,0.30561,0.30451,0.30341,0.30081,0.2967,0.2926,0.28661,0.27874,0.27086,0.26076,0.24842,0.23608,0.22129,0.20406,0.18682,0.16722,0.14524,0.12327,0.09952,0.073989,0.04846,0.022201,-0.004785,-0.03177,-0.058295,-0.084362,-0.11043,-0.13496,-0.15796,-0.18096,-0.20162,-0.21994,-0.23827,-0.25384,-0.26666,-0.27948,-0.28938,-0.29636,-0.30334,-0.30747,-0.30874,-0.31001,-0.3088,-0.30512,-0.30145,-0.29581,-0.28822,-0.28063,-0.27171,-0.26146,-0.2512,-0.24044,-0.22918,-0.21791,-0.20692,-0.19622,-0.18552,-0.17573,-0.16684,-0.15796,-0.15048,-0.14439,-0.1383,-0.13374,-0.13072,-0.1277,-0.12589,-0.12531,-0.12472,-0.12474,-0.12536,-0.12597,-0.12644,-0.12675,-0.12706,-0.12649,-0.12503,-0.12357,-0.12071,-0.11645,-0.1122,-0.10641,-0.099096,-0.09178,-0.08329,-0.073623,-0.06396,-0.053889,-0.04341,-0.032931,-0.022791,-0.012991,-0.003194,0.0057345,0.013799,0.021863,0.028775,0.034535,0.040295,0.0449,0.048352,0.051804,0.054319,0.055897,0.057474,0.058424,0.058745,0.059066,0.058993,0.058527,0.05806,0.05723,0.056036,0.054842,0.053367,0.051612,0.049857,0.047742,0.045266,0.042791,0.039976,0.036823,0.033669,0.026745,0.016051,0.0053528
0,0,0,0,-0.31498,-0.31427,-0.28395,-0.22402,-0.1641,-0.085907,0.010564,0.10704,0.18727,0.25126,0.31525,0.35815,0.37999,0.40182,0.40813,0.39891,0.38969,0.37243,0.34714,0.32184,0.29507,0.26682,0.23858,0.21066,0.18307,0.15548,0.1304,0.10784,0.085284,0.071099,0.065294,0.059491,0.060636,0.068733,0.076832,0.084407,0.091465,0.09853,0.093489,0.076338,0.059188,0.030003,-0.011227,-0.05246,-0.092093,-0.13013,-0.16816,-0.19478,-0.20999,-0.22519,-0.2199,-0.19411,-0.16831,-0.13494,-0.093995,-0.053054,-0.013305,0.025255,0.063811,0.092293,0.11068,0.12906,0.13527,0.12929,0.12331,0.11416,0.10185,0.089549,0.081828,0.078692,0.075557,0.077614,0.084864,0.092114,0.097686,0.10159,0.10548,0.10802,0.1092,0.11038,0.10935,0.10611,0.10287,0.10085,0.10006,0.099259,0.09761,0.09511,0.092611,0.091443,0.091607,0.091772,0.094125,0.098668,0.10321,0.1078,0.11242,0.11704,0.12057,0.12302,0.12547,0.12711,0.12795,0.12879,0.1372,0.15319,0.16918,0.18939,0.21384,0.23828,0.25919,0.27656,0.29394,0.29571,0.28188,0.26804,0.2314,0.17195,0.11249,0.036187,-0.056973,-0.15014,-0.24305,-0.3357,-0.42836,-0.51414,-0.59302,-0.67191,-0.72889,-0.76393,-0.79897,-0.81631,-0.81594,-0.81558,-0.80099,-0.77216,-0.74333,-0.72602,-0.72023,-0.71446,-0.71913,-0.73425,-0.74936,-0.77189,-0.80184,-0.8318,-0.86367,-0.89747,-0.93127,-0.95535,-0.96973,-0.98409,-0.963,-0.90644,-0.84989,-0.74809,-0.60102,-0.45394,-0.29473,-0.12338,0.047958,0.20937,0.36084,0.5123,0.62932,0.71192,0.79455,0.84086,0.85084,0.86081,0.84702,0.80945,0.77189,0.72918,0.68135,0.63352,0.59273,0.55899,0.52526,0.49988,0.48286,0.46584,0.45228,0.44217,0.43207,0.42183,0.41145,0.40107,0.3901,0.37854,0.36698,0.35534,0.34362,0.33191,0.31906,0.30509,0.29112,0.27181,0.24718,0.22254,0.19133,0.15356,0.11579,0.071762,0.021457,-0.028846,-0.087301,-0.15394,-0.22059,-0.29627,-0.38101,-0.46576,-0.54537,-0.61984,-0.6943,-0.74106,-0.7601,-0.77914,-0.756,-0.69066,-0.62532,-0.50037,-0.31572,0,0,0,0,0,0,0,0,0,0,0,0,0,0,0,0,0,0,0,0,0,0,0,0,0,0,0,0,0,0,0,0,0,0,0,0,0,0,0,0,0,0,0,0,0,0,0,0,0,0,0,0,0,0,0,0,0,0,0,0,0,0,0,0,0,0,0,0,0,0,0,0,0,0,0,0,0,0,0,0,0,0,0,0,0,0,0,0,0,0,0,0,0,0,0,0,0,0,0,0,0,0,0,0,0,0,0,0,-0.33923,-0.45575,-0.59086,-0.72597,-0.85093,-0.96571,-1.0805,-1.1699,-1.234,-1.2981,-1.3331,-1.3392,-1.3452,-1.323,-1.2726,-1.2221,-1.1843,-1.159,-1.1337,-1.1148,-1.1021,-1.0895,-1.0745,-1.0572,-1.0399,-1.0233,-1.0074,-0.99159,-0.96467,-0.92669,-0.88869,-0.87262,-0.87848,-0.88435,-0.87703,-0.85651,-0.83598,-0.80685,-0.76912,-0.73138,-0.70248,-0.68242,-0.66236,-0.64391,-0.62708,-0.61025,-0.5935,-0.57684,-0.56017,-0.54413,-0.52871,-0.51329,-0.49856,-0.48451,-0.47047,-0.45622,-0.44177,-0.42732,-0.41146,-0.39417,-0.37688,-0.35735,-0.33558,-0.31381,-0.28967,-0.26316,-0.23665,-0.20839,-0.17841,-0.14842,-0.11786,-0.086724,-0.055586,-0.024892,0.0053565,0.035605,0.064321,0.091506,0.11869,0.14307,0.16462,0.18617,0.20447,0.21953,0.23458,0.24674,0.25602,0.2653,0.27216,0.27661,0.28104,0.28366,0.28445,0.28524,0.28466,0.28271,0.28077,0.27739,0.27257,0.26775,0.26112,0.25269,0.24425,0.23367,0.22093,0.2082,0.19316,0.1758,0.15844,0.13887,0.11707,0.095274,0.071818,0.0467,0.021582,-0.0041633,-0.030536,-0.056908,-0.082784,-0.10817,-0.13355,-0.15747,-0.17995,-0.20242,-0.22267,-0.24068,-0.25869,-0.274,-0.2866,-0.2992,-0.3089,-0.3157,-0.3225,-0.32644,-0.32753,-0.32862,-0.32719,-0.32323,-0.31928,-0.31329,-0.30528,-0.29726,-0.28782,-0.27696,-0.2661,-0.25463,-0.24255,-0.23048,-0.2186,-0.20691,-0.19523,-0.18438,-0.17436,-0.16435,-0.15565,-0.14828,-0.14091,-0.13498,-0.1305,-0.12602,-0.12267,-0.12044,-0.11821,-0.1165,-0.11531,-0.11413,-0.11276,-0.11121,-0.10966,-0.10728,-0.10408,-0.10087,-0.096413,-0.090707,-0.085,-0.077997,-0.069695,-0.061393,-0.052216,-0.04216,-0.032104,-0.021952,-0.011701,-0.0014489,0.0081769,0.017176,0.026172,0.034068,0.040865,0.047663,0.053165,0.057372,0.061579,0.064602,0.066439,0.068277,0.069249,0.069355,0.069461,0.069075,0.068197,0.067319,0.066182,0.064786,0.063389,0.061697,0.059709,0.05772,0.055499,0.053045,0.050592,0.047859,0.044848,0.041836,0.038679,0.035375,0.032072,0.025352,0.015214,0.0050722
0,0,0,0,-0.35966,-0.35965,-0.32165,-0.24564,-0.16962,-0.077371,0.031121,0.13962,0.23033,0.30328,0.37621,0.42455,0.4483,0.47205,0.47738,0.4643,0.4512,0.42843,0.39595,0.36346,0.32956,0.29422,0.25887,0.22543,0.19391,0.16238,0.13319,0.10632,0.079441,0.059743,0.047223,0.034702,0.029669,0.032125,0.034584,0.037478,0.04081,0.044143,0.036263,0.017171,-0.0019209,-0.033007,-0.076092,-0.11918,-0.16061,-0.20037,-0.24013,-0.26509,-0.27524,-0.28539,-0.27535,-0.24514,-0.21492,-0.17724,-0.13209,-0.086947,-0.047064,-0.012457,0.022143,0.049099,0.068389,0.08767,0.097754,0.098634,0.099515,0.097376,0.092222,0.087066,0.082362,0.07811,0.073859,0.073448,0.076877,0.080306,0.082702,0.084062,0.085418,0.086877,0.088438,0.089996,0.090756,0.09072,0.090684,0.092062,0.094852,0.097643,0.098728,0.098107,0.097485,0.09548,0.092091,0.088701,0.084805,0.080401,0.075999,0.071884,0.06805,0.064213,0.063823,0.066882,0.06994,0.075748,0.084307,0.092872,0.10828,0.13052,0.15277,0.17766,0.20519,0.23272,0.25569,0.27409,0.29248,0.29467,0.28064,0.26662,0.23088,0.17342,0.11594,0.041702,-0.049291,-0.14029,-0.2331,-0.3277,-0.4223,-0.5076,-0.58357,-0.65954,-0.71341,-0.74514,-0.77686,-0.79074,-0.78678,-0.78282,-0.76406,-0.73052,-0.69698,-0.67611,-0.66794,-0.65977,-0.66242,-0.67589,-0.68936,-0.71027,-0.73865,-0.76703,-0.79883,-0.83404,-0.86925,-0.89732,-0.91826,-0.9392,-0.92916,-0.88816,-0.84715,-0.7606,-0.62845,-0.4963,-0.34739,-0.18171,-0.016024,0.1423,0.29328,0.44426,0.56467,0.65455,0.74445,0.80003,0.8213,0.84256,0.83754,0.80626,0.77496,0.73564,0.68829,0.64095,0.59881,0.56189,0.52497,0.49681,0.47743,0.45805,0.44334,0.43331,0.42328,0.41349,0.40393,0.39438,0.38403,0.37288,0.36173,0.35041,0.33893,0.32745,0.31513,0.30198,0.28883,0.27082,0.24797,0.22511,0.19608,0.16086,0.12564,0.085216,0.039569,-0.0060751,-0.061899,-0.12794,-0.19398,-0.26855,-0.35165,-0.43476,-0.51232,-0.58431,-0.65631,-0.70226,-0.72216,-0.74206,-0.72043,-0.65726,-0.59409,-0.48812,-0.33931,0,0,0,0,0,0,0,0,0,0,0,0,0,0,0,0,0,0,0,0,0,0,0,0,0,0,0,0,0,0,0,0,0,0,0,0,0,0,0,0,0,0,0,0,0,0,0,0,0,0,0,0,0,0,0,0,0,0,0,0,0,0,0,0,0,0,0,0,0,0,0,0,0,0,0,0,0,0,0,0,0,0,0,0,0,0,0,0,0,0,0,0,0,0,0,0,0,0,0,0,0,0,0,0,0,0,0,-0.091528,-0.29969,-0.41511,-0.54874,-0.68238,-0.81206,-0.93784,-1.0636,-1.1631,-1.2363,-1.3095,-1.344,-1.3397,-1.3355,-1.3141,-1.2755,-1.2369,-1.2049,-1.1795,-1.154,-1.1293,-1.1055,-1.0816,-1.0648,-1.0551,-1.0454,-1.0314,-1.0131,-0.99482,-0.96623,-0.92731,-0.8884,-0.87203,-0.8782,-0.88437,-0.87738,-0.85722,-0.83706,-0.81172,-0.78121,-0.7507,-0.72077,-0.69142,-0.66207,-0.63829,-0.62011,-0.60192,-0.58387,-0.56595,-0.54803,-0.53079,-0.51422,-0.49765,-0.48193,-0.46705,-0.45217,-0.43734,-0.42255,-0.40775,-0.39176,-0.37456,-0.35737,-0.33809,-0.31674,-0.29538,-0.27179,-0.24597,-0.22015,-0.19274,-0.16374,-0.13473,-0.10527,-0.075362,-0.045455,-0.016113,0.012667,0.041446,0.068605,0.094145,0.11969,0.14242,0.16235,0.18227,0.19898,0.21248,0.22598,0.23665,0.24447,0.2523,0.25781,0.261,0.26418,0.26563,0.26533,0.26504,0.26342,0.26048,0.25753,0.25321,0.24752,0.24183,0.2344,0.22524,0.21608,0.20488,0.19162,0.17836,0.16294,0.14536,0.12778,0.10817,0.086539,0.064908,0.041794,0.017196,-0.007404,-0.032485,-0.058049,-0.083613,-0.10861,-0.13305,-0.15749,-0.18054,-0.2022,-0.22386,-0.2434,-0.26083,-0.27825,-0.29306,-0.30523,-0.31741,-0.32676,-0.33328,-0.33979,-0.34348,-0.34433,-0.34518,-0.34346,-0.33916,-0.33487,-0.32847,-0.31996,-0.31146,-0.30148,-0.29001,-0.27855,-0.26639,-0.25354,-0.2407,-0.22795,-0.21532,-0.20267,-0.19081,-0.17973,-0.16865,-0.15883,-0.15026,-0.1417,-0.13448,-0.12861,-0.12274,-0.1179,-0.11409,-0.11028,-0.10691,-0.10399,-0.10107,-0.097943,-0.094604,-0.091266,-0.087156,-0.082273,-0.077391,-0.071414,-0.064341,-0.057268,-0.04915,-0.039987,-0.030823,-0.021091,-0.01079,-0.00048924,0.0096256,0.019554,0.029484,0.038525,0.046674,0.054822,0.061633,0.067107,0.072582,0.076615,0.079206,0.081798,0.08319,0.083383,0.083578,0.083003,0.081661,0.080319,0.078653,0.076662,0.07467,0.072583,0.070403,0.068224,0.065836,0.063241,0.060647,0.057764,0.054593,0.051423,0.048018,0.044377,0.040736,0.03703,0.033257,0.029484,0.022999,0.013801,0.0046015
0,0,0,0,-0.40434,-0.40502,-0.35934,-0.26727,-0.17516,-0.068845,0.051674,0.1722,0.27341,0.3553,0.43718,0.49095,0.51661,0.54227,0.54664,0.52968,0.51271,0.48441,0.44477,0.40511,0.36406,0.32161,0.27917,0.24022,0.20476,0.1693,0.13597,0.10479,0.073598,0.048387,0.029153,0.009918,-0.0012895,-0.004471,-0.0076511,-0.00944,-0.0098389,-0.010237,-0.020953,-0.041989,-0.063029,-0.096019,-0.14096,-0.18591,-0.22913,-0.27062,-0.31212,-0.33541,-0.3405,-0.34559,-0.33083,-0.2962,-0.26156,-0.21957,-0.17022,-0.12086,-0.080838,-0.050166,-0.01952,0.0059038,0.026097,0.046284,0.060249,0.067988,0.075731,0.080597,0.08259,0.084582,0.082895,0.077528,0.07216,0.069281,0.068889,0.068498,0.067716,0.066538,0.065361,0.065742,0.067681,0.069617,0.072168,0.075333,0.078498,0.08327,0.089646,0.096025,0.099842,0.1011,0.10235,0.099511,0.092567,0.085619,0.075471,0.062124,0.048774,0.035956,0.023672,0.011389,0.0070816,0.010752,0.014422,0.024399,0.040685,0.05697,0.07936,0.10787,0.13638,0.16593,0.19654,0.22716,0.25218,0.27161,0.29103,0.29363,0.27941,0.26519,0.23035,0.17487,0.11939,0.047223,-0.041627,-0.13046,-0.22316,-0.3197,-0.41622,-0.50103,-0.57411,-0.64718,-0.69793,-0.72636,-0.75476,-0.76519,-0.75763,-0.75006,-0.72715,-0.68889,-0.65063,-0.62622,-0.61565,-0.60509,-0.60571,-0.61752,-0.62934,-0.64864,-0.67545,-0.70228,-0.73399,-0.77061,-0.80722,-0.83927,-0.86678,-0.89429,-0.89532,-0.86987,-0.84442,-0.7731,-0.65589,-0.53867,-0.40007,-0.24004,-0.080016,0.075223,0.22571,0.3762,0.50002,0.59718,0.69435,0.7592,0.79175,0.82428,0.82805,0.80305,0.77803,0.7421,0.69524,0.64838,0.60489,0.56479,0.52467,0.49374,0.472,0.45027,0.43442,0.42445,0.41449,0.40514,0.39641,0.38769,0.37795,0.36722,0.35648,0.34548,0.33423,0.32298,0.31119,0.29887,0.28654,0.26984,0.24876,0.22768,0.20081,0.16815,0.13549,0.098666,0.057676,0.016684,-0.036515,-0.10194,-0.16737,-0.24083,-0.32229,-0.40375,-0.47926,-0.54878,-0.61829,-0.66344,-0.68421,-0.70497,-0.68486,-0.62386,-0.56284,-0.47586,-0.36289,0,0,0,0,0,0,0,0,0,0,0,0,0,0,0,0,0,0,0,0,0,0,0,0,0,0,0,0,0,0,0,0,0,0,0,0,0,0,0,0,0,0,0,0,0,0,0,0,0,0,0,0,0,0,0,0,0,0,0,0,0,0,0,0,0,0,0,0,0,0,0,0,0,0,0,0,0,0,0,0,0,0,0,0,0,0,0,0,0,0,0,0,0,0,0,0,0,0,0,0,0,0,0,0,0,0,0,-0.16365,-0.26017,-0.37447,-0.50661,-0.63875,-0.7732,-0.90999,-1.0468,-1.1563,-1.2386,-1.3209,-1.3548,-1.3403,-1.3258,-1.3052,-1.2785,-1.2518,-1.2256,-1.1999,-1.1743,-1.1439,-1.1088,-1.0737,-1.0551,-1.053,-1.0509,-1.0394,-1.0187,-0.99804,-0.96778,-0.92794,-0.8881,-0.87143,-0.87791,-0.88439,-0.87774,-0.85794,-0.83813,-0.81659,-0.7933,-0.77002,-0.73906,-0.70043,-0.66178,-0.63268,-0.61313,-0.59359,-0.57423,-0.55506,-0.53589,-0.51745,-0.49973,-0.48201,-0.4653,-0.44959,-0.43389,-0.41846,-0.40332,-0.38818,-0.37206,-0.35496,-0.33786,-0.31883,-0.29789,-0.27695,-0.25392,-0.22879,-0.20366,-0.17708,-0.14906,-0.12103,-0.092681,-0.064003,-0.035327,-0.0073337,0.019979,0.047286,0.072884,0.096782,0.12068,0.14178,0.16007,0.17837,0.19349,0.20544,0.21739,0.22655,0.23292,0.23929,0.24345,0.24539,0.24732,0.2476,0.24622,0.24484,0.24218,0.23824,0.2343,0.22904,0.22247,0.2159,0.20767,0.19779,0.18792,0.17609,0.1623,0.14852,0.13272,0.11492,0.097109,0.077473,0.056007,0.034542,0.01177,-0.01231,-0.036391,-0.060809,-0.085563,-0.11032,-0.13444,-0.15793,-0.18143,-0.2036,-0.22445,-0.2453,-0.26414,-0.28098,-0.29781,-0.31211,-0.32387,-0.33563,-0.34462,-0.35086,-0.35709,-0.36051,-0.36112,-0.36173,-0.35972,-0.35509,-0.35045,-0.34364,-0.33465,-0.32566,-0.31513,-0.30306,-0.29099,-0.27815,-0.26453,-0.25091,-0.23731,-0.22371,-0.21012,-0.19725,-0.1851,-0.17295,-0.162,-0.15225,-0.14249,-0.13398,-0.12672,-0.11946,-0.11313,-0.10774,-0.10234,-0.097321,-0.092669,-0.088018,-0.083128,-0.077999,-0.07287,-0.067026,-0.060468,-0.053912,-0.046414,-0.037974,-0.029535,-0.020302,-0.010278,-0.00025304,0.010033,0.020579,0.031126,0.041202,0.050809,0.060416,0.068871,0.076172,0.083472,0.089197,0.09335,0.097503,0.10007,0.10104,0.10202,0.10178,0.10033,0.098876,0.096756,0.093965,0.091177,0.08823,0.085125,0.08202,0.078985,0.076022,0.073059,0.069976,0.066774,0.063573,0.060028,0.056141,0.052254,0.048176,0.043906,0.039636,0.03538,0.031137,0.026895,0.020646,0.012389,0.0041311
0,0,0,0,-0.44145,-0.44557,-0.39305,-0.28385,-0.17462,-0.053409,0.079777,0.21297,0.32353,0.41148,0.49943,0.556,0.58121,0.60642,0.60878,0.58828,0.56776,0.53507,0.4902,0.44531,0.39869,0.35032,0.30196,0.25739,0.21662,0.17586,0.13807,0.10327,0.06847,0.040058,0.018035,-0.0039878,-0.017828,-0.023489,-0.029149,-0.03478,-0.040386,-0.045992,-0.06302,-0.091475,-0.11993,-0.15998,-0.21161,-0.26324,-0.31291,-0.36062,-0.40832,-0.43119,-0.4292,-0.4272,-0.4063,-0.36648,-0.32664,-0.27877,-0.22286,-0.16695,-0.12181,-0.087438,-0.05309,-0.023319,0.0018742,0.027062,0.045089,0.055942,0.066794,0.074234,0.078261,0.082286,0.081017,0.074452,0.067885,0.062793,0.059176,0.05556,0.052457,0.049867,0.047277,0.047329,0.05002,0.05271,0.056873,0.062506,0.068139,0.074821,0.082553,0.090287,0.094961,0.096574,0.098188,0.091459,0.076379,0.061295,0.042639,0.020411,-0.0018186,-0.019175,-0.03166,-0.044143,-0.044775,-0.033556,-0.022338,-0.0049087,0.018735,0.042373,0.069852,0.10118,0.1325,0.16338,0.19381,0.22424,0.24943,0.26935,0.28928,0.29242,0.27877,0.26511,0.23085,0.176,0.12115,0.049245,-0.039722,-0.12867,-0.22233,-0.32069,-0.41905,-0.50416,-0.57601,-0.64785,-0.69674,-0.72269,-0.74862,-0.75575,-0.74407,-0.73238,-0.70434,-0.65994,-0.61553,-0.58487,-0.56795,-0.55105,-0.54596,-0.5527,-0.55943,-0.57477,-0.59874,-0.62271,-0.65407,-0.69283,-0.73158,-0.76852,-0.80367,-0.8388,-0.84995,-0.8371,-0.82425,-0.76634,-0.66336,-0.56038,-0.43371,-0.28336,-0.13302,0.015471,0.16205,0.30861,0.43236,0.53325,0.63411,0.70479,0.74526,0.78573,0.79783,0.78154,0.76524,0.73568,0.69284,0.65,0.60825,0.56759,0.52692,0.49482,0.47127,0.44773,0.43011,0.4184,0.40669,0.3965,0.38783,0.37916,0.36948,0.35879,0.3481,0.33704,0.32562,0.3142,0.30256,0.29069,0.27882,0.26332,0.24419,0.22506,0.201,0.17203,0.14305,0.10981,0.072288,0.034766,-0.015854,-0.079578,-0.14331,-0.21402,-0.29168,-0.36933,-0.44103,-0.50675,-0.57248,-0.61521,-0.63492,-0.65463,-0.63715,-0.58246,-0.52777,-0.45755,-0.37177,-0.14618,0,0,0,0,0,0,0,0,0,0,0,0,0,0,0,0,0,0,0,0,0,0,0,0,0,0,0,0,0,0,0,0,0,0,0,0,0,0,0,0,0,0,0,0,0,0,0,0,0,0,0,0,0,0,0,0,0,0,0,0,0,0,0,0,0,0,0,0,0,0,0,0,0,0,0,0,0,0,0,0,0,0,0,0,0,0,0,0,0,0,0,0,0,0,0,0,0,0,0,0,0,0,0,0,0,0,-0.13283,-0.22141,-0.3294,-0.45684,-0.58426,-0.71976,-0.86332,-1.0069,-1.1234,-1.2129,-1.3025,-1.3417,-1.3305,-1.3193,-1.304,-1.2848,-1.2656,-1.2436,-1.2187,-1.1939,-1.1608,-1.1193,-1.0778,-1.0547,-1.05,-1.0453,-1.0318,-1.0093,-0.98681,-0.95766,-0.92184,-0.88601,-0.87157,-0.87852,-0.88547,-0.87905,-0.85924,-0.83943,-0.81959,-0.79971,-0.77983,-0.74989,-0.70988,-0.66986,-0.63771,-0.61343,-0.58916,-0.56688,-0.5466,-0.52633,-0.50679,-0.48801,-0.46923,-0.45146,-0.43471,-0.41797,-0.40168,-0.38585,-0.37003,-0.3535,-0.33628,-0.31906,-0.30013,-0.27951,-0.25888,-0.23632,-0.21182,-0.18732,-0.16151,-0.13439,-0.10726,-0.079905,-0.052321,-0.024741,0.0020374,0.028016,0.053989,0.078132,0.10045,0.12277,0.14229,0.15899,0.1757,0.18927,0.19969,0.21012,0.21776,0.22263,0.2275,0.23023,0.23082,0.23141,0.23042,0.22787,0.22531,0.22152,0.21647,0.21143,0.20511,0.19752,0.18993,0.18077,0.17003,0.1593,0.14673,0.13232,0.1179,0.10165,0.083542,0.065439,0.045727,0.024407,0.0030886,-0.019312,-0.042795,-0.066279,-0.089935,-0.11376,-0.13759,-0.16071,-0.18314,-0.20557,-0.22671,-0.24657,-0.26643,-0.28438,-0.30042,-0.31647,-0.33008,-0.34125,-0.35242,-0.36091,-0.36672,-0.37253,-0.37557,-0.37584,-0.3761,-0.37372,-0.36869,-0.36365,-0.35638,-0.34687,-0.33737,-0.32627,-0.31358,-0.30089,-0.28736,-0.27299,-0.25863,-0.2442,-0.22971,-0.21522,-0.20139,-0.18824,-0.17508,-0.16306,-0.15216,-0.14127,-0.13152,-0.12294,-0.11435,-0.1066,-0.099702,-0.0928,-0.086208,-0.079924,-0.073642,-0.067102,-0.060304,-0.053506,-0.046058,-0.03796,-0.029863,-0.020987,-0.011329,-0.0016708,0.0085277,0.019266,0.030005,0.040708,0.051374,0.062041,0.071964,0.081145,0.090328,0.09811,0.10449,0.11087,0.11546,0.11826,0.12106,0.12214,0.1215,0.12087,0.11901,0.11594,0.11287,0.10924,0.10505,0.10086,0.096687,0.092534,0.088381,0.084472,0.080808,0.077145,0.073454,0.069734,0.066016,0.061933,0.057485,0.053038,0.048346,0.043408,0.03847,0.033485,0.028453,0.02342,0.01742,0.010454,0.0034861
0,0,0,0,-0.47099,-0.48129,-0.42276,-0.29538,-0.16799,-0.031056,0.11541,0.26187,0.38067,0.47183,0.56295,0.6197,0.64209,0.66448,0.66382,0.64011,0.61638,0.58042,0.53224,0.48406,0.43342,0.38033,0.32724,0.27697,0.22951,0.18206,0.13947,0.10176,0.064052,0.034753,0.013866,-0.0070198,-0.019952,-0.024935,-0.029916,-0.03855,-0.050842,-0.063134,-0.08995,-0.13129,-0.17264,-0.22488,-0.28802,-0.35117,-0.41194,-0.47033,-0.52873,-0.55241,-0.54133,-0.53023,-0.50177,-0.45596,-0.41014,-0.35482,-0.29001,-0.22522,-0.16998,-0.12427,-0.078564,-0.038573,-0.0042855,0.029999,0.052262,0.062483,0.0727,0.078282,0.07923,0.080178,0.076728,0.068881,0.061034,0.053986,0.04774,0.041495,0.03693,0.034047,0.031165,0.031634,0.035456,0.039276,0.044871,0.05224,0.059609,0.066721,0.073576,0.080432,0.084087,0.08454,0.084992,0.071329,0.043539,0.015741,-0.013678,-0.044722,-0.075765,-0.093507,-0.097946,-0.10238,-0.091747,-0.066049,-0.040354,-0.012192,0.018443,0.049074,0.07974,0.11045,0.14115,0.16999,0.19698,0.22397,0.24741,0.26732,0.28724,0.29103,0.2787,0.26638,0.2324,0.17681,0.12122,0.04776,-0.043572,-0.13491,-0.23062,-0.33071,-0.43081,-0.51699,-0.58927,-0.66153,-0.70983,-0.73413,-0.75843,-0.76241,-0.7461,-0.72977,-0.69562,-0.64365,-0.59166,-0.55207,-0.52486,-0.49766,-0.48318,-0.48142,-0.47965,-0.48868,-0.50851,-0.52833,-0.55906,-0.60069,-0.64235,-0.68508,-0.7289,-0.77272,-0.79305,-0.78987,-0.78667,-0.74035,-0.65089,-0.56143,-0.44835,-0.31167,-0.17499,-0.036999,0.10228,0.24155,0.36169,0.46273,0.56375,0.63678,0.68185,0.72691,0.74689,0.74175,0.73661,0.71639,0.68109,0.64579,0.60886,0.57029,0.53171,0.50003,0.47524,0.45044,0.43041,0.41514,0.39988,0.38756,0.37817,0.36879,0.3586,0.3476,0.3366,0.3251,0.3131,0.3011,0.28922,0.27745,0.26568,0.25129,0.23427,0.21725,0.19666,0.17249,0.14833,0.11864,0.083414,0.048185,0.00010095,-0.060836,-0.12179,-0.18812,-0.25981,-0.3315,-0.39764,-0.45826,-0.51889,-0.55756,-0.57429,-0.59103,-0.57729,-0.53309,-0.48888,-0.43317,-0.36594,-0.2987,-0.12347,-0.094335,0,0,0,0,0,0,0,0,0,0,0,0,0,0,0,0,0,0,0,0,0,0,0,0,0,0,0,0,0,0,0,0,0,0,0,0,0,0,0,0,0,0,0,0,0,0,0,0,0,0,0,0,0,0,0,0,0,0,0,0,0,0,0,0,0,0,0,0,0,0,0,0,0,0,0,0,0,0,0,0,0,0,0,0,0,0,0,0,0,0,0,0,0,0,0,0,0,0,0,0,0,0,0,0,-0.060712,-0.1012,-0.27986,-0.39941,-0.51896,-0.65174,-0.79777,-0.94379,-1.0643,-1.1593,-1.2543,-1.3046,-1.3102,-1.3158,-1.3106,-1.2945,-1.2784,-1.2589,-1.2359,-1.213,-1.18,-1.1369,-1.0938,-1.0636,-1.0462,-1.0288,-1.0083,-0.98472,-0.96113,-0.93589,-0.909,-0.8821,-0.87244,-0.88002,-0.88761,-0.88132,-0.86114,-0.84096,-0.82072,-0.80042,-0.78011,-0.75323,-0.71976,-0.68629,-0.65337,-0.621,-0.58863,-0.56182,-0.54058,-0.51933,-0.49883,-0.47907,-0.45931,-0.44042,-0.42242,-0.40441,-0.38698,-0.37014,-0.35329,-0.33609,-0.31853,-0.30097,-0.28199,-0.26158,-0.24118,-0.21901,-0.19507,-0.17114,-0.14602,-0.11972,-0.093409,-0.066941,-0.040318,-0.013698,0.012001,0.036775,0.061549,0.08434,0.10515,0.12596,0.14395,0.15911,0.17428,0.18631,0.19523,0.20415,0.21026,0.21359,0.21691,0.21815,0.2173,0.21644,0.2141,0.21028,0.20646,0.20142,0.19517,0.18892,0.18142,0.17267,0.16392,0.15369,0.14196,0.13023,0.1168,0.10166,0.086517,0.069712,0.051239,0.032767,0.012934,-0.00826,-0.029454,-0.051453,-0.074261,-0.097068,-0.11986,-0.14264,-0.16542,-0.18743,-0.20867,-0.22991,-0.24988,-0.26857,-0.28726,-0.30413,-0.31917,-0.33421,-0.34694,-0.35736,-0.36777,-0.37561,-0.38086,-0.38612,-0.38865,-0.38847,-0.38829,-0.38545,-0.37996,-0.37447,-0.3667,-0.35664,-0.34659,-0.33489,-0.32156,-0.30823,-0.29402,-0.27894,-0.26385,-0.24865,-0.23331,-0.21798,-0.20326,-0.18915,-0.17504,-0.16199,-0.15001,-0.13802,-0.12711,-0.11726,-0.1074,-0.098311,-0.089979,-0.081646,-0.073571,-0.065756,-0.057941,-0.049862,-0.041519,-0.033175,-0.024253,-0.014751,-0.0052483,0.0048664,0.015594,0.026323,0.037339,0.048645,0.05995,0.070933,0.081596,0.092257,0.10191,0.11057,0.11922,0.12624,0.13163,0.13701,0.14042,0.14183,0.14325,0.14284,0.14059,0.13835,0.13489,0.13023,0.12556,0.12045,0.11491,0.10936,0.10402,0.098888,0.093753,0.089045,0.084765,0.080485,0.07627,0.072121,0.067975,0.063476,0.058625,0.053775,0.048527,0.042884,0.03724,0.031347,0.025203,0.019059,0.013323,0.0079953,0.0026665
0,0,0,0,-0.50052,-0.517,-0.45246,-0.30692,-0.16137,-0.0087315,0.15102,0.31078,0.43783,0.53216,0.62646,0.68338,0.70296,0.72253,0.71886,0.69193,0.66499,0.62577,0.57428,0.52279,0.46814,0.41033,0.35252,0.29654,0.2424,0.18826,0.14087,0.10025,0.059629,0.029446,0.0096936,-0.010053,-0.022076,-0.026379,-0.03068,-0.042316,-0.061292,-0.080268,-0.11687,-0.1711,-0.22533,-0.28978,-0.36443,-0.43909,-0.51096,-0.58005,-0.64914,-0.67361,-0.65344,-0.63325,-0.59725,-0.54545,-0.49363,-0.43087,-0.35719,-0.28351,-0.21814,-0.16108,-0.10403,-0.053818,-0.010431,0.032945,0.059435,0.069023,0.078602,0.082327,0.080196,0.078064,0.072435,0.063307,0.05418,0.04518,0.036306,0.027433,0.021409,0.018233,0.015058,0.015945,0.020894,0.025845,0.032871,0.041973,0.051077,0.058619,0.064598,0.070578,0.073215,0.07251,0.071803,0.051206,0.010709,-0.029796,-0.06998,-0.10984,-0.1497,-0.16783,-0.16421,-0.1606,-0.13871,-0.098533,-0.05836,-0.019469,0.018156,0.055777,0.089629,0.11971,0.1498,0.17661,0.20015,0.22369,0.24541,0.2653,0.28519,0.28964,0.27864,0.26763,0.23396,0.17763,0.1213,0.046276,-0.047444,-0.14117,-0.23893,-0.34075,-0.44254,-0.5298,-0.60252,-0.67522,-0.7229,-0.74558,-0.76823,-0.76909,-0.74813,-0.72717,-0.68691,-0.62735,-0.56779,-0.51926,-0.48176,-0.44426,-0.42039,-0.41014,-0.39988,-0.40259,-0.41827,-0.43395,-0.46405,-0.50856,-0.5531,-0.60163,-0.65414,-0.70665,-0.73615,-0.74262,-0.74908,-0.71434,-0.63842,-0.56247,-0.463,-0.33998,-0.21696,-0.08947,0.042499,0.17445,0.291,0.39219,0.49338,0.56878,0.61843,0.6681,0.69594,0.70195,0.70796,0.69709,0.66933,0.64158,0.60946,0.57299,0.53651,0.50525,0.4792,0.45315,0.43072,0.41189,0.39308,0.37862,0.36852,0.35843,0.34773,0.33641,0.32509,0.31315,0.30058,0.288,0.27589,0.26422,0.25255,0.23926,0.22435,0.20944,0.19231,0.17295,0.1536,0.12746,0.094534,0.061599,0.016051,-0.042107,-0.10028,-0.16222,-0.22793,-0.29364,-0.35425,-0.40977,-0.46528,-0.49991,-0.51366,-0.52742,-0.51744,-0.48372,-0.44999,-0.40879,-0.36009,-0.3114,-0.26031,-0.20681,0,0,0,0,0,0,0,0,0,0,0,0,0,0,0,0,0,0,0,0,0,0,0,0,0,0,0,0,0,0,0,0,0,0,0,0,0,0,0,0,0,0,0,0,0,0,0,0,0,0,0,0,0,0,0,0,0,0,0,0,0,0,0,0,0,0,0,0,0,0,0,0,0,0,0,0,0,0,0,0,0,0,0,0,0,0,0,0,0,0,0,0,0,0,0,0,0,0,0,0,0,0,0,0,0,0,-0.23032,-0.34198,-0.45365,-0.58374,-0.73225,-0.88075,-1.0052,-1.1057,-1.2061,-1.2675,-1.2899,-1.3123,-1.3171,-1.3041,-1.2912,-1.2742,-1.2531,-1.232,-1.1991,-1.1545,-1.1099,-1.0725,-1.0424,-1.0123,-0.98487,-0.96017,-0.93546,-0.91413,-0.89616,-0.8782,-0.87332,-0.88153,-0.88974,-0.88358,-0.86304,-0.84249,-0.82185,-0.80113,-0.7804,-0.75658,-0.72965,-0.70272,-0.66902,-0.62856,-0.5881,-0.55676,-0.53455,-0.51234,-0.49087,-0.47013,-0.44939,-0.42939,-0.41012,-0.39086,-0.37229,-0.35443,-0.33656,-0.31868,-0.30079,-0.28289,-0.26385,-0.24366,-0.22347,-0.20169,-0.17833,-0.15496,-0.13053,-0.10505,-0.079557,-0.053979,-0.028318,-0.0026585,0.021959,0.045533,0.069108,0.090544,0.10985,0.12915,0.14561,0.15923,0.17285,0.18336,0.19077,0.19818,0.20277,0.20455,0.20633,0.20607,0.20377,0.20148,0.19779,0.19269,0.1876,0.18132,0.17386,0.16641,0.15772,0.14782,0.13792,0.1266,0.11388,0.10116,0.086869,0.071,0.05513,0.037776,0.018936,9.569e-05,-0.019859,-0.040927,-0.061995,-0.083594,-0.10573,-0.12786,-0.14979,-0.17152,-0.19325,-0.21415,-0.2342,-0.25426,-0.27305,-0.29057,-0.30809,-0.32387,-0.33791,-0.35196,-0.36381,-0.37347,-0.38313,-0.39031,-0.395,-0.3997,-0.40173,-0.4011,-0.40047,-0.39718,-0.39124,-0.38529,-0.37701,-0.36641,-0.3558,-0.34352,-0.32954,-0.31557,-0.30068,-0.28488,-0.26907,-0.25308,-0.23691,-0.22075,-0.20513,-0.19006,-0.17499,-0.16092,-0.14785,-0.13478,-0.12269,-0.11157,-0.10046,-0.090018,-0.080254,-0.07049,-0.060934,-0.051587,-0.042241,-0.032623,-0.022733,-0.012844,-0.0024463,0.0084602,0.019367,0.03072,0.042519,0.054318,0.066153,0.078024,0.089893,0.10116,0.11182,0.12247,0.13186,0.13999,0.14811,0.15437,0.15876,0.16316,0.16537,0.16541,0.16545,0.16354,0.15969,0.15584,0.15078,0.14451,0.13825,0.13167,0.12477,0.11787,0.11136,0.10524,0.099124,0.093618,0.088721,0.083824,0.079086,0.074509,0.069933,0.065018,0.059765,0.05451,0.048709,0.04236,0.03601,0.029208,0.021953,0.014699,0.0092264,0.0055361,0.0018462
0,0,0,0,-0.52263,-0.53505,-0.46167,-0.30251,-0.14337,0.020669,0.18961,0.35854,0.49014,0.58443,0.6787,0.73379,0.74973,0.76566,0.7587,0.72886,0.69902,0.65709,0.60305,0.54902,0.49135,0.43004,0.36871,0.30769,0.24696,0.18623,0.13458,0.092037,0.049502,0.019833,0.0030326,-0.013759,-0.022472,-0.023104,-0.023735,-0.035508,-0.058423,-0.081341,-0.12627,-0.1932,-0.26014,-0.33688,-0.42342,-0.50996,-0.59396,-0.67541,-0.75686,-0.78562,-0.76169,-0.73775,-0.69728,-0.64028,-0.58326,-0.51114,-0.42393,-0.33673,-0.25712,-0.18513,-0.11315,-0.053187,-0.0052652,0.042646,0.069306,0.074702,0.080092,0.079758,0.073698,0.067638,0.060767,0.053084,0.045402,0.03748,0.029319,0.021158,0.01573,0.013035,0.01034,0.010749,0.014263,0.017777,0.023561,0.031614,0.039667,0.047218,0.05427,0.061322,0.066127,0.068689,0.071249,0.047926,-0.0012881,-0.050506,-0.098397,-0.14496,-0.19151,-0.2115,-0.20492,-0.19833,-0.16897,-0.11682,-0.064668,-0.01771,0.024057,0.065825,0.10064,0.1285,0.15636,0.18065,0.20136,0.22206,0.24113,0.25854,0.27596,0.2802,0.27127,0.26234,0.23157,0.17894,0.12632,0.053912,-0.038295,-0.13049,-0.2282,-0.33145,-0.43468,-0.52485,-0.60194,-0.679,-0.73016,-0.75545,-0.78072,-0.78035,-0.75433,-0.7283,-0.67885,-0.60593,-0.533,-0.47451,-0.43046,-0.38641,-0.35663,-0.34112,-0.32562,-0.32441,-0.3375,-0.35059,-0.38069,-0.42776,-0.47484,-0.52646,-0.58263,-0.63879,-0.67379,-0.68765,-0.70151,-0.67716,-0.61459,-0.552,-0.4659,-0.35626,-0.24659,-0.13062,-0.0083382,0.11394,0.22424,0.32254,0.42086,0.49685,0.55051,0.60418,0.63787,0.65155,0.66524,0.66202,0.6419,0.62178,0.59592,0.56433,0.53274,0.50424,0.47884,0.45345,0.43075,0.41075,0.39074,0.37521,0.36414,0.35308,0.34118,0.32845,0.31571,0.30273,0.28949,0.27626,0.26373,0.25189,0.24006,0.22736,0.2138,0.20023,0.18536,0.16919,0.15301,0.12978,0.099495,0.069207,0.027412,-0.025899,-0.079211,-0.13565,-0.19522,-0.25478,-0.30938,-0.35899,-0.4086,-0.44005,-0.45334,-0.46663,-0.46169,-0.43849,-0.41529,-0.38596,-0.35049,-0.31502,-0.27468,-0.22944,-0.096099,0,0,0,0,0,0,0,0,0,0,0,0,0,0,0,0,0,0,0,0,0,0,0,0,0,0,0,0,0,0,0,0,0,0,0,0,0,0,0,0,0,0,0,0,0,0,0,0,0,0,0,0,0,0,0,0,0,0,0,0,0,0,0,0,0,0,0,0,0,0,0,0,0,0,0,0,0,0,0,0,0,0,0,0,0,0,0,0,0,0,0,0,0,0,0,0,0,0,0,0,0,0,0,0,0,-0.18252,-0.29472,-0.40693,-0.53715,-0.68536,-0.83357,-0.96004,-1.0647,-1.1694,-1.2391,-1.2737,-1.3083,-1.3218,-1.3141,-1.3064,-1.2904,-1.2661,-1.2417,-1.2088,-1.1672,-1.1256,-1.0856,-1.0472,-1.0088,-0.97658,-0.95055,-0.92452,-0.90475,-0.89123,-0.87771,-0.87528,-0.88393,-0.89259,-0.88633,-0.86514,-0.84395,-0.82274,-0.80149,-0.78024,-0.75777,-0.73406,-0.71036,-0.67787,-0.63661,-0.59535,-0.5617,-0.53565,-0.5096,-0.48572,-0.464,-0.44228,-0.42112,-0.40051,-0.37991,-0.36006,-0.34097,-0.32188,-0.30308,-0.28456,-0.26604,-0.24673,-0.22661,-0.2065,-0.18504,-0.16222,-0.13941,-0.11566,-0.090976,-0.066286,-0.041565,-0.016817,0.0079291,0.031549,0.054044,0.076537,0.096776,0.11476,0.13276,0.14786,0.16006,0.17226,0.18135,0.18732,0.19329,0.19644,0.19676,0.19708,0.19538,0.19166,0.18794,0.18286,0.17642,0.16997,0.16237,0.1536,0.14483,0.13487,0.12374,0.1126,0.10015,0.086377,0.072606,0.0574,0.040758,0.024115,0.0061772,-0.013054,-0.032286,-0.052375,-0.07332,-0.094265,-0.11546,-0.13691,-0.15835,-0.17941,-0.20007,-0.22073,-0.24046,-0.25928,-0.27809,-0.29562,-0.31187,-0.32811,-0.34269,-0.35559,-0.36849,-0.37932,-0.38807,-0.39682,-0.40318,-0.40716,-0.41114,-0.41252,-0.41131,-0.4101,-0.40628,-0.39985,-0.39341,-0.38464,-0.37352,-0.36241,-0.34957,-0.335,-0.32042,-0.30488,-0.28836,-0.27185,-0.25511,-0.23815,-0.22118,-0.20471,-0.18872,-0.17274,-0.1577,-0.1436,-0.12949,-0.11629,-0.104,-0.091713,-0.08003,-0.068954,-0.057879,-0.046968,-0.036222,-0.025476,-0.014464,-0.0031863,0.0080906,0.019794,0.031926,0.044058,0.056463,0.069142,0.081821,0.094299,0.10658,0.11885,0.13027,0.14081,0.15136,0.16039,0.1679,0.17542,0.18085,0.1842,0.18756,0.18857,0.18725,0.18593,0.18259,0.17721,0.17183,0.16525,0.15747,0.14969,0.1417,0.1335,0.1253,0.11766,0.11058,0.1035,0.097199,0.091676,0.086154,0.080916,0.075961,0.071007,0.065761,0.060225,0.054689,0.048523,0.041729,0.034935,0.027552,0.019581,0.01161,0.0063531,0.0038118,0.0012713
0,0,0,0,-0.53733,-0.53545,-0.45039,-0.28216,-0.11393,0.057168,0.23114,0.40509,0.53759,0.62866,0.7197,0.77094,0.7824,0.79385,0.78336,0.75092,0.71848,0.67436,0.61854,0.56273,0.50303,0.43943,0.37583,0.31042,0.24319,0.17596,0.1206,0.077137,0.033667,0.0059133,-0.0061156,-0.018139,-0.021139,-0.015112,-0.0090827,-0.018126,-0.042244,-0.06637,-0.11816,-0.19761,-0.27706,-0.36619,-0.465,-0.5638,-0.66095,-0.75644,-0.85193,-0.88848,-0.86612,-0.84376,-0.80188,-0.74047,-0.67904,-0.59563,-0.49026,-0.38487,-0.2869,-0.19641,-0.1059,-0.036681,0.011208,0.059093,0.081869,0.079523,0.077172,0.070579,0.05974,0.048903,0.041726,0.038211,0.034698,0.030886,0.026776,0.022665,0.019889,0.018447,0.017005,0.016042,0.015559,0.015075,0.016943,0.021163,0.025383,0.032526,0.042593,0.052661,0.062821,0.073072,0.083323,0.061484,0.0075407,-0.04641,-0.098954,-0.15009,-0.20123,-0.22457,-0.22009,-0.21561,-0.18255,-0.12092,-0.059285,-0.0069275,0.03614,0.079214,0.11277,0.13681,0.16085,0.18211,0.20061,0.2191,0.23458,0.24705,0.25952,0.26271,0.25661,0.25051,0.22522,0.18074,0.13625,0.07065,-0.016099,-0.10286,-0.19843,-0.30285,-0.40728,-0.50217,-0.58752,-0.67287,-0.7316,-0.76375,-0.79589,-0.79621,-0.76471,-0.7332,-0.67143,-0.57937,-0.48731,-0.41784,-0.37096,-0.32409,-0.2919,-0.27437,-0.25685,-0.25412,-0.2662,-0.27826,-0.30895,-0.35827,-0.40758,-0.45959,-0.51433,-0.56906,-0.60593,-0.62496,-0.64399,-0.62882,-0.57943,-0.53004,-0.45705,-0.36048,-0.26391,-0.16049,-0.050246,0.060014,0.16136,0.25379,0.34623,0.42101,0.47809,0.53517,0.57266,0.59055,0.60845,0.6112,0.5988,0.58641,0.56825,0.54433,0.52041,0.49702,0.47418,0.45133,0.43051,0.41169,0.39288,0.37732,0.36503,0.35274,0.33897,0.3237,0.30844,0.29381,0.27984,0.26586,0.25274,0.24048,0.22823,0.2156,0.20261,0.18962,0.17582,0.16119,0.14656,0.1256,0.098307,0.071014,0.03418,-0.0122,-0.05858,-0.1084,-0.16167,-0.21494,-0.26303,-0.30595,-0.34885,-0.37798,-0.39331,-0.40865,-0.41002,-0.3974,-0.38477,-0.36469,-0.33713,-0.30958,-0.27667,-0.23842,-0.20017,-0.084344,-0.062256,-0.04017,0,0,0,0,0,0,0,0,0,0,0,0,0,0,0,0,0,0,0,0,0,0,0,0,0,0,0,0,0,0,0,0,0,0,0,0,0,0,0,0,0,0,0,0,0,0,0,0,0,0,0,0,0,0,0,0,0,0,0,0,0,0,0,0,0,0,0,0,0,0,0,0,0,0,0,0,0,0,0,0,0,0,0,0,0,0,0,0,0,0,0,0,0,0,0,0,0,0,0,0,0,0,-0.079741,-0.25761,-0.37878,-0.51194,-0.65708,-0.80221,-0.92869,-1.0365,-1.1443,-1.2193,-1.2616,-1.3038,-1.3248,-1.3244,-1.324,-1.3075,-1.2748,-1.2422,-1.2089,-1.175,-1.141,-1.1029,-1.0606,-1.0184,-0.98344,-0.95587,-0.92831,-0.90775,-0.8942,-0.88064,-0.87832,-0.88722,-0.89614,-0.88955,-0.86745,-0.84535,-0.82337,-0.8015,-0.77963,-0.7568,-0.733,-0.70921,-0.67993,-0.64516,-0.61038,-0.57662,-0.54387,-0.51112,-0.48339,-0.46069,-0.43799,-0.41563,-0.39359,-0.37157,-0.35029,-0.32977,-0.30925,-0.28928,-0.26986,-0.25043,-0.23063,-0.21044,-0.19026,-0.16903,-0.14677,-0.1245,-0.10141,-0.077506,-0.053595,-0.029696,-0.0058129,0.018073,0.040782,0.062309,0.083833,0.10303,0.1199,0.13678,0.15068,0.1616,0.17252,0.18028,0.18489,0.18949,0.19127,0.19022,0.18917,0.18608,0.18096,0.17584,0.16933,0.16145,0.15357,0.14454,0.13436,0.12418,0.11286,0.10042,0.087975,0.074314,0.059435,0.044557,0.028389,0.010929,-0.0065317,-0.025086,-0.044733,-0.06438,-0.084617,-0.10544,-0.12627,-0.14705,-0.1678,-0.18856,-0.20871,-0.22828,-0.24784,-0.26638,-0.2839,-0.30142,-0.31761,-0.33247,-0.34734,-0.36058,-0.3722,-0.38382,-0.39347,-0.40116,-0.40884,-0.41424,-0.41733,-0.42043,-0.42102,-0.41911,-0.41719,-0.41276,-0.4058,-0.39883,-0.38957,-0.37799,-0.36642,-0.35306,-0.33792,-0.32277,-0.3066,-0.2894,-0.2722,-0.25473,-0.23701,-0.21928,-0.202,-0.18515,-0.1683,-0.15233,-0.13724,-0.12215,-0.10791,-0.094541,-0.081167,-0.068347,-0.056081,-0.043815,-0.031674,-0.019659,-0.0076443,0.0046164,0.017122,0.029628,0.04247,0.055647,0.068824,0.082097,0.095466,0.10884,0.12178,0.13431,0.14683,0.15826,0.16859,0.17893,0.1875,0.19432,0.20114,0.20568,0.20795,0.21021,0.21002,0.20737,0.20472,0.19998,0.19316,0.18633,0.17831,0.1691,0.15988,0.15055,0.1411,0.13166,0.12292,0.1149,0.10688,0.09979,0.093633,0.087476,0.081757,0.076477,0.071195,0.065705,0.060007,0.054308,0.04797,0.040994,0.034016,0.02638,0.018087,0.0097927,0.0047041,0.0028219,0.00094088
0,0,0,0,-0.55202,-0.53584,-0.43909,-0.26177,-0.084457,0.093706,0.27268,0.45165,0.58506,0.67287,0.76067,0.80806,0.81506,0.82204,0.80802,0.77298,0.73794,0.69163,0.63402,0.57643,0.51469,0.44881,0.38294,0.31314,0.23942,0.1657,0.10663,0.062229,0.017832,-0.0079988,-0.015262,-0.02252,-0.019809,-0.007123,0.0055671,-0.00074466,-0.026069,-0.051398,-0.11004,-0.202,-0.29396,-0.39549,-0.50655,-0.61762,-0.72793,-0.83746,-0.94697,-0.99133,-0.97053,-0.94975,-0.90646,-0.84063,-0.77478,-0.68009,-0.55655,-0.43298,-0.31668,-0.20767,-0.09864,-0.020184,0.027674,0.075523,0.094419,0.084334,0.074246,0.061395,0.045781,0.030168,0.022686,0.023339,0.023995,0.024293,0.024232,0.024172,0.024047,0.023857,0.023667,0.021332,0.016852,0.012372,0.010325,0.010712,0.011101,0.017836,0.030916,0.043997,0.059511,0.077453,0.095394,0.075041,0.016376,-0.042311,-0.099515,-0.15523,-0.21094,-0.23761,-0.23524,-0.23286,-0.19612,-0.12501,-0.053896,0.0038491,0.048218,0.092597,0.1249,0.14512,0.16533,0.18358,0.19986,0.21613,0.22803,0.23556,0.24308,0.24521,0.24194,0.23867,0.21887,0.18252,0.14618,0.087369,0.0060663,-0.075254,-0.1687,-0.27428,-0.37987,-0.47948,-0.5731,-0.66671,-0.73302,-0.77203,-0.81103,-0.81204,-0.77506,-0.73807,-0.66399,-0.5528,-0.4416,-0.36115,-0.31146,-0.26178,-0.22717,-0.20762,-0.18809,-0.18384,-0.1949,-0.20595,-0.23722,-0.28875,-0.34029,-0.39272,-0.44603,-0.49933,-0.53807,-0.56228,-0.58647,-0.58046,-0.54427,-0.50807,-0.44821,-0.36469,-0.28118,-0.19033,-0.092131,0.0060774,0.098464,0.18505,0.27163,0.34517,0.40566,0.46616,0.50747,0.52955,0.55164,0.56036,0.5557,0.55104,0.54058,0.52432,0.50806,0.48979,0.4695,0.44922,0.43026,0.41264,0.39501,0.37944,0.36592,0.3524,0.33675,0.31896,0.30116,0.2849,0.27018,0.25546,0.24176,0.22907,0.21639,0.20384,0.19143,0.17902,0.16627,0.15319,0.1401,0.12141,0.097115,0.072815,0.040944,0.0014978,-0.037952,-0.081156,-0.12813,-0.17511,-0.21671,-0.25291,-0.28911,-0.3159,-0.33328,-0.35067,-0.35835,-0.3563,-0.35425,-0.34341,-0.32377,-0.30412,-0.27867,-0.2474,-0.21613,-0.17922,-0.13665,-0.094085,0,0,0,0,0,0,0,0,0,0,0,0,0,0,0,0,0,0,0,0,0,0,0,0,0,0,0,0,0,0,0,0,0,0,0,0,0,0,0,0,0,0,0,0,0,0,0,0,0,0,0,0,0,0,0,0,0,0,0,0,0,0,0,0,0,0,0,0,0,0,0,0,0,0,0,0,0,0,0,0,0,0,0,0,0,0,0,0,0,0,0,0,0,0,0,0,0,0,0,0,0,0,0,-0.22049,-0.35063,-0.48674,-0.6288,-0.77085,-0.89734,-1.0083,-1.1192,-1.1996,-1.2495,-1.2993,-1.3277,-1.3347,-1.3416,-1.3246,-1.2836,-1.2427,-1.2091,-1.1827,-1.1564,-1.1201,-1.074,-1.0279,-0.99029,-0.9612,-0.9321,-0.91076,-0.89716,-0.88357,-0.88136,-0.89052,-0.89969,-0.89277,-0.86976,-0.84674,-0.82399,-0.8015,-0.77901,-0.75583,-0.73195,-0.70807,-0.68199,-0.6537,-0.62541,-0.59155,-0.55209,-0.51263,-0.48106,-0.45738,-0.4337,-0.41013,-0.38668,-0.36322,-0.34052,-0.31857,-0.29662,-0.27548,-0.25515,-0.23482,-0.21452,-0.19427,-0.17402,-0.15303,-0.13131,-0.10959,-0.087163,-0.064036,-0.040903,-0.017825,0.0051958,0.028222,0.050014,0.070573,0.09113,0.10929,0.12505,0.14081,0.1535,0.16314,0.17277,0.17921,0.18245,0.18569,0.1861,0.18368,0.18126,0.17678,0.17026,0.16373,0.15581,0.14649,0.13717,0.12672,0.11512,0.10353,0.090852,0.077099,0.063346,0.048476,0.032492,0.016507,-0.00062317,-0.018901,-0.03718,-0.056351,-0.076413,-0.096476,-0.11686,-0.13757,-0.15827,-0.17865,-0.1987,-0.21876,-0.23802,-0.25649,-0.27496,-0.2923,-0.30852,-0.32474,-0.3396,-0.35308,-0.36656,-0.37847,-0.38881,-0.39915,-0.40763,-0.41425,-0.42087,-0.42529,-0.42751,-0.42972,-0.42952,-0.4269,-0.42428,-0.41923,-0.41174,-0.40426,-0.3945,-0.38246,-0.37042,-0.35654,-0.34083,-0.32512,-0.30831,-0.29043,-0.27254,-0.25435,-0.23587,-0.21738,-0.19928,-0.18157,-0.16386,-0.14696,-0.13088,-0.1148,-0.099533,-0.085076,-0.07062,-0.056663,-0.043206,-0.029748,-0.016377,-0.0030936,0.010189,0.023698,0.037433,0.051169,0.065148,0.079371,0.093593,0.10773,0.12179,0.13585,0.14927,0.16204,0.17481,0.18626,0.19637,0.20649,0.21462,0.22074,0.22686,0.23051,0.23169,0.23286,0.23146,0.22748,0.2235,0.21738,0.2091,0.20083,0.19137,0.18072,0.17007,0.1594,0.1487,0.13801,0.12819,0.11922,0.11026,0.10238,0.095588,0.088797,0.082597,0.07699,0.071383,0.065649,0.059788,0.053927,0.047417,0.040256,0.033095,0.025206,0.01659,0.0079746,0.0030549,0.0018321,0.00061094
0,0,0,0,-0.54202,-0.51741,-0.41389,-0.2315,-0.049108,0.13139,0.30994,0.48849,0.61909,0.7017,0.7843,0.82689,0.82948,0.83206,0.81503,0.77839,0.74174,0.69476,0.63745,0.58014,0.51815,0.45151,0.38486,0.31513,0.24232,0.16951,0.10934,0.061812,0.014297,-0.012748,-0.019326,-0.025893,-0.021292,-0.0055159,0.010263,0.0074645,-0.01392,-0.035307,-0.093194,-0.18756,-0.28193,-0.38915,-0.50918,-0.62923,-0.74601,-0.8595,-0.97302,-1.0222,-1.0069,-0.99165,-0.95131,-0.88585,-0.82038,-0.71782,-0.57812,-0.43842,-0.31195,-0.19867,-0.085429,-0.0083358,0.032583,0.073481,0.086991,0.073081,0.059168,0.044936,0.030386,0.015836,0.010053,0.013038,0.016026,0.018744,0.02119,0.023636,0.024496,0.023769,0.023042,0.019979,0.014581,0.0091829,0.005847,0.0045739,0.0033017,0.0087427,0.020899,0.033053,0.051083,0.074989,0.098891,0.083985,0.030247,-0.02351,-0.076475,-0.12865,-0.18081,-0.20869,-0.21228,-0.21586,-0.18337,-0.1148,-0.046231,0.0092125,0.051526,0.09384,0.12492,0.14477,0.16462,0.18097,0.19384,0.2067,0.21517,0.21925,0.22333,0.22465,0.22321,0.22177,0.2069,0.1786,0.1503,0.10043,0.028988,-0.042466,-0.12913,-0.23102,-0.3329,-0.43312,-0.53168,-0.63021,-0.6976,-0.73388,-0.77013,-0.76864,-0.72944,-0.69022,-0.61459,-0.50251,-0.39042,-0.30929,-0.25911,-0.20895,-0.17446,-0.15565,-0.13684,-0.13234,-0.14217,-0.15199,-0.18116,-0.2297,-0.27825,-0.32867,-0.38093,-0.43318,-0.47332,-0.50134,-0.52935,-0.52961,-0.50212,-0.47462,-0.42488,-0.35289,-0.2809,-0.20197,-0.11609,-0.030224,0.051448,0.12893,0.20641,0.2747,0.33379,0.39291,0.43583,0.46256,0.48931,0.50353,0.5052,0.50687,0.503,0.49358,0.48416,0.47148,0.45554,0.43959,0.42377,0.40808,0.39238,0.37758,0.36367,0.34975,0.33357,0.31511,0.29665,0.27945,0.2635,0.24755,0.2327,0.21895,0.20519,0.19204,0.17949,0.16693,0.15449,0.14217,0.12984,0.11303,0.091736,0.070438,0.043311,0.010346,-0.022622,-0.059094,-0.099084,-0.13909,-0.17478,-0.20617,-0.23756,-0.26267,-0.28149,-0.30032,-0.31249,-0.31801,-0.32354,-0.31987,-0.30702,-0.29417,-0.27452,-0.24807,-0.22161,-0.18902,-0.1503,-0.11158,-0.042152,-0.029364,0,0,0,0.00026216,0.0022129,0.0019384,0,0,0,0,0,0,0,0,0,0,0,0,0,0,0,0,0,0,0,0,0,0,0,0,0,0,0,0,0,0,0,0,0,0,0,0,0,0,0,0,0,0,0,0,0,0,0,0,0,0,0,0,0,0,0,0,0,0,0,0,0,0,0,0,0,0,0,0,0,0,0,0,0,0,0,0,0,0,0,0,0,0,0,0,0,0,0,0,0,0,0,0,0,0,0,-0.19507,-0.32512,-0.45888,-0.5963,-0.73371,-0.85936,-0.97326,-1.0871,-1.174,-1.2338,-1.2937,-1.3315,-1.3473,-1.3631,-1.349,-1.3049,-1.2609,-1.2263,-1.2013,-1.1763,-1.1387,-1.0885,-1.0383,-0.99806,-0.96772,-0.93738,-0.91547,-0.902,-0.88853,-0.88639,-0.8956,-0.90481,-0.89734,-0.87318,-0.84902,-0.82522,-0.80178,-0.77833,-0.7546,-0.73058,-0.70656,-0.68225,-0.65765,-0.63305,-0.60093,-0.56128,-0.52162,-0.488,-0.4604,-0.4328,-0.40664,-0.38192,-0.35719,-0.33316,-0.30982,-0.28649,-0.26411,-0.2427,-0.22129,-0.20031,-0.17976,-0.15922,-0.1383,-0.11701,-0.095715,-0.073875,-0.051486,-0.029095,-0.0068072,0.015379,0.037569,0.058497,0.078164,0.097831,0.11507,0.12989,0.1447,0.1564,0.16497,0.17355,0.17886,0.18093,0.18299,0.18218,0.17851,0.17484,0.16906,0.16117,0.15328,0.14394,0.13315,0.12235,0.11042,0.097361,0.084301,0.070233,0.055155,0.040078,0.023991,0.0068962,-0.010198,-0.028284,-0.047365,-0.066446,-0.086202,-0.10663,-0.12706,-0.14756,-0.16813,-0.18869,-0.20868,-0.22809,-0.24751,-0.26593,-0.28335,-0.30078,-0.31696,-0.33189,-0.34683,-0.36034,-0.37242,-0.3845,-0.39503,-0.404,-0.41296,-0.42016,-0.42558,-0.431,-0.43433,-0.43557,-0.43681,-0.43573,-0.43235,-0.42896,-0.42324,-0.41519,-0.40714,-0.39686,-0.38435,-0.37185,-0.35748,-0.34125,-0.32502,-0.30765,-0.28913,-0.27062,-0.25177,-0.23257,-0.21338,-0.19452,-0.17601,-0.1575,-0.13975,-0.12277,-0.10578,-0.089572,-0.074136,-0.058702,-0.04373,-0.029217,-0.014704,-0.00025438,0.01413,0.028515,0.043097,0.057875,0.072652,0.087575,0.10264,0.11771,0.13253,0.1471,0.16167,0.17539,0.18827,0.20115,0.21249,0.2223,0.23211,0.23971,0.24512,0.25052,0.25329,0.25341,0.25353,0.25098,0.24574,0.24051,0.23308,0.22345,0.21383,0.20303,0.19105,0.17907,0.16714,0.15528,0.14342,0.13255,0.12266,0.11278,0.10413,0.096704,0.08928,0.082604,0.076678,0.070752,0.064808,0.058845,0.052882,0.046309,0.039127,0.031944,0.024075,0.01552,0.0069652,0.0022386,0.0013425,0.00044771
0,0,0,0,-0.50736,-0.48017,-0.37485,-0.19139,-0.0079054,0.17019,0.34291,0.5156,0.63967,0.71514,0.79058,0.82742,0.82567,0.82391,0.80441,0.76714,0.72988,0.68376,0.62881,0.57386,0.51342,0.44751,0.3816,0.31638,0.25189,0.18739,0.12872,0.075886,0.023048,-0.0083523,-0.018311,-0.028259,-0.025588,-0.01029,0.0050112,0.0065087,-0.0057988,-0.018116,-0.067619,-0.1543,-0.24099,-0.34719,-0.47291,-0.59863,-0.71519,-0.82262,-0.93008,-0.98096,-0.97523,-0.96949,-0.93648,-0.87619,-0.8159,-0.70886,-0.55505,-0.40124,-0.27271,-0.16946,-0.06625,-0.0011001,0.025952,0.052983,0.059594,0.045773,0.031945,0.021205,0.013555,0.0059054,0.0038219,0.0073064,0.010792,0.014239,0.017649,0.021059,0.021238,0.018185,0.0095434,0.0079913,0.0058322,0.003673,0.0023387,0.0018295,0.0013207,0.0034968,0.0083587,0.01322,0.022155,0.065679,0.093813,0.088314,0.049161,0.0099997,-0.029841,-0.070359,-0.11088,-0.13785,-0.15124,-0.16462,-0.14431,-0.090299,-0.036282,0.0091749,0.046063,0.08294,0.11284,0.13577,0.15869,0.17428,0.18255,0.19081,0.19601,0.19813,0.20026,0.20102,0.20042,0.19982,0.18933,0.16897,0.1486,0.10984,0.052687,-0.0044668,-0.079708,-0.17305,-0.26638,-0.36311,-0.46326,-0.56338,-0.6254,-0.64932,-0.6732,-0.66606,-0.62789,-0.5897,-0.52325,-0.42851,-0.33378,-0.26225,-0.21391,-0.16559,-0.13376,-0.11843,-0.1031,-0.099623,-0.108,-0.11637,-0.14073,-0.1811,-0.22146,-0.26743,-0.31901,-0.3706,-0.41165,-0.44214,-0.47264,-0.47625,-0.45297,-0.42969,-0.38706,-0.32508,-0.26309,-0.19546,-0.12218,-0.048895,0.020314,0.085446,0.15059,0.2096,0.26251,0.31541,0.35776,0.38961,0.42147,0.4407,0.44731,0.45391,0.45551,0.45211,0.44871,0.4421,0.43228,0.42246,0.41104,0.39802,0.38499,0.37174,0.35827,0.34479,0.32942,0.31216,0.29489,0.27744,0.25979,0.24214,0.22558,0.21011,0.19463,0.18019,0.16678,0.15337,0.14049,0.12813,0.11577,0.10045,0.082171,0.063887,0.041279,0.014345,-0.012589,-0.04221,-0.074527,-0.10685,-0.13726,-0.16575,-0.19422,-0.21828,-0.23792,-0.25756,-0.27243,-0.28252,-0.29262,-0.29407,-0.2869,-0.27972,-0.26423,-0.24042,-0.21661,-0.18758,-0.15333,-0.11909,-0.089378,-0.064201,-0.022451,-0.013391,-0.0076589,-0.0016663,0.0035016,0.0039313,0.002697,0.0030307,0,0,0,0,0,0,0,0,0,0,0,0,0,0,0,0,0,0,0,0,0,0,0,0,0,0,0,0,0,0,0,0,0,0,0,0,0,0,0,0,0,0,0,0,0,0,0,0,0,0,0,0,0,0,0,0,0,0,0,0,0,0,0,0,0,0,0,0,0,0,0,0,0,0,0,0,0,0,0,0,0,0,0,0,0,0,0,0,0,0,0,0,0,-0.18134,-0.30225,-0.42834,-0.55957,-0.69081,-0.81478,-0.93146,-1.0481,-1.1425,-1.2147,-1.2869,-1.3361,-1.3624,-1.3887,-1.3808,-1.3387,-1.2966,-1.2606,-1.2307,-1.2008,-1.1586,-1.1041,-1.0496,-1.0067,-0.97544,-0.94415,-0.9219,-0.9087,-0.8955,-0.89342,-0.90245,-0.91149,-0.90324,-0.87771,-0.85218,-0.82705,-0.80232,-0.77759,-0.75312,-0.7289,-0.70468,-0.68071,-0.657,-0.63329,-0.60477,-0.57143,-0.53809,-0.50419,-0.46973,-0.43528,-0.40514,-0.37931,-0.35349,-0.32823,-0.30354,-0.27884,-0.25517,-0.2325,-0.20984,-0.18798,-0.16692,-0.14586,-0.12484,-0.10386,-0.082878,-0.061545,-0.039858,-0.018172,0.0033605,0.024736,0.046113,0.06623,0.085084,0.10394,0.12039,0.13443,0.14848,0.15937,0.1671,0.17484,0.17924,0.18031,0.18138,0.17952,0.17472,0.16993,0.16292,0.15371,0.1445,0.13374,0.12142,0.10911,0.095659,0.081081,0.066504,0.051006,0.034589,0.018172,0.00085928,-0.017349,-0.035557,-0.054595,-0.074462,-0.094329,-0.11464,-0.13539,-0.15615,-0.17673,-0.19713,-0.21753,-0.23715,-0.25598,-0.2748,-0.29243,-0.30887,-0.32531,-0.34036,-0.35402,-0.36767,-0.37984,-0.3905,-0.40116,-0.41024,-0.41776,-0.42527,-0.43107,-0.43516,-0.43925,-0.44137,-0.44152,-0.44168,-0.43965,-0.43545,-0.43124,-0.4248,-0.41614,-0.40747,-0.39665,-0.38367,-0.3707,-0.35587,-0.33918,-0.32249,-0.30461,-0.28553,-0.26645,-0.24699,-0.22713,-0.20728,-0.18773,-0.16848,-0.14923,-0.1307,-0.1129,-0.09509,-0.078031,-0.061722,-0.045413,-0.029545,-0.014115,0.0013156,0.016691,0.032013,0.047336,0.062814,0.078445,0.094077,0.10975,0.12547,0.14118,0.15649,0.17139,0.18629,0.20016,0.213,0.22583,0.23696,0.24636,0.25577,0.2628,0.26746,0.27212,0.274,0.27311,0.27222,0.26856,0.26215,0.25573,0.24708,0.2362,0.22532,0.21328,0.20007,0.18686,0.17378,0.16083,0.14788,0.13601,0.12523,0.11445,0.10503,0.09698,0.088924,0.081777,0.07554,0.069303,0.063182,0.057176,0.051172,0.044648,0.037606,0.030564,0.022986,0.014875,0.0067638,0.0022554,0.0013522,0.00045089
0,0,0,0,-0.4727,-0.44292,-0.33578,-0.15124,0.033323,0.20901,0.37586,0.54271,0.66027,0.72856,0.79684,0.82794,0.82186,0.81576,0.79377,0.75589,0.71801,0.67276,0.62017,0.56758,0.50869,0.44351,0.37834,0.31765,0.26146,0.20528,0.14811,0.089952,0.031787,-0.003966,-0.017297,-0.030623,-0.02988,-0.015061,-0.0002384,0.0055548,0.002318,-0.00092716,-0.042051,-0.12104,-0.20003,-0.30522,-0.43662,-0.56801,-0.6844,-0.78578,-0.88717,-0.93977,-0.94356,-0.94734,-0.92166,-0.86654,-0.81141,-0.69989,-0.53197,-0.36405,-0.23347,-0.14025,-0.047053,0.0061477,0.019326,0.032491,0.032207,0.01847,0.0047283,-0.0025193,-0.0032718,-0.0040228,-0.0024078,0.0015749,0.0055574,0.0097354,0.014109,0.018482,0.01798,0.012602,0,0,0,0,0,0,0,0,0,0,0,0.056367,0.08873,0.09264,0.068077,0.043505,0.016778,-0.012101,-0.040987,-0.067025,-0.090208,-0.11339,-0.10526,-0.065794,-0.026322,0.0091395,0.040588,0.072033,0.10076,0.12676,0.15276,0.16759,0.17126,0.17492,0.17684,0.17702,0.17719,0.1774,0.17763,0.17786,0.17176,0.15933,0.1469,0.11924,0.076375,0.033508,-0.030322,-0.1151,-0.19987,-0.29311,-0.39484,-0.49655,-0.55318,-0.56475,-0.57629,-0.5635,-0.52635,-0.48921,-0.43194,-0.35456,-0.27717,-0.21523,-0.16872,-0.12223,-0.093065,-0.049908,-0.043114,-0.041631,-0.045456,-0.080759,-0.10031,-0.13249,-0.16466,-0.2062,-0.25711,-0.30801,-0.34997,-0.38296,-0.41593,-0.42288,-0.40382,-0.38476,-0.34924,-0.29726,-0.24527,-0.18893,-0.12824,-0.067543,-0.01081,0.041974,0.09477,0.14452,0.19122,0.23791,0.27973,0.31668,0.35363,0.37788,0.38943,0.40096,0.40803,0.41064,0.41325,0.41271,0.40902,0.40533,0.39831,0.38795,0.3776,0.3659,0.35286,0.33983,0.32527,0.3092,0.29313,0.27542,0.25608,0.23673,0.21846,0.20126,0.18408,0.16835,0.15408,0.13981,0.12648,0.11409,0.1017,0.087875,0.072604,0.057334,0.039249,0.018343,-0.0025617,-0.025332,-0.049978,-0.07463,-0.09975,-0.12533,-0.1509,-0.17391,-0.19436,-0.21482,-0.23238,-0.24704,-0.2617,-0.26827,-0.26677,-0.26527,-0.25393,-0.23277,-0.2116,-0.18612,-0.15636,-0.1266,-0.099523,-0.075148,-0.050777,-0.03208,-0.019064,-0.0060499,0.0016508,0.0040385,0.0064264,0.007575,0,0,0,0,0,0,0,0,0,0,0,0,0,0,0,0,0,0,0,0,0,0,0,0,0,0,0,0,0,0,0,0,0,0,0,0,0,0,0,0,0,0,0,0,0,0,0,0,0,0,0,0,0,0,0,0,0,0,0,0,0,0,0,0,0,0,0,0,0,0,0,0,0,0,0,0,0,0,0,0,0,0,0,0,0,0,0,0,0,0,0,0,0,-0.16762,-0.27939,-0.3978,-0.52286,-0.64794,-0.77022,-0.88967,-1.0091,-1.1111,-1.1956,-1.2801,-1.3408,-1.3775,-1.4143,-1.4126,-1.3725,-1.3324,-1.2949,-1.26,-1.2252,-1.1784,-1.1197,-1.0609,-1.0154,-0.98317,-0.95092,-0.92833,-0.91541,-0.90248,-0.90045,-0.9093,-0.91816,-0.90914,-0.88224,-0.85534,-0.82887,-0.80286,-0.77685,-0.75164,-0.72722,-0.7028,-0.67918,-0.65636,-0.63354,-0.60861,-0.58158,-0.55455,-0.52038,-0.47907,-0.43776,-0.40364,-0.37671,-0.34979,-0.3233,-0.29725,-0.2712,-0.24622,-0.22231,-0.19839,-0.17565,-0.15408,-0.1325,-0.11138,-0.090709,-0.07004,-0.049214,-0.028231,-0.0072485,0.013528,0.034094,0.054659,0.073963,0.092002,0.11004,0.1257,0.13898,0.15225,0.16234,0.16923,0.17613,0.17961,0.17969,0.17977,0.17685,0.17093,0.16501,0.15678,0.14625,0.13572,0.12353,0.1097,0.09586,0.080894,0.064799,0.048706,0.031781,0.014024,-0.0037336,-0.022274,-0.041595,-0.060917,-0.080905,-0.10156,-0.12221,-0.14308,-0.16415,-0.18523,-0.20589,-0.22613,-0.24638,-0.26562,-0.28386,-0.30209,-0.31894,-0.33439,-0.34984,-0.36375,-0.37614,-0.38852,-0.39933,-0.40857,-0.41781,-0.42546,-0.43152,-0.43758,-0.44199,-0.44474,-0.44749,-0.44841,-0.44748,-0.44655,-0.44357,-0.43855,-0.43352,-0.42636,-0.41708,-0.4078,-0.39644,-0.38299,-0.36955,-0.35425,-0.33711,-0.31996,-0.30156,-0.28192,-0.26228,-0.2422,-0.22169,-0.20117,-0.18093,-0.16095,-0.14096,-0.12165,-0.10302,-0.084392,-0.066487,-0.049304,-0.03212,-0.015358,0.0009887,0.017336,0.033639,0.049898,0.066157,0.082531,0.099017,0.1155,0.13193,0.14829,0.16465,0.18045,0.19568,0.21091,0.22493,0.23773,0.25052,0.26143,0.27043,0.27943,0.28589,0.2898,0.29372,0.29472,0.29281,0.29091,0.28615,0.27855,0.27095,0.26108,0.24895,0.23681,0.22352,0.20909,0.19466,0.18042,0.16638,0.15233,0.13946,0.12779,0.11612,0.10594,0.097255,0.088568,0.080949,0.074402,0.067854,0.061556,0.055508,0.049461,0.042986,0.036085,0.029183,0.021897,0.014228,0.0065601,0.0022704,0.0013616,0.00045409
0,0,0,0,-0.43723,-0.39696,-0.2867,-0.10644,0.073817,0.24167,0.39715,0.55267,0.66056,0.72083,0.78109,0.80665,0.79751,0.78836,0.76575,0.72967,0.69358,0.65128,0.60274,0.55421,0.49979,0.43946,0.37914,0.32591,0.27976,0.23361,0.17625,0.10768,0.039091,-0.0014711,-0.013991,-0.026503,-0.026686,-0.014537,-0.0023845,0.0042321,0.0053123,0.0063902,-0.024385,-0.087005,-0.14962,-0.25396,-0.40001,-0.54607,-0.66397,-0.75368,-0.84338,-0.89887,-0.92013,-0.94137,-0.92684,-0.87654,-0.40459,-0.34769,-0.26021,-0.31266,-0.1782,-0.1047,-0.031214,0.0081392,0.013345,0.018539,0.015431,0.0040175,-0.0073961,-0.01198,-0.009735,-0.0074876,-0.0046009,-0.0010754,0.00245,0.0062356,0.01028,0.014325,0.013624,0.008176,0,0,0,0,0,0,0,0,0,0,0,0.048216,0.080366,0.088035,0.071205,0.054367,0.033813,0.0095345,-0.014747,-0.036546,-0.055867,-0.075187,-0.071438,-0.044615,-0.017788,0.0075938,0.031534,0.055478,0.082809,0.11353,0.14424,0.15968,0.15984,0.16,0.1603,0.16074,0.16117,0.16045,0.15856,0.15667,0.15048,0.13998,0.12948,0.10787,0.075154,0.042437,-0.010889,-0.084818,-0.15876,-0.24259,-0.3363,-0.43001,-0.48208,-0.49253,-0.50295,-0.49396,-0.46555,-0.43713,-0.39311,-0.3335,-0.27389,-0.2142,-0.15444,-0.094684,-0.060596,0,0,0,0,-0.054136,-0.069821,-0.095339,-0.12085,-0.15606,-0.20096,-0.24585,-0.28572,-0.32056,-0.35539,-0.36569,-0.35145,-0.33721,-0.30812,-0.2642,-0.22028,-0.17276,-0.12164,-0.070529,-0.023331,0.019964,0.063259,0.10438,0.1433,0.18222,0.21958,0.25536,0.29114,0.31657,0.33164,0.34669,0.35751,0.36411,0.3707,0.3747,0.3761,0.37751,0.3747,0.36769,0.36067,0.3516,0.34047,0.32935,0.31648,0.30187,0.28725,0.27036,0.25117,0.23199,0.21339,0.19538,0.17737,0.16054,0.14489,0.12923,0.11506,0.10236,0.089658,0.076732,0.063579,0.050427,0.035669,0.019306,0.0029445,-0.014748,-0.033773,-0.052805,-0.073457,-0.095727,-0.118,-0.13916,-0.15921,-0.17926,-0.1976,-0.21422,-0.23084,-0.24025,-0.24245,-0.24465,-0.23676,-0.21877,-0.20078,-0.17892,-0.15318,-0.12745,-0.10338,-0.080984,-0.058592,-0.040212,-0.011405,-0.0041214,0.00036213,0.0016453,0.0056041,0.0078995,0,0,0,0,0,0,0,0,0,0,0,0,0,0,0,0,0,0,0,0,0,0,0,0,0,0,0,0,0,0,0,0,0,0,0,0,0,0,0,0,0,0,0,0,0,0,0,0,0,0,0,0,0,0,0,0,0,0,0,0,0,0,0,0,0,0,0,0,0,0,0,0,0,0,0,0,0,0,0,0,0,0,0,0,0,0,0,0,0,0,0,0,0,-0.15171,-0.24942,-0.35664,-0.47341,-0.59021,-0.70972,-0.83195,-0.95418,-1.0638,-1.1609,-1.258,-1.3305,-1.3785,-1.4266,-1.434,-1.4008,-1.3676,-1.3288,-1.2843,-1.2398,-1.1884,-1.13,-1.0716,-1.0258,-0.99274,-0.95969,-0.93675,-0.92394,-0.91113,-0.90567,-0.90758,-0.90949,-0.89955,-0.87778,-0.856,-0.83143,-0.80405,-0.77669,-0.75062,-0.72587,-0.70111,-0.67767,-0.65557,-0.63346,-0.61068,-0.58724,-0.56379,-0.53125,-0.48962,-0.44797,-0.41311,-0.38505,-0.35699,-0.32799,-0.29805,-0.26812,-0.24054,-0.2153,-0.19006,-0.16629,-0.14397,-0.12165,-0.10019,-0.07957,-0.058954,-0.038438,-0.018019,0.0024012,0.022513,0.042313,0.062113,0.080637,0.097881,0.11513,0.13003,0.14259,0.15515,0.16453,0.17074,0.17694,0.17969,0.17898,0.17828,0.17449,0.16762,0.16075,0.15144,0.13971,0.12797,0.11448,0.099232,0.083984,0.067593,0.050061,0.032531,0.014222,-0.0048641,-0.023951,-0.043711,-0.064144,-0.084577,-0.10548,-0.12687,-0.14825,-0.1696,-0.19092,-0.21224,-0.23291,-0.25293,-0.27296,-0.29178,-0.3094,-0.32702,-0.34307,-0.35755,-0.37204,-0.38486,-0.39603,-0.40719,-0.41671,-0.42458,-0.43245,-0.4387,-0.44333,-0.44796,-0.45098,-0.45237,-0.45376,-0.45343,-0.45138,-0.44932,-0.44535,-0.43947,-0.43359,-0.4257,-0.41578,-0.40586,-0.39394,-0.38001,-0.36609,-0.35034,-0.33276,-0.31519,-0.29634,-0.27621,-0.25609,-0.23549,-0.21441,-0.19333,-0.17248,-0.15185,-0.13122,-0.11124,-0.091893,-0.072552,-0.053913,-0.035974,-0.018037,-0.00051077,0.016609,0.033728,0.050797,0.067814,0.084831,0.10192,0.11907,0.13621,0.1532,0.17003,0.18686,0.20298,0.2184,0.23381,0.24784,0.2605,0.27315,0.28374,0.29226,0.30078,0.30661,0.30975,0.3129,0.31302,0.31013,0.30724,0.30144,0.29275,0.28405,0.27307,0.25981,0.24655,0.23217,0.21666,0.20116,0.18591,0.17091,0.1559,0.14217,0.1297,0.11724,0.10638,0.097118,0.087855,0.0798,0.072955,0.06611,0.059637,0.053539,0.04744,0.040984,0.034172,0.02736,0.020183,0.012641,0.0050991,0.001106,0.00066316,0.00022118
0,0,0,0,-0.40097,-0.34227,-0.22763,-0.057039,0.11356,0.26817,0.40681,0.54547,0.64051,0.69193,0.74333,0.76357,0.75265,0.74173,0.72035,0.68848,0.65662,0.6193,0.57653,0.53376,0.48671,0.43536,0.38401,0.34115,0.30677,0.27238,0.21314,0.12905,0.021014,-0.00058369,-0.005597,-0.010602,-0.010674,-0.0058146,-0.00095328,0.0016933,0.0021249,0.0025559,-0.0097527,-0.0348,-0.059853,-0.11185,-0.36306,-0.53274,-0.65383,-0.7263,-0.79872,-0.85825,-0.90491,-0.95157,-0.952,-0.90618,0,0,0,-0.13992,-0.071282,-0.041882,-0.01249,0.0032549,0.0053384,0.0074156,0.0061719,0.0016067,-0.002958,-0.0047914,-0.0038938,-0.0029949,-0.0018402,-0.00043007,0.0009796,0.0024933,0.0041113,0.0057291,0.0054493,0.0032705,0,0,0,0,0,0,0,0,0,0,0,0.041234,0.068725,0.074505,0.058558,0.042604,0.021276,-0.0054287,-0.032137,-0.046395,-0.048199,-0.031297,-0.028575,-0.017845,-0.0071166,0.0030347,0.01261,0.022189,0.035449,0.096064,0.13313,0.15054,0.1483,0.14606,0.14638,0.14929,0.1522,0.15017,0.14322,0.13626,0.12549,0.11091,0.096337,0.075709,0.049028,0.022345,-0.021397,-0.08221,-0.14303,-0.21151,-0.28765,-0.36379,-0.41213,-0.43266,-0.45318,-0.45745,-0.44545,-0.43345,-0.40675,-0.36533,-0.32391,-0.25915,-0.17104,-0.044405,-0.024236,0,0,0,0,-0.036493,-0.049248,-0.06964,-0.090027,-0.117,-0.15055,-0.1841,-0.21892,-0.25499,-0.29105,-0.30468,-0.29585,-0.28702,-0.26371,-0.22592,-0.18812,-0.14694,-0.10239,-0.057847,-0.017251,0.019398,0.056051,0.089173,0.11876,0.14835,0.17731,0.20566,0.234,0.25677,0.27394,0.29111,0.30397,0.31252,0.32106,0.32807,0.33353,0.339,0.34023,0.33723,0.33422,0.32885,0.3211,0.31336,0.30305,0.29015,0.27725,0.26223,0.24508,0.22792,0.21038,0.19244,0.1745,0.15675,0.1392,0.12164,0.10622,0.092926,0.079634,0.067024,0.055094,0.043164,0.030546,0.017241,0.0039348,-0.010449,-0.025905,-0.041364,-0.058378,-0.076945,-0.095517,-0.11403,-0.13246,-0.15089,-0.16809,-0.18407,-0.20004,-0.21,-0.21394,-0.21787,-0.2127,-0.19843,-0.18416,-0.16595,-0.1438,-0.12165,-0.10095,-0.081711,-0.062473,-0.045873,0,0,0,-0.00040037,0.0018746,0.0055207,0.0035943,0,0,0,0,0,0,0,0,0,0,0,0,0,0,0,0,0,0,0,0,0,0,0,0,0,0,0,0,0,0,0,0,0,0,0,0,0,0,0,0,0,0,0,0,0,0,0,0,0,0,0,0,0,0,0,0,0,0,0,0,0,0,0,0,0,0,0,0,0,0,0,0,0,0,0,0,0,0,0,0,0,0,0,0,0,0,0,0,0,0,-0.0087053,-0.02764,-0.13359,-0.21234,-0.30487,-0.41122,-0.51759,-0.63328,-0.75832,-0.88337,-1.0008,-1.1106,-1.2205,-1.3054,-1.3655,-1.4255,-1.4449,-1.4236,-1.4023,-1.3623,-1.3035,-1.2447,-1.1885,-1.135,-1.0815,-1.0379,-1.0042,-0.97045,-0.94717,-0.93431,-0.92144,-0.9091,-0.89728,-0.88547,-0.87448,-0.86433,-0.85419,-0.83471,-0.8059,-0.77709,-0.75007,-0.72484,-0.69961,-0.6762,-0.65463,-0.63305,-0.61098,-0.5884,-0.56583,-0.53682,-0.50136,-0.46589,-0.43354,-0.40432,-0.37508,-0.34229,-0.30595,-0.2696,-0.23811,-0.21149,-0.18486,-0.1599,-0.13661,-0.11332,-0.091263,-0.070443,-0.049625,-0.029218,-0.009221,0.010777,0.030317,0.049395,0.068472,0.086247,0.10272,0.11919,0.13337,0.14527,0.15717,0.16595,0.17161,0.17727,0.17946,0.17818,0.17691,0.17244,0.16479,0.15714,0.1469,0.13408,0.12126,0.10657,0.090025,0.073478,0.055756,0.036865,0.01798,-0.0016668,-0.022073,-0.042477,-0.063449,-0.084989,-0.10653,-0.12833,-0.15038,-0.17244,-0.19421,-0.21569,-0.23717,-0.25779,-0.27753,-0.29727,-0.31563,-0.3326,-0.34957,-0.36483,-0.37837,-0.39191,-0.40369,-0.41369,-0.4237,-0.43198,-0.43854,-0.4451,-0.44998,-0.4532,-0.45642,-0.45804,-0.45805,-0.45806,-0.45646,-0.45323,-0.44999,-0.445,-0.43823,-0.43147,-0.4228,-0.41223,-0.40166,-0.38916,-0.37473,-0.36031,-0.34411,-0.32615,-0.30818,-0.28894,-0.26841,-0.24789,-0.22685,-0.20529,-0.18374,-0.16237,-0.14119,-0.12002,-0.099457,-0.079512,-0.059571,-0.040313,-0.021736,-0.0031622,0.014997,0.032744,0.050492,0.068164,0.085759,0.10335,0.12097,0.13859,0.15621,0.17358,0.19069,0.20779,0.22407,0.23953,0.25498,0.26891,0.2813,0.2937,0.30389,0.31185,0.31982,0.32497,0.32731,0.32966,0.3289,0.32506,0.32121,0.31444,0.30473,0.29502,0.28304,0.2688,0.25455,0.23922,0.22279,0.20636,0.19024,0.17442,0.15859,0.14411,0.13097,0.11782,0.10635,0.09657,0.086788,0.078331,0.071201,0.064072,0.057427,0.051268,0.045109,0.038642,0.031868,0.025096,0.017844,0.010113,0.0023826,-0.0012368,-0.00074322,-0.00024782
0,0,0,0,-0.36469,-0.28758,-0.16857,-0.0076248,0.15331,0.29465,0.41646,0.53827,0.62045,0.663,0.70554,0.72047,0.70779,0.6951,0.67494,0.6473,0.61965,0.58732,0.55031,0.5133,0.47362,0.43126,0.38889,0.35639,0.33376,0.31113,0.25,0.1504,0,0,0,0,0,0,0,0,0,0,0,0,0,0,-0.32612,-0.51942,-0.64369,-0.6989,-0.75408,-0.81768,-0.88973,-0.9618,-0.97718,-0.93585,0,0,0,0,0,0,0,0,0,0,0,0,0,0,0,0,0,0,0,0,0,0,0,0,0,0,0,0,0,0,0,0,0,0,0,0.034246,0.057084,0.060979,0.045912,0.030841,0.0087425,-0.020389,-0.04952,-0.056232,-0.040529,0,0,0,0,0,0,0,0,0.078602,0.12202,0.1414,0.13675,0.1321,0.13246,0.13784,0.14323,0.1399,0.12787,0.11584,0.1005,0.081852,0.063206,0.043556,0.022906,0.0022543,-0.031906,-0.079594,-0.12729,-0.18042,-0.239,-0.29758,-0.34218,-0.37281,-0.40343,-0.42095,-0.42537,-0.4298,-0.4204,-0.39718,-0.37396,-0.30412,-0.18766,0,0,0,0,0,0,-0.018853,-0.028678,-0.043945,-0.059212,-0.077953,-0.10016,-0.12236,-0.15212,-0.18942,-0.22672,-0.24366,-0.24025,-0.23683,-0.21929,-0.18762,-0.15596,-0.12113,-0.083146,-0.045163,-0.011167,0.018837,0.048844,0.073974,0.094226,0.11448,0.13506,0.15597,0.17688,0.19698,0.21626,0.23555,0.25043,0.26093,0.27142,0.28144,0.29097,0.30049,0.30576,0.30676,0.30777,0.30609,0.30173,0.29738,0.28961,0.27843,0.26725,0.2541,0.23898,0.22386,0.20736,0.18949,0.17163,0.15297,0.13351,0.11405,0.097379,0.083495,0.06961,0.057315,0.046608,0.035901,0.025423,0.015173,0.0049213,-0.0061496,-0.018038,-0.029926,-0.043305,-0.058172,-0.073044,-0.08889,-0.1057,-0.12252,-0.13859,-0.15391,-0.16925,-0.17975,-0.18541,-0.19109,-0.18865,-0.17809,-0.16754,-0.15298,-0.13441,-0.11584,-0.098521,-0.082436,-0.066352,-0.051529,0,0,0,0,0,0.0031408,0.0035943,0,0,0,0,0,0,0,0,0,0,0,0,0,0,0,0,0,0,0,0,0,0,0,0,0,0,0,0,0,0,0,0,0,0,0,0,0,0,0,0,0,0,0,0,0,0,0,0,0,0,0,0,0,0,0,0,0,0,0,0,0,0,0,0,0,0,0,0,0,0,0,0,0,0,0,0,0,0,0,0,0,0,0,0,0,0,0,0,0,0,-0.02176,-0.0557,-0.11547,-0.17525,-0.25311,-0.34904,-0.44499,-0.55688,-0.68473,-0.81258,-0.9378,-1.0604,-1.183,-1.2804,-1.3524,-1.4245,-1.4558,-1.4464,-1.437,-1.3958,-1.3227,-1.2495,-1.1887,-1.14,-1.0914,-1.0499,-1.0156,-0.98123,-0.95759,-0.94467,-0.93175,-0.91252,-0.88699,-0.86145,-0.84942,-0.85089,-0.85237,-0.83799,-0.80775,-0.77749,-0.74952,-0.72381,-0.69811,-0.67473,-0.65369,-0.63265,-0.61127,-0.58957,-0.56786,-0.54237,-0.5131,-0.48382,-0.45398,-0.42358,-0.39317,-0.3566,-0.31384,-0.27108,-0.23569,-0.20768,-0.17967,-0.15352,-0.12925,-0.10498,-0.082337,-0.061316,-0.040297,-0.02,-0.0004242,0.019154,0.038122,0.056477,0.074833,0.09186,0.10755,0.12325,0.13671,0.14795,0.15918,0.16736,0.17248,0.17759,0.17923,0.17738,0.17553,0.17039,0.16196,0.15353,0.14236,0.12845,0.11454,0.098666,0.080817,0.062969,0.043918,0.023671,0.0034299,-0.017554,-0.039279,-0.061003,-0.083188,-0.10584,-0.12849,-0.15118,-0.1739,-0.19662,-0.21881,-0.24046,-0.26211,-0.28267,-0.30212,-0.32158,-0.33947,-0.3558,-0.37212,-0.38658,-0.39918,-0.41179,-0.42251,-0.43135,-0.4402,-0.44724,-0.45249,-0.45773,-0.46126,-0.46307,-0.46488,-0.4651,-0.46373,-0.46236,-0.45947,-0.45507,-0.45066,-0.44464,-0.43699,-0.42934,-0.4199,-0.40868,-0.39745,-0.38437,-0.36945,-0.35453,-0.33789,-0.31953,-0.30117,-0.28153,-0.26061,-0.2397,-0.21822,-0.19618,-0.17414,-0.15226,-0.13053,-0.10881,-0.087674,-0.06713,-0.046588,-0.02671,-0.0074966,0.011715,0.030507,0.04888,0.067255,0.085532,0.10371,0.12188,0.14002,0.15811,0.17621,0.19395,0.21134,0.22873,0.24517,0.26066,0.27615,0.28997,0.30211,0.31426,0.32403,0.33144,0.33885,0.34333,0.34487,0.34642,0.34479,0.33999,0.33518,0.32743,0.31671,0.306,0.29302,0.27779,0.26255,0.24626,0.22891,0.21156,0.19457,0.17793,0.16129,0.14605,0.13222,0.11839,0.10632,0.096021,0.08572,0.076862,0.069447,0.062034,0.055216,0.048996,0.042777,0.036299,0.029565,0.022832,0.015505,0.0075852,-0.00033448,-0.0035802,-0.0021496,-0.00071662
0,0,0,0,-0.30484,-0.22919,-0.11844,0.027433,0.17329,0.2986,0.40339,0.50819,0.57865,0.61474,0.65083,0.66374,0.65351,0.64329,0.62618,0.60217,0.57817,0.55036,0.51875,0.48714,0.45404,0.41946,0.38488,0.35898,0.34176,0.32454,0.2633,0.158,0,0,0,0,0,0,0,0,0,0,0,0,0,0,-0.29829,-0.49716,-0.6289,-0.69349,-0.75806,-0.83449,-0.9228,-1.0111,-1.0427,-1.0174,0,0,0,0,0,0,0,0,0,0,0,0,0,0,0,0,0,0,0,0,0,0,0,0,0,0,0,0,0,0,0,0,0,0,0,0.025374,0.046244,0.050184,0.037182,0.024175,0.0045386,-0.021739,-0.048013,-0.050957,-0.030578,0,0,0,0,0,0,0,0,0.058219,0.097041,0.11401,0.10914,0.10426,0.10821,0.12099,0.13376,0.1323,0.11658,0.10087,0.083011,0.063015,0.043024,0.02492,0.0087114,-0.0074987,-0.033861,-0.070381,-0.10691,-0.15073,-0.20185,-0.25297,-0.30132,-0.34693,-0.18928,-0.20135,-0.43924,-0.45516,-0.21362,-0.20655,-0.19949,-0.16331,-0.21692,0,0,0,0,0,-0.002007,-0.0083623,-0.015328,-0.025915,-0.036503,-0.051171,-0.069921,-0.088674,-0.11323,-0.14359,-0.17396,-0.18812,-0.18606,-0.184,-0.16965,-0.14301,-0.11636,-0.087173,-0.055451,-0.023729,0.0040483,0.027878,0.051707,0.070802,0.085161,0.099519,0.11393,0.12841,0.14288,0.15806,0.17396,0.18986,0.20303,0.2135,0.22397,0.23466,0.24555,0.25644,0.26482,0.27069,0.27655,0.279,0.27804,0.27707,0.27218,0.26336,0.25453,0.24336,0.22984,0.21633,0.20113,0.18427,0.1674,0.1489,0.12875,0.1086,0.091235,0.076661,0.062085,0.049607,0.039228,0.028848,0.019403,0.01089,0.0023769,-0.0065022,-0.015748,-0.024995,-0.035303,-0.046673,-0.058044,-0.070617,-0.084389,-0.098163,-0.1117,-0.125,-0.1383,-0.14816,-0.15459,-0.16102,-0.16073,-0.15371,-0.14669,-0.13589,-0.12131,-0.10672,-0.09299,-0.080105,-0.067221,-0.054315,0,0,0,0,0,0.00023264,0,0,0,0,0,0,0,0,0,0,0,0,0,0,0,0,0,0,0,0,0,0,0,0,0,0,0,0,0,0,0,0,0,0,0,0,0,0,0,0,0,0,0,0,0,0,0,0,0,0,0,0,0,0,0,0,0,0,0,0,0,0,0,0,0,0,0,0,0,0,0,0,0,0,0,0,0,0,0,0,0,0,0,0,0,0,0,-0.00056905,-0.00094847,-0.003293,-0.0076028,-0.024969,-0.052162,-0.097377,-0.1426,-0.2094,-0.29778,-0.38615,-0.49592,-0.62707,-0.75822,-0.89235,-1.0295,-1.1665,-1.2764,-1.3589,-1.4414,-1.4783,-1.4696,-1.4607,-1.4178,-1.3406,-1.2635,-1.1993,-1.148,-1.0967,-1.0552,-1.0234,-0.99167,-0.96894,-0.95526,-0.94159,-0.91835,-0.88556,-0.85276,-0.8398,-0.84669,-0.85358,-0.84138,-0.81006,-0.77874,-0.74997,-0.72376,-0.69755,-0.67402,-0.65317,-0.63232,-0.61145,-0.59054,-0.56964,-0.54638,-0.52076,-0.49514,-0.46693,-0.43613,-0.40532,-0.36791,-0.32389,-0.27987,-0.24208,-0.21052,-0.17896,-0.15055,-0.12529,-0.10003,-0.076673,-0.0552,-0.033729,-0.013302,0.0060863,0.025476,0.044048,0.061796,0.079547,0.095903,0.11086,0.12582,0.13859,0.14917,0.15975,0.16735,0.17197,0.17658,0.17774,0.17544,0.17314,0.16747,0.15844,0.14941,0.13751,0.12275,0.10799,0.091158,0.072249,0.053339,0.033162,0.011718,-0.0097199,-0.031914,-0.05487,-0.077827,-0.10114,-0.12483,-0.14851,-0.17202,-0.19536,-0.21869,-0.24125,-0.26301,-0.28478,-0.30521,-0.3243,-0.3434,-0.36074,-0.37632,-0.39191,-0.40553,-0.41719,-0.42884,-0.43853,-0.44626,-0.45399,-0.45985,-0.46385,-0.46785,-0.47008,-0.47054,-0.47101,-0.46989,-0.46717,-0.46445,-0.46029,-0.45469,-0.44908,-0.442,-0.43344,-0.42487,-0.41466,-0.40279,-0.39093,-0.37732,-0.36195,-0.34659,-0.32958,-0.3109,-0.29222,-0.27227,-0.25105,-0.22983,-0.20802,-0.18562,-0.16323,-0.14096,-0.11881,-0.096664,-0.075083,-0.054073,-0.033065,-0.012706,0.0070035,0.02671,0.045991,0.064844,0.083698,0.10242,0.12101,0.13961,0.1581,0.1765,0.1949,0.21285,0.23037,0.24788,0.26433,0.27971,0.29509,0.30867,0.32045,0.33222,0.34151,0.3483,0.35508,0.35885,0.35958,0.36031,0.35783,0.35212,0.34641,0.33775,0.32615,0.31454,0.30072,0.28469,0.26866,0.25161,0.23354,0.21547,0.1978,0.18052,0.16324,0.14741,0.13304,0.11867,0.10612,0.095398,0.084674,0.07547,0.067789,0.060109,0.053116,0.046808,0.040501,0.033976,0.027233,0.020491,0.013123,0.0051299,-0.0028626,-0.0057172,-0.0034316,-0.0011442
0,0,0,0,-0.22142,-0.16708,-0.077228,0.048137,0.1735,0.28001,0.36764,0.45526,0.5151,0.54714,0.57916,0.59339,0.58984,0.5863,0.57406,0.55312,0.53218,0.50842,0.48184,0.45526,0.42797,0.39998,0.37198,0.34892,0.33078,0.31265,0.253,0.15181,0,0,0,0,0,0,0,0,0,0,0,0,0,0,-0.27955,-0.46593,-0.60944,-0.71006,-0.81065,-0.90866,-1.0041,-1.0995,-1.1484,-1.1509,-0.61702,0,0,0,0,0,0,0,0,0,0,0,0,0,0,0,0,0,0,0,0,0,0,0,0,0,-0.0090976,-0.015162,-0.018576,-0.019337,-0.020098,-0.019039,-0.016158,-0.013279,-0.0063517,0.014619,0.036204,0.042122,0.032363,0.022603,0.0086576,-0.0094807,-0.018909,-0.020383,-0.012231,0,0,0,0,0,0,0,0,0.023287,0.038815,0.045607,0.043658,0.041701,0.045457,0.098711,0.1238,0.12735,0.10934,0.091335,0.073019,0.054401,0.035783,0.019794,0.0064369,-0.0069196,-0.027259,-0.054577,-0.081898,-0.12243,-0.17619,-0.22995,-0.28956,-0.35504,0,0,-0.48703,-0.50954,0,0,0,0,-0.25877,0,0,0,0,0,-0.0030101,-0.005017,-0.0091965,-0.015548,-0.021898,-0.036657,-0.059828,-0.083007,-0.10223,-0.1175,-0.13277,-0.13803,-0.13329,-0.12854,-0.1148,-0.092065,-0.069328,-0.045077,-0.019315,0.006446,0.028387,0.046509,0.064629,0.079646,0.091561,0.10348,0.11395,0.12297,0.132,0.14001,0.14702,0.15403,0.16177,0.17023,0.17869,0.18772,0.1973,0.20688,0.21746,0.22902,0.24057,0.24758,0.25002,0.25246,0.25076,0.24492,0.23908,0.23,0.21767,0.20533,0.1917,0.17676,0.16182,0.14454,0.12491,0.10528,0.087786,0.072423,0.057059,0.043902,0.032953,0.022004,0.012486,0.0043965,-0.0036928,-0.011503,-0.019034,-0.026563,-0.034365,-0.042437,-0.050509,-0.059201,-0.068514,-0.077825,-0.087423,-0.097314,-0.1072,-0.11524,-0.12146,-0.12767,-0.12895,-0.12529,-0.12163,-0.11469,-0.10449,-0.094287,-0.084363,-0.074722,-0.065081,-0.054229,0,0,0,0,0,-0.0032042,0,0,0,0,0,0,0,0,0,0,0,0,0,0,0,0,0,0,0,0,0,0,0,0,0,0,0,0,0,0,0,0,0,0,0,0,0,0,0,0,0,0,0,0,0,0,0,0,0,0,0,0,0,0,0,0,0,0,0,0,0,0,0,0,0,0,0,0,0,0,0,0,0,0,0,0,0,0,0,0,0,0,0,0,0,0,0,-0.0012626,-0.0021044,-0.0065579,-0.014622,-0.022688,-0.044249,-0.079309,-0.11437,-0.17373,-0.25741,-0.34108,-0.45038,-0.58532,-0.72026,-0.86438,-1.0177,-1.1711,-1.2935,-1.385,-1.4764,-1.5124,-1.493,-1.4734,-1.4282,-1.3574,-1.2865,-1.2203,-1.1588,-1.0973,-1.0536,-1.0277,-1.0018,-0.98123,-0.96609,-0.95095,-0.92659,-0.89298,-0.85938,-0.84563,-0.85172,-0.85783,-0.84487,-0.81284,-0.78081,-0.75142,-0.72468,-0.69794,-0.67407,-0.65308,-0.63209,-0.61151,-0.59133,-0.57116,-0.54884,-0.52436,-0.49988,-0.47242,-0.44197,-0.41152,-0.37623,-0.33611,-0.29598,-0.25729,-0.22002,-0.18275,-0.15099,-0.12473,-0.09848,-0.074268,-0.052096,-0.029925,-0.0091227,0.010311,0.029746,0.048095,0.065353,0.082613,0.098375,0.11264,0.1269,0.139,0.14894,0.15887,0.16592,0.17008,0.17423,0.175,0.17236,0.16973,0.16369,0.15424,0.14479,0.13237,0.11698,0.1016,0.084047,0.064319,0.044587,0.023484,0.0010067,-0.021467,-0.044749,-0.068849,-0.092953,-0.11732,-0.14196,-0.1666,-0.19087,-0.21475,-0.23864,-0.26151,-0.28335,-0.30519,-0.32543,-0.34407,-0.36271,-0.37942,-0.39418,-0.40895,-0.42168,-0.43238,-0.44307,-0.45174,-0.4584,-0.46506,-0.4698,-0.47261,-0.47543,-0.47643,-0.47563,-0.47483,-0.47241,-0.46837,-0.46434,-0.45891,-0.45209,-0.44526,-0.43709,-0.42758,-0.41806,-0.40706,-0.39458,-0.3821,-0.36799,-0.35225,-0.33651,-0.31917,-0.30025,-0.28133,-0.26115,-0.23972,-0.2183,-0.19627,-0.17363,-0.151,-0.12846,-0.10602,-0.083584,-0.061687,-0.040343,-0.019001,0.0017011,0.021763,0.041825,0.061445,0.080633,0.09982,0.11884,0.13768,0.15653,0.17522,0.19375,0.21228,0.23029,0.24777,0.26525,0.28155,0.29668,0.31181,0.32502,0.33631,0.34761,0.35631,0.36241,0.36852,0.37153,0.37144,0.37135,0.36803,0.36146,0.35489,0.34542,0.33305,0.32067,0.30616,0.28952,0.27287,0.25525,0.23666,0.21808,0.19992,0.18218,0.16444,0.14819,0.13343,0.11866,0.10576,0.094703,0.083651,0.074158,0.066226,0.058296,0.051122,0.044703,0.038282,0.031673,0.024873,0.018074,0.010699,0.0027499,-0.0051997,-0.007647,-0.0045896,-0.0015306
0,0,0,0,-0.13802,-0.10499,-0.036049,0.068825,0.17371,0.26139,0.33186,0.40233,0.45155,0.47954,0.5075,0.52305,0.52618,0.52931,0.52194,0.50406,0.48618,0.46647,0.44492,0.42338,0.4019,0.38049,0.35908,0.33885,0.3198,0.30074,0.24268,0.14563,0,0,0,0,0,0,0,0,0,0,0,0,0,0,-0.26081,-0.43468,-0.58995,-0.72662,-0.86326,-0.98285,-1.0854,-1.1878,-1.2542,-1.2844,-1.3146,0,0,0,0,0,0,0,0,0,0,0,0,0,0,0,0,0,0,0,0,0,0,0,0,0,-0.022736,-0.037897,-0.046431,-0.048336,-0.050239,-0.047592,-0.040394,-0.033198,-0.018444,0.003858,0.026158,0.034058,0.027546,0.021033,0.012776,0.0027745,0,0,0,0,0,0,0,0,0,0,0,0,0,0,0,0,0,0.076441,0.11384,0.12239,0.1021,0.081798,0.063023,0.045783,0.028543,0.014669,0.0041635,-0.0063428,-0.020656,-0.038774,-0.056895,-0.094144,-0.15052,-0.20691,-0.27779,-0.36315,0,0,-0.53483,-0.56392,0,0,0,0,-0.30062,0,0,0,0,0,-0.0010031,-0.0016721,-0.0030653,-0.0051818,-0.007298,-0.022147,-0.049737,-0.077334,-0.091225,-0.091407,-0.091584,-0.087954,-0.080522,-0.07309,-0.05996,-0.041132,-0.022305,-0.002989,0.016814,0.036612,0.052718,0.065134,0.077546,0.088489,0.097963,0.10744,0.11396,0.11754,0.12112,0.12197,0.12009,0.11821,0.1205,0.12696,0.13343,0.14079,0.14905,0.15732,0.17008,0.18734,0.2046,0.21616,0.222,0.22784,0.22933,0.22648,0.22363,0.21664,0.20549,0.19434,0.18226,0.16925,0.15624,0.14018,0.12108,0.10197,0.084341,0.068188,0.052034,0.038197,0.026679,0.015162,0.0055695,-0.0020972,-0.0097634,-0.016504,-0.022319,-0.028133,-0.033427,-0.038202,-0.042976,-0.047788,-0.052639,-0.05749,-0.063151,-0.069626,-0.076098,-0.08233,-0.08833,-0.094327,-0.097172,-0.096867,-0.09656,-0.093494,-0.087672,-0.081848,-0.075736,-0.069337,-0.062937,-0.054141,-0.021668,-0.016287,-0.012166,-0.0093047,-0.0064447,-0.0066405,0,0,0,0,0,0,0,0,0,0,0,0,0,0,0,0,0,0,0,0,0,0,0,0,0,0,0,0,0,0,0,0,0,0,0,0,0,0,0,0,0,0,0,0,0,0,0,0,0,0,0,0,0,0,0,0,0,0,0,0,0,0,0,0,0,0,0,0,0,0,0,0,0,0,0,0,0,0,0,0,0,0,0,0,0,0,0,-0.00069353,-0.0011559,-0.0032648,-0.0070196,-0.010775,-0.036336,-0.061239,-0.086142,-0.13806,-0.21702,-0.296,-0.40484,-0.54355,-0.68226,-0.8364,-1.006,-1.1755,-1.3105,-1.411,-1.5114,-1.5465,-1.5164,-1.4861,-1.4387,-1.3741,-1.3095,-1.2413,-1.1696,-1.098,-1.0521,-1.032,-1.0119,-0.99351,-0.97691,-0.96031,-0.93481,-0.9004,-0.86599,-0.85144,-0.85675,-0.86207,-0.84836,-0.81562,-0.78288,-0.75287,-0.7256,-0.69833,-0.67412,-0.65299,-0.63186,-0.61157,-0.59213,-0.57269,-0.5513,-0.52796,-0.50462,-0.47791,-0.44781,-0.41772,-0.38456,-0.34833,-0.3121,-0.2725,-0.22952,-0.18654,-0.15143,-0.12417,-0.096926,-0.071864,-0.048994,-0.026125,-0.0049492,0.014531,0.034015,0.052143,0.068911,0.08568,0.10085,0.11441,0.12798,0.13941,0.14871,0.158,0.1645,0.16819,0.17189,0.17225,0.16929,0.16632,0.15991,0.15004,0.14016,0.12722,0.11122,0.09521,0.076935,0.056385,0.035836,0.013809,-0.0097026,-0.033212,-0.057585,-0.082829,-0.10808,-0.1335,-0.1591,-0.1847,-0.20972,-0.23415,-0.25859,-0.28177,-0.30368,-0.32559,-0.34564,-0.36383,-0.38202,-0.39809,-0.41204,-0.42599,-0.43783,-0.44757,-0.4573,-0.46496,-0.47055,-0.47614,-0.47975,-0.48138,-0.48301,-0.48279,-0.48072,-0.47864,-0.47493,-0.46958,-0.46423,-0.45753,-0.44948,-0.44143,-0.43218,-0.42172,-0.41125,-0.39947,-0.38637,-0.37327,-0.35866,-0.34254,-0.32642,-0.30877,-0.2896,-0.27043,-0.25003,-0.22839,-0.20676,-0.18452,-0.16164,-0.13878,-0.11597,-0.093236,-0.070502,-0.048292,-0.026613,-0.0049377,0.016107,0.036522,0.056935,0.076899,0.09642,0.11594,0.13525,0.15435,0.17345,0.19233,0.211,0.22967,0.24773,0.26517,0.28262,0.29878,0.31365,0.32852,0.34136,0.35218,0.36299,0.37111,0.37653,0.38195,0.38421,0.3833,0.38239,0.37823,0.3708,0.36338,0.35309,0.33994,0.3268,0.3116,0.29434,0.27707,0.25889,0.23979,0.22069,0.20204,0.18384,0.16564,0.14897,0.13381,0.11866,0.10539,0.094008,0.082626,0.072844,0.064664,0.056485,0.049129,0.042597,0.036064,0.029369,0.022514,0.015658,0.0082771,0.00037053,-0.0075366,-0.009577,-0.0057478,-0.00086173
0,0,0,0,-0.10097,-0.076253,-0.024301,0.054908,0.13414,0.20635,0.27152,0.33671,0.38466,0.41534,0.44602,0.46416,0.46976,0.47536,0.47057,0.45537,0.44017,0.42393,0.40665,0.38936,0.37255,0.3562,0.33986,0.32195,0.30248,0.283,0.22951,0.14202,0,0,0,0,0,0,0,0,0,0,0,0,0,0,-0.20951,-0.34918,-0.52401,-0.73404,-0.94406,-1.0979,-1.1957,-1.2934,-1.3644,-1.4087,-1.453,0,0,0,0,0,0,0,0,0,0,0,0,0,0,0,0,0,0,0,0,0,0,0,0,0,-0.024861,-0.041441,-0.051338,-0.054545,-0.05775,-0.056508,-0.050818,-0.045127,-0.031224,-0.0091138,0.012996,0.024315,0.024837,0.025359,0.021349,0.012809,0,0,0,0,0,0,0,0,0,0,0,0,0,0,0,0,0,0.054427,0.09072,0.099926,0.082059,0.064187,0.048352,0.034559,0.020767,0.010088,0.002522,-0.0050455,-0.014462,-0.025728,-0.036997,-0.066674,-0.11475,-0.16283,-0.24655,-0.36591,0,0,-0.59066,-0.62111,0,0,0,0,-0.3773,0,0,0,0,0,0,0,0,0,0,-0.0074464,-0.022346,-0.037248,-0.072608,-0.068835,-0.065056,-0.058109,-0.047993,-0.037876,-0.025137,-0.0097753,0.0055869,0.02063,0.035349,0.050064,0.062568,0.072863,0.083157,0.093609,0.10422,0.11484,0.12037,0.12082,0.12127,0.11729,0.10887,0.10045,0.096849,0.098066,0.099285,0.10303,0.1093,0.11557,0.12834,0.14759,0.16684,0.18096,0.18994,0.19893,0.20345,0.20352,0.2036,0.19921,0.19035,0.18149,0.17143,0.16016,0.14888,0.1343,0.1164,0.098505,0.081277,0.064717,0.048154,0.033673,0.021276,0.0088798,-0.0011787,-0.0088978,-0.016616,-0.022694,-0.027132,-0.03157,-0.034706,-0.036541,-0.038374,-0.039676,-0.040445,-0.041215,-0.043166,-0.0463,-0.049433,-0.053504,-0.058514,-0.063526,-0.067109,-0.069264,-0.071415,-0.071528,-0.069608,-0.067687,-0.064711,-0.06068,-0.056648,-0.049599,-0.039531,-0.029463,-0.022022,-0.017211,-0.0124,-0.0083295,-0.0024905,0,0,0,0,0,0,0,0,0,0,0,0,0,0,0,0,0,0,0,0,0,0,0,0,0,0,0,0,0,0,0,0,0,0,0,0,0,0,0,0,0,0,0,0,0,0,0,0,0,0,0,0,0,0,0,0,0,0,0,0,0,0,0,0,0,0,0,0,0,0,0,0,0,0,0,0,0,0,0,0,0,0,0,0,0,0,0,0,0,0,0,-0.026981,-0.043503,-0.060022,-0.10443,-0.17676,-0.24911,-0.3573,-0.50134,-0.64537,-0.80733,-0.98718,-1.167,-1.3098,-1.4154,-1.5211,-1.5594,-1.5305,-1.5015,-1.4546,-1.3899,-1.3252,-1.2561,-1.1827,-1.1092,-1.0608,-1.0374,-1.0139,-0.99292,-0.97426,-0.9556,-0.93086,-0.90005,-0.86924,-0.85639,-0.8615,-0.86662,-0.85267,-0.81964,-0.78661,-0.75614,-0.72823,-0.70031,-0.6755,-0.65379,-0.63208,-0.61166,-0.59252,-0.57338,-0.55263,-0.53027,-0.50792,-0.48206,-0.45271,-0.42335,-0.39173,-0.35783,-0.32391,-0.28509,-0.24133,-0.19756,-0.16053,-0.13021,-0.099899,-0.072941,-0.049335,-0.025732,-0.0040777,0.015628,0.035338,0.053436,0.069922,0.086407,0.10117,0.11422,0.12727,0.13815,0.14688,0.15561,0.16159,0.16483,0.16806,0.16804,0.16475,0.16146,0.15472,0.14454,0.13435,0.12105,0.10464,0.088221,0.069463,0.048358,0.027256,0.0045643,-0.019722,-0.044008,-0.069221,-0.095367,-0.12152,-0.14779,-0.17419,-0.20058,-0.22624,-0.25117,-0.2761,-0.29955,-0.32152,-0.34348,-0.36334,-0.38109,-0.39885,-0.4143,-0.42744,-0.44059,-0.45154,-0.46029,-0.46905,-0.47568,-0.48018,-0.48468,-0.48715,-0.4876,-0.48805,-0.48662,-0.48332,-0.48001,-0.47505,-0.46845,-0.46185,-0.45395,-0.44474,-0.43553,-0.42524,-0.41386,-0.40248,-0.38993,-0.37623,-0.36253,-0.34745,-0.331,-0.31455,-0.29665,-0.27731,-0.25797,-0.23744,-0.21572,-0.194,-0.17166,-0.1487,-0.12573,-0.10282,-0.079945,-0.057074,-0.034706,-0.012842,0.0090189,0.030263,0.050891,0.071516,0.091688,0.1114,0.13112,0.15059,0.16981,0.18902,0.20796,0.22662,0.24528,0.26323,0.28049,0.29774,0.31361,0.32808,0.34256,0.35491,0.36514,0.37536,0.38283,0.38753,0.39224,0.39376,0.3921,0.39044,0.38554,0.3774,0.36926,0.35832,0.34456,0.33081,0.31508,0.29736,0.27963,0.26104,0.2416,0.22215,0.20318,0.18469,0.16619,0.14923,0.13382,0.1184,0.10488,0.093275,0.081665,0.071665,0.063278,0.054893,0.047361,0.040685,0.034009,0.027236,0.020368,0.013499,0.0061438,-0.0017001,-0.0095446,-0.011224,-0.006736,0
0,0,0,0,-0.11023,-0.080842,-0.041965,0.0064127,0.054797,0.11487,0.18663,0.25839,0.31438,0.35456,0.39472,0.41674,0.42059,0.42445,0.41993,0.40704,0.39415,0.3808,0.36701,0.35321,0.33991,0.32712,0.31432,0.29822,0.27882,0.25943,0.21347,0.14094,0.037668,0.018271,0.01201,0.0057501,0.0021833,0.0013104,0,0,0,0,0,0,0,0,-0.083793,-0.13967,-0.23392,-0.73232,-1.053,-1.2539,-1.335,-1.4161,-1.479,-1.5238,-1.5687,0,0,0,0,0,0,0,0,0,0,0,0,0,0,0,0,0,0,0,0,0,0,0,0,0,-0.020031,-0.033388,-0.042593,-0.047641,-0.052688,-0.055311,-0.055508,-0.055705,-0.045299,-0.024291,-0.0032801,0.012896,0.024236,0.035578,0.034374,0.020626,0,0,0,0,0,0,0,0,0,0,0,0,0,0,0,0,0,0.021773,0.036289,0.039969,0.032821,0.025673,0.019339,0.013823,0.0083063,0.004035,0.0010084,-0.0020184,-0.0057845,-0.01029,-0.014798,-0.026671,-0.045903,-0.097673,-0.19584,-0.36333,-0.27679,-0.33087,-0.6545,-0.68112,-0.36015,0,0,0,-0.48879,-0.21893,-0.16024,-0.09615,-0.032068,-8.7366e-06,0,0,0,0,0,0,0,0,-0.046385,-0.049784,-0.053174,-0.048476,-0.035687,-0.022896,-0.010329,0.0020152,0.014359,0.025787,0.036297,0.046806,0.057939,0.069699,0.081459,0.095004,0.11034,0.12568,0.13317,0.13282,0.13246,0.12598,0.11336,0.10074,0.0908,0.083528,0.076257,0.074426,0.078034,0.081646,0.092225,0.10976,0.1273,0.142,0.15386,0.16572,0.17311,0.17604,0.17897,0.17771,0.17225,0.16679,0.1592,0.14948,0.13975,0.12689,0.11089,0.094893,0.078598,0.062008,0.045418,0.030329,0.016743,0.0031559,-0.0077613,-0.016005,-0.024248,-0.030071,-0.033471,-0.036871,-0.038198,-0.037451,-0.036702,-0.034863,-0.031932,-0.029001,-0.027469,-0.027336,-0.027204,-0.028765,-0.032016,-0.03527,-0.038756,-0.042472,-0.046188,-0.048796,-0.0503,-0.051805,-0.051289,-0.048752,-0.046214,-0.040605,-0.031924,-0.023241,-0.017403,-0.014413,-0.011422,-0.0082728,-0.0049643,0,0,0,0,0,0,0,0,0,0,0,0,0,0,0,0,0,0,0,0,0,0,0,0,0,0,0,0,0,0,0,0,0,0,0,0,0,0,0,0,0,0,0,0,0,0,0,0,0,0,0,0,0,0,0,0,0,0,0,0,0,0,0,0,0,0,0,0,0,0,0,0,0,0,0,0,0,0,0,0,0,0,0,0,0,0,0,0,0,0,0,-0.010792,-0.0174,-0.024008,-0.044322,-0.07835,-0.11238,-0.16627,-0.45868,-0.60962,-0.77715,-0.9613,-1.1455,-1.2911,-1.3983,-1.5055,-1.5511,-1.5353,-1.5194,-1.4759,-1.4048,-1.3338,-1.2648,-1.1979,-1.131,-1.0797,-1.0439,-1.008,-0.97946,-0.95814,-0.93681,-0.91474,-0.89193,-0.86912,-0.86046,-0.86597,-0.87148,-0.85779,-0.8249,-0.792,-0.76122,-0.73255,-0.70389,-0.67819,-0.65548,-0.63277,-0.61178,-0.59251,-0.57324,-0.55283,-0.5313,-0.50977,-0.48489,-0.45666,-0.42844,-0.39775,-0.36459,-0.33143,-0.29504,-0.25543,-0.21581,-0.17828,-0.14284,-0.1074,-0.077494,-0.053118,-0.028746,-0.0065056,0.013605,0.033716,0.051976,0.068386,0.084796,0.099352,0.11205,0.12475,0.13523,0.14347,0.15171,0.15722,0.15999,0.16276,0.16235,0.15875,0.15515,0.14814,0.13774,0.12734,0.11384,0.097236,0.080633,0.061634,0.040241,0.018847,-0.0042499,-0.029051,-0.053854,-0.07966,-0.10647,-0.13328,-0.16021,-0.18723,-0.21426,-0.24045,-0.26581,-0.29117,-0.31486,-0.33686,-0.35887,-0.37854,-0.39586,-0.41319,-0.42803,-0.44038,-0.45273,-0.46279,-0.47056,-0.47832,-0.4839,-0.48729,-0.49068,-0.49201,-0.49128,-0.49055,-0.48793,-0.48343,-0.47893,-0.47278,-0.465,-0.45721,-0.44817,-0.43786,-0.42755,-0.41627,-0.404,-0.39173,-0.37846,-0.36417,-0.34989,-0.33437,-0.31764,-0.3009,-0.28281,-0.26339,-0.24396,-0.2234,-0.2017,-0.18,-0.1577,-0.13479,-0.11189,-0.089007,-0.066154,-0.043305,-0.02093,0.00097038,0.02287,0.044169,0.06487,0.085569,0.10581,0.12559,0.14537,0.16486,0.18406,0.20326,0.22211,0.24061,0.25911,0.27681,0.29372,0.31063,0.32605,0.33999,0.35392,0.36566,0.37519,0.38473,0.39147,0.39543,0.39938,0.40019,0.39784,0.39549,0.38996,0.38126,0.37255,0.3611,0.3469,0.3327,0.31659,0.29857,0.28054,0.26171,0.2421,0.22247,0.20334,0.18471,0.16608,0.14899,0.13344,0.11789,0.10424,0.092503,0.080766,0.070621,0.062069,0.053518,0.045817,0.038967,0.032116,0.025273,0.018436,0.011597,0.0042979,-0.003463,-0.011224,-0.012589,-0.0075556,0
0,0,0,0,-0.11948,-0.085424,-0.059629,-0.042087,-0.024548,0.023393,0.10175,0.18009,0.24411,0.29378,0.34342,0.36931,0.37142,0.37354,0.3693,0.35871,0.34812,0.33767,0.32736,0.31706,0.30728,0.29803,0.28878,0.27449,0.25517,0.23584,0.19741,0.13985,0.082281,0.045665,0.030017,0.014373,0.0054574,0.0032739,0,0,0,0,0,0,0,0,0,0,0,-0.73064,-1.162,-1.4099,-1.4743,-1.5387,-1.5936,-1.6389,-1.6843,-0.7354,-0.4413,0,0,0,0,0,0,0,0,0,0,0,0,0,0,0,0,0,0,0,0,0,0,0,-0.015201,-0.025335,-0.033847,-0.040739,-0.04763,-0.054119,-0.060204,-0.066289,-0.059378,-0.039472,-0.019563,0.0014693,0.023626,0.045784,0.047388,0.028437,0,0,0,0,0,0,0,0,0,0,0,0,0,0,0,0,0,0,0,0,0,0,0,0,0,0,0,0,0,0,0,0,0,-0.032548,-0.14513,-0.36073,-0.57634,-0.69555,-0.71835,-0.74112,-0.74707,-0.3792,-0.37149,-0.35442,-0.60025,-0.52049,-0.40052,-0.24035,-0.080182,-5.3939e-05,-2.4348e-05,-1.7037e-05,-1.3878e-05,-9.3485e-06,-3.233e-06,0,0,0,-0.020173,-0.030735,-0.041291,-0.038841,-0.023382,-0.0079194,-0.0014623,0.0039554,0.0093725,0.014182,0.03724,0.043541,0.053302,0.066528,0.079752,0.096395,0.11646,0.13652,0.14597,0.14481,0.14365,0.13466,0.11785,0.10104,0.084758,0.068995,0.053234,0.045829,0.046776,0.047729,0.056117,0.071943,0.087773,0.10305,0.11779,0.13252,0.14278,0.14856,0.15434,0.15621,0.15415,0.15209,0.14698,0.1388,0.13062,0.11948,0.10538,0.091279,0.075918,0.059299,0.042681,0.026984,0.012207,-0.0025703,-0.014344,-0.023112,-0.03188,-0.037447,-0.03981,-0.042173,-0.04169,-0.038361,-0.035031,-0.030051,-0.023421,-0.016789,-0.011774,-0.0083762,-0.0049791,-0.0040287,-0.0055231,-0.0070194,-0.010407,-0.015684,-0.020964,-0.026067,-0.030994,-0.035924,-0.037868,-0.036825,-0.035781,-0.031612,-0.024317,-0.01702,-0.012786,-0.011615,-0.010444,-0.0082159,-0.0049303,0,0,0,0,0,0,0,0,0,0,0,0,0,0,0,0,0,0,0,0,0,0,0,0,0,0,0,0,0,0,0,0,0,0,0,0,0,0,0,0,0,0,0,0,0,0,0,0,0,0,0,0,0,0,0,0,0,0,0,0,0,0,0,0,0,0,0,0,0,0,0,0,0,0,0,0,0,0,0,0,0,0,0,0,0,0,0,0,0,0,0,0,0,0,0,0,0,0,-0.41599,-0.57383,-0.74697,-0.93541,-1.1239,-1.2725,-1.3812,-1.4899,-1.5428,-1.5401,-1.5373,-1.4972,-1.4197,-1.3423,-1.2734,-1.2132,-1.1529,-1.0986,-1.0504,-1.0021,-0.96601,-0.94202,-0.91803,-0.89862,-0.8838,-0.86899,-0.86453,-0.87043,-0.87634,-0.86291,-0.83015,-0.79739,-0.7663,-0.73688,-0.70746,-0.68089,-0.65717,-0.63346,-0.6119,-0.5925,-0.57309,-0.55304,-0.53233,-0.51162,-0.48771,-0.46061,-0.43352,-0.40377,-0.37136,-0.33894,-0.305,-0.26952,-0.23405,-0.19603,-0.15547,-0.1149,-0.082045,-0.056902,-0.031763,-0.0089363,0.011575,0.03209,0.050516,0.066849,0.083185,0.097533,0.10989,0.12224,0.1323,0.14006,0.14781,0.15285,0.15515,0.15746,0.15666,0.15274,0.14883,0.14156,0.13095,0.12033,0.10663,0.089837,0.073045,0.053809,0.032128,0.010443,-0.01306,-0.03838,-0.0637,-0.090097,-0.11757,-0.14505,-0.17262,-0.20027,-0.22794,-0.25466,-0.28045,-0.30624,-0.33016,-0.35221,-0.37425,-0.39373,-0.41063,-0.42753,-0.44176,-0.45332,-0.46488,-0.47405,-0.48082,-0.48759,-0.49212,-0.4944,-0.49669,-0.49688,-0.49496,-0.49305,-0.48925,-0.48355,-0.47784,-0.47051,-0.46154,-0.45257,-0.44238,-0.43098,-0.41958,-0.4073,-0.39414,-0.38099,-0.36698,-0.35211,-0.33725,-0.3213,-0.30427,-0.28724,-0.26898,-0.24946,-0.22995,-0.20936,-0.18768,-0.166,-0.14374,-0.12089,-0.09804,-0.075199,-0.052366,-0.029536,-0.0071549,0.014783,0.036719,0.058073,0.078848,0.099618,0.11993,0.13977,0.15961,0.17912,0.19831,0.21749,0.23625,0.25459,0.27293,0.29039,0.30695,0.32351,0.33849,0.35189,0.36528,0.3764,0.38525,0.39409,0.40011,0.40332,0.40653,0.40661,0.40358,0.40054,0.39439,0.38511,0.37584,0.36388,0.34923,0.33459,0.3181,0.29978,0.28145,0.26238,0.24259,0.22279,0.20351,0.18474,0.16597,0.14874,0.13306,0.11737,0.1036,0.091732,0.079867,0.069577,0.060859,0.052142,0.044274,0.03725,0.030224,0.023308,0.016503,0.0096963,0.0024544,-0.005224,-0.012904,-0.013954,-0.0083739,0
0,0,0,0,-0.10341,-0.073092,-0.061268,-0.067946,-0.074627,-0.037385,0.043782,0.12494,0.19041,0.24016,0.28989,0.31632,0.31946,0.3226,0.31999,0.31162,0.30326,0.29521,0.28749,0.27976,0.27255,0.26586,0.25918,0.2465,0.22783,0.20916,0.17691,0.1311,0.085288,0.052586,0.033009,0.01344,0.0030457,0.0018264,0,0,0,0,0,0,0,0,0,0,0,-0.73777,-1.2297,-1.5035,-1.5591,-1.6147,-1.6633,-1.7049,-1.7464,-1.4728,-0.88382,0,0,0,0,0,0,0,0,0,0,0,0,0,0,0,0,0,0,0,0,0,0,0,-0.010928,-0.018214,-0.027767,-0.039584,-0.0514,-0.063868,-0.076987,-0.090107,-0.087027,-0.067743,-0.048454,-0.023834,0.0061218,0.036083,0.04181,0.023299,0,0,0,0,0,0,0,0,0,0,0,0,0,0,0,0,0,0,0,0,0,0,0,0,0,0,0,0,0,0,0,0,0,0,-0.05989,-0.37131,-0.61889,-0.75272,-0.77279,-0.79284,-0.79558,-0.78101,-0.76643,-0.73253,-0.67928,-0.62604,-0.51005,-0.33136,-0.15268,-0.057615,-0.046253,-0.034908,-0.024362,-0.014617,-0.0048736,0,0,0,-0.0058926,-0.017675,-0.029456,-0.028352,-0.014358,-0.00036014,0,0,0,0,0.031425,0.034922,0.042485,0.054117,0.065747,0.085117,0.11222,0.13932,0.15258,0.15197,0.15137,0.14265,0.1258,0.10895,0.089852,0.068479,0.047108,0.034743,0.031373,0.028004,0.03268,0.045403,0.058131,0.072055,0.087185,0.10232,0.11354,0.12085,0.12818,0.13207,0.13255,0.13302,0.13024,0.12421,0.11818,0.10918,0.097211,0.085237,0.071119,0.054856,0.038593,0.022533,0.00667,-0.009195,-0.021859,-0.031325,-0.040792,-0.046037,-0.04706,-0.048083,-0.045802,-0.040216,-0.034629,-0.027228,-0.018011,-0.0087917,-0.0011188,0.0050089,0.011137,0.014442,0.014926,0.01541,0.012762,0.0069836,0.0012062,-0.0053798,-0.012773,-0.020165,-0.024179,-0.024811,-0.025442,-0.022927,-0.017265,-0.011602,-0.0087529,-0.0087193,-0.0086863,-0.0072253,-0.0043359,0,0,0,0,0,0,0,0,0,0,0,0,0,0,0,0,0,0,0,0,0,0,0,0,0,0,0,0,0,0,0,0,0,0,0,0,0,0,0,0,0,0,0,0,0,0,0,0,0,0,0,0,0,0,0,0,0,0,0,0,0,0,0,0,0,0,0,0,0,0,0,0,0,0,0,0,0,0,0,0,0,0,0,0,0,0,0,0,0,0,0,0,0,0,0,0,0,0,-0.38222,-0.55222,-0.72874,-0.91179,-1.0948,-1.2411,-1.3505,-1.46,-1.5189,-1.5273,-1.5356,-1.5035,-1.431,-1.3585,-1.2914,-1.2297,-1.168,-1.1103,-1.0565,-1.0027,-0.96236,-0.93539,-0.90843,-0.88973,-0.87929,-0.86886,-0.86388,-0.86437,-0.86485,-0.85212,-0.82618,-0.80023,-0.77204,-0.74162,-0.71118,-0.68352,-0.65866,-0.6338,-0.6116,-0.59205,-0.5725,-0.55278,-0.5329,-0.51301,-0.49015,-0.46432,-0.43849,-0.40985,-0.37841,-0.34695,-0.31466,-0.28153,-0.2484,-0.21017,-0.16682,-0.12347,-0.088982,-0.063353,-0.037725,-0.014446,0.00648,0.027409,0.046113,0.062585,0.079059,0.093412,0.10564,0.11788,0.12771,0.13514,0.14257,0.14724,0.14914,0.15104,0.14986,0.14561,0.14136,0.13383,0.12302,0.11221,0.098372,0.0815,0.064626,0.045307,0.023541,0.0017713,-0.021884,-0.047418,-0.072948,-0.099618,-0.12742,-0.15523,-0.18316,-0.2112,-0.23924,-0.26631,-0.2924,-0.31849,-0.34257,-0.36465,-0.38673,-0.40606,-0.42263,-0.4392,-0.45293,-0.46381,-0.47469,-0.48304,-0.48885,-0.49466,-0.49815,-0.49931,-0.50047,-0.49948,-0.49636,-0.49324,-0.48823,-0.48133,-0.47444,-0.46596,-0.45589,-0.44582,-0.43459,-0.4222,-0.4098,-0.39663,-0.38268,-0.36872,-0.35404,-0.33864,-0.32324,-0.30689,-0.28961,-0.27233,-0.25392,-0.23439,-0.21486,-0.19433,-0.17279,-0.15125,-0.12917,-0.10652,-0.083881,-0.061232,-0.038572,-0.015916,0.0063263,0.02816,0.049992,0.071269,0.091994,0.11272,0.13297,0.15276,0.17255,0.19197,0.21102,0.23007,0.24862,0.26667,0.28471,0.30178,0.31787,0.33395,0.34837,0.36113,0.37388,0.38432,0.39243,0.40055,0.40584,0.40832,0.4108,0.41021,0.40656,0.40291,0.39623,0.38651,0.37679,0.36446,0.34952,0.33458,0.31786,0.29937,0.28087,0.2617,0.24186,0.22201,0.2027,0.18392,0.16515,0.14791,0.1322,0.11648,0.10267,0.090754,0.078837,0.068466,0.059644,0.050823,0.04283,0.035664,0.028498,0.021524,0.014746,0.0079705,0.00096921,-0.0062575,-0.013486,-0.014252,-0.0085523,-0.0013878
0,0,0,0,-0.041362,-0.029234,-0.027039,-0.07116,-0.095436,-0.067484,0.012731,0.092945,0.15326,0.1937,0.131,0.14353,0.14604,0.27164,0.272,0.26578,0.25956,0.25342,0.24737,0.24131,0.23573,0.23062,0.22552,0.21425,0.19681,0.17937,0.152,0.1147,0.077405,0.048174,0.027005,0.0058372,-0.0039571,-0.0023764,0,0,0,0,0,0,0,0,0,0,0,-0.75378,-1.2564,-1.535,-1.5895,-1.644,-1.6881,-1.7217,-1.7553,-1.4768,-0.88625,0,0,0,0,0,0,0,0,0,0,0,0,0,0,0,0,0,0,0,0,0,0,0,-0.0072172,-0.012029,-0.024348,-0.044171,-0.063992,-0.084551,-0.10585,-0.12715,-0.12823,-0.10909,-0.089943,-0.063004,-0.028264,0.0064858,0.017649,0.0052197,-0.0066071,-0.0091232,-0.0094572,-0.0097906,-0.0071981,-0.0016761,0,0,0,0,0,0,0,0,0,0,0,0,0,0,0,0,0,0,0,0,0,0,0,0,0,0,0,0,0,-0.39504,-0.65845,-0.79939,-0.81784,-0.83627,-0.83906,-0.8262,-0.81334,-0.77991,-0.7259,-0.6719,-0.56902,-0.41731,-0.2656,-0.17267,-0.13864,-0.10463,-0.073029,-0.043818,-0.014611,0,0,0,-0.0023572,-0.0070697,-0.011781,-0.011341,-0.005743,-0.00014373,0,0,0,0,0.01257,0.013968,0.016994,0.021646,0.0263,0.036571,0.097622,0.13408,0.15298,0.15431,0.15564,0.14994,0.13721,0.12448,0.10607,0.081974,0.057875,0.041158,0.031811,0.022463,0.021904,0.030134,0.038368,0.049008,0.062059,0.075113,0.085405,0.092935,0.10047,0.10531,0.10744,0.10956,0.10899,0.10572,0.10245,0.096003,0.086387,0.076771,0.064202,0.04868,0.033157,0.016975,0.00013196,-0.016715,-0.030306,-0.040643,-0.050981,-0.05584,-0.05522,-0.0546,-0.050532,-0.043015,-0.035497,-0.026393,-0.015701,-0.0050074,0.0045002,0.012823,0.021147,0.026651,0.029335,0.032019,0.030754,0.02554,0.020326,0.01327,0.004371,-0.0045283,-0.010223,-0.01271,-0.015197,-0.01455,-0.010767,-0.0069842,-0.0053037,-0.0057264,-0.0061494,-0.0053013,-0.0031813,0,0,0,0,0,0,0,0,0,0,0,0,0,0,0,0,0,0,0,0,0,0,0,0,0,0,0,0,0,0,0,0,0,0,0,0,0,0,0,0,0,0,0,0,0,0,0,0,0,0,0,0,0,0,0,0,0,0,0,0,0,0,0,0,0,0,0,0,0,0,0,0,0,0,0,0,0,0,0,0,0,0,0,0,0,0,0,0,0,0,0,0,0,0,0,0,0,0,-0.35742,-0.54481,-0.72245,-0.89038,-1.0583,-1.197,-1.3064,-1.4158,-1.4793,-1.4969,-1.5144,-1.495,-1.4387,-1.3823,-1.3186,-1.2475,-1.1765,-1.1147,-1.0623,-1.0098,-0.96851,-0.93826,-0.90801,-0.88805,-0.8784,-0.86874,-0.85854,-0.84779,-0.83704,-0.82544,-0.81299,-0.80054,-0.77846,-0.74675,-0.71504,-0.6861,-0.65995,-0.6338,-0.61088,-0.59117,-0.57146,-0.55207,-0.53301,-0.51395,-0.49221,-0.46778,-0.44336,-0.41601,-0.38574,-0.35547,-0.32403,-0.29145,-0.25887,-0.22069,-0.17691,-0.13312,-0.098307,-0.07247,-0.046635,-0.023037,-0.0016812,0.019675,0.038767,0.055591,0.072413,0.08699,0.099322,0.11165,0.12145,0.12872,0.13599,0.1404,0.14194,0.14349,0.14196,0.13735,0.13274,0.12495,0.11396,0.10298,0.089065,0.072222,0.055379,0.036132,0.014479,-0.0071728,-0.030721,-0.056163,-0.081595,-0.10822,-0.13603,-0.16384,-0.19184,-0.22001,-0.24819,-0.27541,-0.30166,-0.32792,-0.3521,-0.3742,-0.3963,-0.41553,-0.43187,-0.44822,-0.46155,-0.47186,-0.48216,-0.48976,-0.49465,-0.49954,-0.50199,-0.502,-0.50202,-0.49984,-0.49547,-0.4911,-0.48488,-0.47679,-0.46871,-0.45913,-0.44804,-0.43695,-0.42477,-0.41151,-0.39824,-0.38427,-0.3696,-0.35493,-0.33965,-0.32375,-0.30786,-0.29116,-0.27365,-0.25614,-0.23764,-0.21816,-0.19868,-0.1783,-0.15703,-0.13577,-0.11399,-0.091702,-0.069416,-0.047108,-0.024777,-0.0024482,0.019511,0.041101,0.062688,0.083754,0.10431,0.12486,0.14495,0.16457,0.18419,0.2034,0.2222,0.24099,0.25921,0.27683,0.29445,0.311,0.32647,0.34194,0.35568,0.3677,0.37972,0.3894,0.39675,0.4041,0.40866,0.41043,0.41219,0.41098,0.40679,0.4026,0.39549,0.38545,0.37542,0.36285,0.34776,0.33267,0.31586,0.29734,0.27882,0.25967,0.23991,0.22014,0.20093,0.18227,0.16361,0.14647,0.13085,0.11522,0.10146,0.089567,0.077673,0.067291,0.058425,0.049559,0.041486,0.03421,0.026935,0.01992,0.013169,0.0064178,-0.00016132,-0.0065672,-0.012973,-0.013483,-0.0080921,-0.0026987
0,0,0,0,0,0,0,-0.036384,-0.052921,-0.09755,-0.018308,0.038474,0.067347,0.085236,0,0,0,0.2207,0.22403,0.21995,0.21587,0.21164,0.20725,0.20287,0.19891,0.19538,0.19186,0.18199,0.16579,0.14958,0.12709,0.098305,0.069524,0.043756,0.020997,-0.0017645,-0.010959,-0.0065806,0,0,0,0,0,0,0,0,0,0,0,-0.76976,-1.283,-1.5664,-1.6199,-1.6734,-1.7129,-1.7385,-1.7641,-1.4808,-0.88865,0,0,0,0,0,0,0,0,0,0,0,0,0,0,0,0,0,0,0,0,0,0,0,-0.0035121,-0.0058518,-0.020933,-0.04876,-0.076587,-0.10524,-0.13471,-0.16419,-0.16944,-0.15044,-0.13144,-0.10218,-0.062654,-0.023121,-0.0065225,-0.012863,-0.019213,-0.022806,-0.023639,-0.02447,-0.017986,-0.0041829,0,0,0,0,0,0,0,0,0,0,0,0,0,0,0,0,0,0,0,0,0,0,0,0,0,0,0,0,0,-0.41882,-0.69802,-0.84602,-0.86288,-0.87969,-0.88253,-0.87139,-0.86024,-0.82729,-0.77252,-0.71775,-0.62798,-0.50323,-0.37847,-0.2877,-0.23102,-0.17435,-0.12169,-0.073032,-0.024376,-2.795e-05,-1.1837e-05,0,0,0,0,0,0,0,0,0,0,0,0,0,0,0,0,0,0.083038,0.12886,0.15339,0.15665,0.1599,0.15722,0.14861,0.13999,0.12228,0.095468,0.068646,0.047576,0.032255,0.016928,0.011133,0.014871,0.01861,0.025965,0.036937,0.047911,0.057273,0.06502,0.072773,0.078543,0.082327,0.086111,0.087747,0.087231,0.086711,0.082822,0.075563,0.068303,0.057283,0.042504,0.027723,0.011419,-0.0064076,-0.024236,-0.038754,-0.04996,-0.061167,-0.065641,-0.06338,-0.061117,-0.055263,-0.045814,-0.036364,-0.025556,-0.013391,-0.0012244,0.010119,0.020637,0.031156,0.038857,0.043742,0.048626,0.048743,0.044094,0.039443,0.031916,0.021512,0.011105,0.0037318,-0.00060938,-0.0049527,-0.0061742,-0.0042709,-0.0023674,-0.0018549,-0.0027336,-0.0036126,-0.0033772,-0.0020266,0,0,0,0,0,0,0,0,0,0,0,0,0,0,0,0,0,0,0,0,0,0,0,0,0,0,0,0,0,0,0,0,0,0,0,0,0,0,0,0,0,0,0,0,0,0,0,0,0,0,0,0,0,0,0,0,0,0,0,0,0,0,0,0,0,0,0,0,0,0,0,0,0,0,0,0,0,0,0,0,0,0,0,0,0,0,0,0,0,0,0,0,0,0,0,0,0,0,-0.33259,-0.53734,-0.71612,-0.86896,-1.0217,-1.1528,-1.2623,-1.3717,-1.4398,-1.4665,-1.4933,-1.4866,-1.4464,-1.4062,-1.3459,-1.2654,-1.1849,-1.1191,-1.068,-1.017,-0.97465,-0.94112,-0.90758,-0.88637,-0.8775,-0.86862,-0.8532,-0.83121,-0.80923,-0.79876,-0.7998,-0.80084,-0.78487,-0.75189,-0.7189,-0.68868,-0.66124,-0.63381,-0.61016,-0.59028,-0.57041,-0.55136,-0.53312,-0.51488,-0.49426,-0.47124,-0.44823,-0.42218,-0.39309,-0.36398,-0.33341,-0.30137,-0.26933,-0.2312,-0.18699,-0.14277,-0.10763,-0.081586,-0.055544,-0.031631,-0.0098481,0.011938,0.031421,0.048592,0.065763,0.080567,0.093001,0.10543,0.1152,0.1223,0.12941,0.13356,0.13475,0.13594,0.13405,0.12909,0.12412,0.11606,0.10491,0.093747,0.079758,0.062943,0.046131,0.026956,0.0054174,-0.016119,-0.039558,-0.064902,-0.090242,-0.11681,-0.14463,-0.17244,-0.20051,-0.22882,-0.25713,-0.2845,-0.31092,-0.33735,-0.36162,-0.38375,-0.40587,-0.42499,-0.44112,-0.45724,-0.47017,-0.4799,-0.48964,-0.49648,-0.50045,-0.50441,-0.50583,-0.5047,-0.50357,-0.5002,-0.49458,-0.48897,-0.48152,-0.47225,-0.46298,-0.4523,-0.44019,-0.42808,-0.41496,-0.40082,-0.38668,-0.37191,-0.35652,-0.34114,-0.32525,-0.30887,-0.29248,-0.27542,-0.25769,-0.23995,-0.22137,-0.20193,-0.1825,-0.16228,-0.14128,-0.12028,-0.098812,-0.07688,-0.054948,-0.032983,-0.010982,0.01102,0.032694,0.054041,0.075383,0.09624,0.11662,0.137,0.15692,0.17638,0.19584,0.21484,0.23337,0.25191,0.26979,0.28699,0.30419,0.32022,0.33507,0.34993,0.36299,0.37428,0.38556,0.39449,0.40107,0.40765,0.41147,0.41253,0.41359,0.41175,0.40702,0.40229,0.39474,0.38439,0.37404,0.36125,0.346,0.33076,0.31386,0.29531,0.27676,0.25764,0.23795,0.21827,0.19916,0.18062,0.16208,0.14504,0.1295,0.11396,0.10025,0.08838,0.076508,0.066116,0.057205,0.048294,0.040143,0.032756,0.02537,0.018316,0.011591,0.0048653,-0.0012911,-0.0068774,-0.012463,-0.012715,-0.0076307,-0.0025448
0,0,0,0,0,0,0,0,0,-0.093798,-0.028184,0,0,0,0,0,0,0.18194,0.18653,0.18373,0.18093,0.1774,0.17312,0.16884,0.16481,0.16102,0.15723,0.14817,0.13384,0.11951,0.10156,0.08,0.058438,0.036432,0.013982,-0.0084696,-0.019016,-0.017653,0,0,0,0,0,0,0,0,0,0,0,-0.79706,-1.2647,-1.5303,-1.5938,-1.6573,-1.6983,-1.717,-1.7356,-1.4542,-0.87265,0,0,0,0,0,0,0,0,0,0,0,0,0,0,0,0,0,0,0,0,0,0,0,-0.00912,-0.012101,-0.030842,-0.065346,-0.099857,-0.13439,-0.16893,-0.20348,-0.21224,-0.1952,-0.17815,-0.14902,-0.10778,-0.066527,-0.043795,-0.039584,-0.035374,-0.031185,-0.027015,-0.022846,-0.012086,0.005263,0,0,0,0,0,0,0,0,0,0,0,0,0,0,0,0,0,0,0,0,0,0,0,0,0,0,0,0,0,-0.46883,-0.72124,-0.85987,-0.88474,-0.90961,-0.9177,-0.90901,-0.90032,-0.86706,-0.80921,-0.75136,-0.66778,-0.55843,-0.44909,-0.36152,-0.29571,-0.22989,-0.17183,-0.1215,-0.071178,-0.038351,-0.023008,0,0,0,0,0,0,0,0,0,0,0,0,0,0,0,0,0,0.075453,0.12576,0.15275,0.15644,0.16012,0.15962,0.15492,0.15022,0.13524,0.10999,0.084724,0.062676,0.043843,0.025,0.014791,0.013214,0.011636,0.014469,0.021716,0.028965,0.035879,0.042464,0.049049,0.054663,0.059307,0.063948,0.067109,0.068791,0.070469,0.068754,0.063644,0.058535,0.048955,0.034906,0.020856,0.0047156,-0.013513,-0.031741,-0.046559,-0.057962,-0.069364,-0.073421,-0.070128,-0.066834,-0.059401,-0.047831,-0.036259,-0.023924,-0.01083,0.0022661,0.014911,0.027102,0.039294,0.048312,0.054158,0.060005,0.060939,0.05696,0.05298,0.045638,0.034935,0.024231,0.015978,0.010177,0.0043745,0.0015319,0.001652,0.0017731,0.0012888,0.00019921,-0.00089055,-0.0012076,-0.00072466,0,0,0,0,0,0,0,0,0,0,0,0,0,0,0,0,0,0,0,0,0,0,0,0,0,0,0,0,0,0,0,0,0,0,0,0,0,0,0,0,0,0,0,0,0,0,0,0,0,0,0,0,0,0,0,0,0,0,0,0,0,0,0,0,0,0,0,0,0,0,0,0,0,0,0,0,0,0,0,0,0,0,0,0,0,0,0,0,0,0,0,0,0,0,0,0,0,0,-0.30644,-0.51073,-0.68583,-0.83168,-0.97749,-1.1066,-1.219,-1.3314,-1.4069,-1.4453,-1.4838,-1.4886,-1.4598,-1.431,-1.3731,-1.2861,-1.1991,-1.1269,-1.0696,-1.0124,-0.96688,-0.93322,-0.89956,-0.87887,-0.87117,-0.86347,-0.84651,-0.82029,-0.79407,-0.78493,-0.79288,-0.80083,-0.78784,-0.75391,-0.71997,-0.68889,-0.66067,-0.63246,-0.60849,-0.58877,-0.56905,-0.55052,-0.53319,-0.51585,-0.49635,-0.47467,-0.45299,-0.42816,-0.40016,-0.37216,-0.34097,-0.30658,-0.2722,-0.23431,-0.19292,-0.15152,-0.11785,-0.091919,-0.065987,-0.041982,-0.019904,0.002178,0.022003,0.039562,0.057119,0.072221,0.084867,0.097508,0.10738,0.11449,0.1216,0.12567,0.12671,0.12775,0.12567,0.12049,0.11531,0.10708,0.095824,0.084561,0.070566,0.053838,0.03711,0.018088,-0.0032249,-0.02454,-0.047716,-0.072753,-0.097793,-0.12408,-0.15162,-0.17916,-0.20704,-0.23525,-0.26346,-0.2908,-0.31726,-0.34373,-0.36806,-0.39024,-0.41242,-0.43153,-0.44757,-0.4636,-0.47627,-0.48557,-0.49487,-0.50107,-0.50417,-0.50727,-0.50767,-0.50538,-0.50308,-0.4985,-0.49164,-0.48477,-0.47612,-0.46569,-0.45526,-0.4435,-0.43043,-0.41736,-0.40336,-0.38844,-0.37351,-0.35805,-0.34204,-0.32603,-0.30963,-0.29283,-0.27603,-0.25869,-0.2408,-0.22291,-0.20432,-0.18501,-0.16571,-0.14575,-0.12513,-0.1045,-0.083469,-0.062024,-0.04058,-0.019087,0.002454,0.023998,0.045261,0.066246,0.087229,0.10777,0.12787,0.14797,0.16761,0.18679,0.20597,0.22465,0.24283,0.261,0.27842,0.29509,0.31176,0.32718,0.34133,0.35549,0.36781,0.37831,0.3888,0.39695,0.40276,0.40857,0.41167,0.41207,0.41247,0.41007,0.40487,0.39967,0.39178,0.38119,0.37061,0.35768,0.34241,0.32713,0.31027,0.29182,0.27338,0.2544,0.2349,0.2154,0.19648,0.17814,0.1598,0.14292,0.12752,0.11212,0.098514,0.086715,0.074914,0.064555,0.055645,0.046735,0.038577,0.031173,0.023768,0.016697,0.0099588,0.0032207,-0.0029329,-0.0085011,-0.01407,-0.014046,-0.0084294,-0.002811
0,0,0,0,0,0,0,0,0,-0.037516,-0.011273,0,0,0,0,0,0,0.15535,0.15949,0.15712,0.15473,0.15069,0.14497,0.13924,0.13343,0.12752,0.12161,0.11276,0.10095,0.089145,0.075422,0.059783,0.044143,0.026204,0.0059656,-0.014275,-0.028128,-0.035591,-0.028217,-0.02599,-0.015595,0,0,0,0,0,0,0,0,-0.83584,-1.2017,-1.4269,-1.5113,-1.5958,-1.6444,-1.6571,-1.6699,-1.3969,-0.83827,0,0,0,0,0,0,0,0,0,0,0,0,0,0,-0.0081248,-0.013542,-0.015468,-0.013902,-0.012335,-0.011174,-0.010421,-0.0096675,-0.011442,-0.024036,-0.030771,-0.05407,-0.093932,-0.1338,-0.17199,-0.2085,-0.24501,-0.25663,-0.24334,-0.23006,-0.20349,-0.16362,-0.12374,-0.094179,-0.074936,-0.055696,-0.038825,-0.024322,-0.0098182,0.0068951,0.025815,0.0279,0.034921,0.039108,0.043295,0.037826,0.0227,0,0,0,0,0,0,0,0,0,0,0,0,0,0,0,0,0,0,0,0,-0.090161,-0.15027,-0.21741,-0.54504,-0.72808,-0.84088,-0.88345,-0.92602,-0.94457,-0.93908,-0.93358,-0.89923,-0.83598,-0.77274,-0.68842,-0.58299,-0.47756,-0.39413,-0.33269,-0.27124,-0.22342,-0.18922,-0.15502,-0.11494,-0.068968,0,0,0,0,0,0,0,0,0,0,0,0,0,0,0,0,0,0.074859,0.12477,0.15105,0.15367,0.1563,0.15712,0.15614,0.15515,0.14495,0.12553,0.10611,0.086454,0.066568,0.046673,0.032867,0.025152,0.017438,0.014518,0.016396,0.018274,0.021229,0.025266,0.029301,0.033668,0.038372,0.043071,0.04708,0.050401,0.05372,0.053797,0.050632,0.047467,0.039219,0.025888,0.012556,-0.0031342,-0.021182,-0.03923,-0.05372,-0.064648,-0.075575,-0.079181,-0.075465,-0.071747,-0.062949,-0.049066,-0.03518,-0.021498,-0.0080176,0.0054655,0.018877,0.032218,0.045561,0.055017,0.060587,0.066157,0.067343,0.064141,0.060939,0.054441,0.044646,0.03485,0.026517,0.019651,0.012785,0.0085676,0.0070016,0.005437,0.0041271,0.0030718,0.0020169,0,0,0,0,0,0,0,0,0,0,0,0,0,0,0,0,0,0,0,0,0,0,0,0,0,0,0,0,0,0,0,0,0,0,0,0,0,0,0,0,0,0,0,0,0,0,0,0,0,0,0,0,0,0,0,0,0,0,0,0,0,0,0,0,0,0,0,0,0,0,0,0,0,0,0,0,0,0,0,0,0,0,0,0,0,0,0,0,0,0,0,0,0,0,0,0,0,0,0,0,-0.279,-0.46503,-0.63158,-0.77859,-0.92561,-1.0583,-1.1767,-1.295,-1.3806,-1.4333,-1.486,-1.5012,-1.479,-1.4569,-1.4004,-1.3097,-1.2189,-1.138,-1.067,-0.99604,-0.94522,-0.91459,-0.88395,-0.86556,-0.85942,-0.85328,-0.83848,-0.81502,-0.79155,-0.78395,-0.79222,-0.8005,-0.78737,-0.75282,-0.71825,-0.68673,-0.65825,-0.62977,-0.60589,-0.58663,-0.56737,-0.54956,-0.53321,-0.51685,-0.49847,-0.47807,-0.45766,-0.43396,-0.40698,-0.38,-0.34671,-0.30709,-0.26748,-0.23002,-0.1947,-0.15939,-0.12898,-0.10347,-0.077959,-0.054085,-0.031848,-0.0096067,0.010511,0.028493,0.046474,0.061951,0.07492,0.087887,0.09801,0.10529,0.11257,0.11675,0.11783,0.11891,0.11682,0.11155,0.10629,0.098012,0.086717,0.075421,0.061483,0.044901,0.028318,0.009533,-0.01145,-0.032436,-0.055195,-0.079721,-0.10425,-0.13001,-0.15701,-0.18401,-0.21145,-0.23932,-0.26718,-0.2943,-0.32069,-0.34708,-0.37141,-0.39369,-0.41595,-0.43513,-0.45122,-0.46731,-0.47986,-0.48887,-0.49788,-0.50353,-0.50582,-0.50811,-0.50751,-0.50404,-0.50056,-0.49476,-0.48664,-0.47851,-0.46866,-0.4571,-0.44553,-0.43275,-0.41877,-0.40478,-0.38997,-0.37436,-0.35875,-0.34267,-0.32615,-0.30962,-0.29279,-0.27565,-0.25852,-0.24096,-0.22299,-0.20502,-0.18649,-0.16741,-0.14833,-0.12872,-0.10858,-0.088448,-0.067969,-0.04714,-0.026315,-0.0054236,0.015529,0.036483,0.057211,0.077717,0.098224,0.11833,0.13805,0.15776,0.17702,0.19582,0.21461,0.23286,0.25056,0.26825,0.28511,0.30114,0.31717,0.33187,0.34525,0.35863,0.37015,0.3798,0.38945,0.39679,0.40182,0.40685,0.40926,0.40905,0.40884,0.40594,0.40035,0.39475,0.38659,0.37586,0.36513,0.35217,0.33698,0.32179,0.30509,0.28688,0.26867,0.24996,0.23075,0.21155,0.19291,0.17484,0.15677,0.14013,0.12492,0.1097,0.096256,0.084572,0.072887,0.062609,0.053744,0.044882,0.036787,0.029458,0.022128,0.015066,0.0082747,0.001483,-0.005089,-0.01144,-0.017791,-0.017474,-0.010487,-0.0034962
0,0,0,0,0,0,0,0,0,0,0,0,0,0,0,0,0,0.12876,0.13247,0.13051,0.12854,0.12398,0.11681,0.10965,0.10205,0.09403,0.086007,0.077354,0.068072,0.058787,0.049284,0.039565,0.029846,0.015974,-0.0020509,-0.020078,-0.037234,-0.053518,-0.069803,-0.06496,-0.038979,0,0,0,0,0,0,0,0,-0.87454,-1.1386,-1.3234,-1.4288,-1.5342,-1.5904,-1.5973,-1.6041,-1.3397,-0.80391,0,0,0,0,0,0,0,0,0,0,0,0,0,0,-0.020312,-0.03385,-0.038661,-0.034745,-0.030828,-0.027929,-0.026047,-0.024164,-0.028465,-0.038951,-0.049438,-0.07729,-0.12251,-0.16774,-0.20959,-0.24806,-0.28654,-0.30101,-0.29149,-0.28196,-0.25795,-0.21945,-0.18095,-0.14456,-0.11029,-0.07602,-0.046469,-0.021634,0.0032052,0.025868,0.046359,0.066855,0.083162,0.095278,0.10739,0.094552,0.056742,0,0,0,0,0,0,0,0,0,0,0,0,0,0,0,0,0,0,0,0,-0.2254,-0.37564,-0.50759,-0.62126,-0.73491,-0.82188,-0.88215,-0.94242,-0.97142,-0.96913,-0.96683,-0.93137,-0.86274,-0.79411,-0.70906,-0.60756,-0.50606,-0.42676,-0.36967,-0.31259,-0.27501,-0.25693,-0.23886,-0.19152,-0.11492,0,0,0,0,0,0,0,0,0,0,0,0,0,0,0,0,0,0.074268,0.12379,0.14933,0.15091,0.15248,0.15463,0.15736,0.16009,0.15466,0.14107,0.12749,0.11023,0.08929,0.068343,0.050945,0.037095,0.023245,0.014573,0.011079,0.0075858,0.006584,0.0080706,0.0095574,0.012679,0.017437,0.022197,0.027055,0.032014,0.036971,0.03884,0.037621,0.036401,0.029484,0.016872,0.0042577,-0.010982,-0.028849,-0.046719,-0.060881,-0.071331,-0.081781,-0.084938,-0.080798,-0.076658,-0.066493,-0.050298,-0.034099,-0.010143,-0.0033057,0.0035327,0.01043,0.037333,0.051826,0.061719,0.067013,0.072307,0.073743,0.07132,0.068897,0.063241,0.054353,0.045465,0.037055,0.029124,0.021193,0.015601,0.01235,0.0091006,0.0069652,0.0059437,0.0017352,0,0,0,0,0,0,0,0,0,0,0,0,0,0,0,0,0,0,0,0,0,0,0,0,0,0,0,0,0,0,0,0,0,0,0,0,0,0,0,0,0,0,0,0,0,0,0,0,0,0,0,0,0,0,0,0,0,0,0,0,0,0,0,0,0,0,0,0,0,0,0,0,0,0,0,0,0,0,0,0,0,0,0,0,0,0,0,0,0,0,0,0,0,0,0,0,0,0,0,0,-0.25157,-0.41931,-0.5773,-0.72551,-0.87374,-1.01,-1.1343,-1.2586,-1.3542,-1.4212,-1.4882,-1.5138,-1.4983,-1.4827,-1.4277,-1.3332,-1.2388,-1.1492,-1.0644,-0.97973,-0.92356,-0.89595,-0.86833,-0.85224,-0.84766,-0.84309,-0.83045,-0.80974,-0.78902,-0.78296,-0.79156,-0.80016,-0.78688,-0.75171,-0.71653,-0.68457,-0.65582,-0.62707,-0.6033,-0.58449,-0.56569,-0.5486,-0.53323,-0.51785,-0.5006,-0.48146,-0.46232,-0.43977,-0.4138,-0.38784,-0.35244,-0.30761,-0.26277,-0.22574,-0.1965,-0.16727,-0.14011,-0.11502,-0.089931,-0.06619,-0.043792,-0.021392,-0.00098423,0.017421,0.035829,0.051682,0.064976,0.078267,0.088638,0.096087,0.10354,0.10782,0.10895,0.11007,0.10796,0.10262,0.097277,0.088941,0.077611,0.066282,0.052399,0.035962,0.019526,0.00097947,-0.019677,-0.040332,-0.062673,-0.086691,-0.1107,-0.13594,-0.1624,-0.18886,-0.21585,-0.24337,-0.2709,-0.29781,-0.32412,-0.35043,-0.37476,-0.39713,-0.41948,-0.43873,-0.45487,-0.47101,-0.48344,-0.49217,-0.50089,-0.50599,-0.50747,-0.50895,-0.50736,-0.5027,-0.49804,-0.49102,-0.48163,-0.47225,-0.46121,-0.44851,-0.43581,-0.422,-0.4071,-0.3922,-0.37659,-0.36029,-0.34398,-0.3273,-0.31026,-0.29321,-0.27595,-0.25847,-0.241,-0.22324,-0.20518,-0.18712,-0.16866,-0.1498,-0.13094,-0.11169,-0.092039,-0.072396,-0.052472,-0.032262,-0.012052,0.0082364,0.0286,0.048965,0.06916,0.089189,0.10922,0.12889,0.14822,0.16755,0.18642,0.20484,0.22325,0.24107,0.25829,0.2755,0.2918,0.30719,0.32258,0.33657,0.34917,0.36177,0.37248,0.38129,0.39011,0.39664,0.40089,0.40513,0.40685,0.40603,0.40521,0.40181,0.39582,0.38984,0.3814,0.37052,0.35964,0.34665,0.33155,0.31645,0.29991,0.28194,0.26397,0.24552,0.2266,0.20769,0.18934,0.17154,0.15374,0.13733,0.12231,0.10729,0.093995,0.082428,0.070861,0.060665,0.051845,0.043029,0.034995,0.027743,0.02049,0.013439,0.0065918,-0.00025493,-0.0072454,-0.014379,-0.021513,-0.020902,-0.012543,-0.0041817
0,0,0,0,0,0,0,0,0,0,0,0,0,0,0,0,0.062195,0.1199,0.12046,0.11723,0.114,0.10767,0.098244,0.088813,0.078743,0.068035,0.057326,0.047811,0.039489,0.031167,0.024623,0.019861,0.015099,0.0061185,-0.0070808,-0.020281,-0.035721,-0.053403,-0.071086,-0.064917,-0.034884,0,0,0,0,0,-0.1717,-0.26004,-0.34913,-0.88588,-1.0823,-1.2358,-1.346,-1.4563,-1.508,-1.5011,-1.4942,-1.2539,-0.78022,0,0,0,0,0,0,0,0,0,0,0,0,0,0,-0.028567,-0.038906,-0.041505,-0.036365,-0.031226,-0.028537,-0.028301,-0.028065,-0.036077,-0.052341,-0.068605,-0.10043,-0.14784,-0.19524,-0.23771,-0.27525,-0.3128,-0.32811,-0.3212,-0.31428,-0.29248,-0.25579,-0.21909,-0.17954,-0.13711,-0.094683,-0.057551,-0.025708,0.0061356,0.033039,0.055014,0.076997,0.095526,0.1106,0.12568,0.11102,0.066623,0,0,0,0,0,0,0,0,0,0,0,0,0,0,0,0,0,0,0,0,-0.32493,-0.47749,-0.58987,-0.66209,-0.73428,-0.80399,-0.87119,-0.93838,-0.97196,-0.97192,-0.97187,-0.93736,-0.86838,-0.7994,-0.71716,-0.62166,-0.52616,-0.45139,-0.39735,-0.34332,-0.31112,-0.30078,-0.29045,-0.23775,-0.14266,0,0,0,0,0,0,0,0,0,0,0,0,0,0,0,0,0,0.070811,0.11802,0.1425,0.14425,0.14599,0.14958,0.155,0.16043,0.15917,0.15121,0.14325,0.12986,0.11103,0.092197,0.073698,0.055528,0.037357,0.023626,0.014331,0.00504,-0.00019798,-0.001385,-0.0025705,-0.0011059,0.003011,0.0071304,0.012198,0.018212,0.024226,0.027132,0.026931,0.026727,0.020779,0.0090893,-0.0026009,-0.016672,-0.033127,-0.049584,-0.062328,-0.071359,-0.080392,-0.082862,-0.078762,-0.074663,-0.063968,-0.046676,-0.029382,0,0,0,0,0.038381,0.054364,0.064429,0.068578,0.072726,0.074267,0.0732,0.072133,0.06756,0.05948,0.0514,0.043246,0.035017,0.026789,0.020538,0.016267,0.011998,0.0090342,0.0073779,0,0,0,0,0,0,0,0,0,0,0,0,0,0,0,0,0,0,0,0,0,0,0,0,0,0,0,0,0,0,0,0,0,0,0,0,0,0,0,0,0,0,0,0,0,0,0,0,0,0,0,0,0,0,0,0,0,0,0,0,0,0,0,0,0,0,0,0,0,0,0,0,0,0,0,0,0,0,0,0,0,0,0,0,0,0,0,0,0,0,0,0,0,0,0,0,0,0,0,0,0,-0.21984,-0.36642,-0.5135,-0.66108,-0.80867,-0.95019,-1.0857,-1.2211,-1.3276,-1.4051,-1.4825,-1.5167,-1.5076,-1.4984,-1.4458,-1.3495,-1.2533,-1.1576,-1.0624,-0.96726,-0.90406,-0.87283,-0.8416,-0.82405,-0.82016,-0.81627,-0.80724,-0.79307,-0.7789,-0.77333,-0.77637,-0.77942,-0.76644,-0.73744,-0.70844,-0.67973,-0.65132,-0.62292,-0.59966,-0.58154,-0.56342,-0.54719,-0.53285,-0.51851,-0.50235,-0.48437,-0.46638,-0.44494,-0.42002,-0.3951,-0.35895,-0.31157,-0.2642,-0.22763,-0.20188,-0.17613,-0.15098,-0.12643,-0.10189,-0.078448,-0.056116,-0.033784,-0.013285,0.00538,0.024049,0.040192,0.053811,0.067427,0.078097,0.085821,0.093543,0.098066,0.099388,0.10071,0.098761,0.093543,0.088325,0.080121,0.068931,0.05774,0.044043,0.027837,0.011631,-0.0066104,-0.026887,-0.047162,-0.069013,-0.092437,-0.11585,-0.14043,-0.16617,-0.19191,-0.21827,-0.24524,-0.27222,-0.29878,-0.32492,-0.35107,-0.37542,-0.39798,-0.42053,-0.44,-0.45639,-0.47277,-0.48525,-0.49383,-0.5024,-0.50704,-0.50773,-0.50843,-0.50584,-0.49995,-0.49406,-0.48578,-0.4751,-0.46443,-0.45219,-0.43839,-0.42459,-0.40981,-0.39406,-0.37832,-0.36199,-0.34508,-0.32817,-0.31098,-0.29351,-0.27603,-0.25842,-0.24069,-0.22295,-0.20505,-0.18698,-0.16892,-0.1506,-0.13204,-0.11349,-0.09467,-0.075596,-0.056525,-0.037237,-0.01773,0.0017781,0.021374,0.041058,0.060743,0.080312,0.099771,0.11923,0.13837,0.15722,0.17607,0.19446,0.21238,0.23031,0.24759,0.26422,0.28085,0.2965,0.31117,0.32583,0.33905,0.35082,0.3626,0.37246,0.38043,0.3884,0.39413,0.39763,0.40113,0.4022,0.40084,0.39948,0.39567,0.38939,0.38311,0.37451,0.36358,0.35265,0.33973,0.32481,0.30988,0.2936,0.27594,0.25827,0.24016,0.22159,0.20303,0.185,0.16751,0.15001,0.13384,0.11902,0.1042,0.091062,0.079618,0.068174,0.058098,0.049394,0.040692,0.03276,0.025599,0.018439,0.011454,0.0046441,-0.0021647,-0.0092636,-0.016652,-0.024041,-0.023115,-0.013872,-0.0022626
0,0,0,0,0,0,0,0,0,0,0,0,0,0,0,0.075443,0.13321,0.12876,0.12344,0.11727,0.1111,0.10176,0.089247,0.076736,0.063497,0.049531,0.035566,0.024123,0.015203,0.0062837,0.0014387,0.00066979,-9.6775e-05,-0.00336,-0.0091223,-0.014884,-0.023596,-0.035254,-0.046913,-0.038874,-0.011121,0.013688,0.0038946,-0.029003,-0.061905,-0.11887,-0.3716,-0.54096,-0.70709,-0.86997,-1.0329,-1.1639,-1.263,-1.362,-1.3973,-1.3687,-1.3401,-1.1396,-0.76713,-0.21931,-0.12578,-0.099693,-0.073621,-0.061397,-0.063027,-0.064666,-0.063291,-0.058896,-0.054502,-0.047939,-0.039205,-0.030468,-0.024258,-0.036955,-0.035488,-0.031743,-0.025723,-0.019703,-0.018595,-0.022401,-0.026207,-0.040142,-0.064205,-0.088269,-0.1235,-0.16991,-0.21631,-0.25637,-0.29009,-0.3238,-0.33793,-0.33248,-0.32702,-0.30708,-0.27264,-0.2382,-0.19912,-0.1554,-0.11168,-0.072066,-0.036549,-0.0010328,0.028414,0.051792,0.075168,0.093613,0.10713,0.12064,0.10617,0.063712,0,0,0,0,0,0,0,0,0,0,0,0,0,0,0,0,0,-0.096006,-0.16002,-0.2094,-0.43384,-0.53101,-0.60892,-0.66756,-0.72619,-0.7872,-0.85056,-0.91391,-0.94622,-0.94747,-0.94872,-0.9172,-0.8529,-0.78859,-0.71272,-0.62529,-0.53787,-0.46801,-0.41572,-0.3634,-0.33175,-0.32079,-0.30983,-0.25363,-0.15218,0,0,0,0,0,0,0,0,0,0,0,0,0,0,0,6.3081e-07,0.010221,0.064486,0.10748,0.13055,0.1337,0.13684,0.14197,0.14908,0.15619,0.15848,0.15594,0.1534,0.14535,0.13179,0.11824,0.10112,0.080442,0.059765,0.041665,0.026149,0.010633,0.00087996,-0.0031039,-0.007087,-0.0076896,-0.0049104,-0.0021303,0.0025043,0.008993,0.015483,0.018673,0.018559,0.018443,0.013104,0.0025407,-0.0080234,-0.020208,-0.034016,-0.047822,-0.058062,-0.064737,-0.071412,-0.072953,-0.069358,-0.065764,-0.05538,-0.038206,-0.012603,0,0,0,0,0.035361,0.053175,0.06315,0.065284,0.067417,0.068916,0.069783,0.070649,0.067398,0.060027,0.052657,0.045092,0.037332,0.029574,0.023382,0.018755,0.014128,0.004842,0.0036882,0,0,0,0,0,0,0,0,0,0,0,0,0,0,0,0,0,0,0,0,0,0,0,0,0,0,0,0,0,0,0,0,0,0,0,0,0,0,0,0,0,0,0,0,0,0,0,0,0,0,0,0,0,0,0,0,0,0,0,0,0,0,0,0,0,0,0,0,0,0,0,0,0,0,0,0,0,0,0,0,0,0,0,0,0,0,0,0,0,0,0,0,0,0,0,0,0,0,0,0,0,-0.18382,-0.30638,-0.4402,-0.58533,-0.73047,-0.87895,-1.0308,-1.1826,-1.3006,-1.3849,-1.4691,-1.5098,-1.507,-1.5041,-1.4546,-1.3586,-1.2624,-1.1632,-1.0609,-0.95859,-0.8867,-0.84522,-0.80376,-0.78099,-0.7769,-0.77282,-0.76886,-0.76503,-0.76119,-0.75507,-0.74667,-0.73827,-0.72605,-0.71002,-0.69398,-0.67222,-0.64476,-0.6173,-0.59497,-0.57777,-0.56058,-0.54534,-0.53208,-0.51881,-0.50371,-0.48679,-0.46986,-0.44947,-0.42563,-0.40179,-0.36624,-0.31899,-0.27174,-0.23569,-0.21085,-0.18599,-0.16162,-0.13771,-0.11381,-0.090848,-0.068823,-0.046795,-0.026397,-0.0076348,0.01113,0.027483,0.041423,0.055363,0.066385,0.074487,0.082588,0.087476,0.08915,0.090823,0.089215,0.084326,0.079435,0.071552,0.060674,0.049794,0.036412,0.020523,0.004634,-0.013233,-0.033081,-0.05293,-0.074225,-0.096961,-0.11969,-0.14348,-0.16833,-0.19318,-0.21872,-0.24493,-0.27114,-0.2972,-0.3231,-0.34899,-0.37338,-0.39624,-0.4191,-0.43894,-0.45577,-0.4726,-0.48529,-0.49385,-0.50242,-0.50667,-0.50661,-0.50655,-0.50294,-0.49578,-0.48862,-0.47904,-0.46705,-0.45505,-0.44162,-0.42675,-0.41187,-0.39617,-0.37965,-0.36313,-0.34616,-0.32875,-0.31133,-0.29371,-0.2759,-0.25808,-0.24021,-0.22229,-0.20437,-0.1864,-0.1684,-0.1504,-0.13231,-0.11414,-0.095964,-0.077668,-0.059251,-0.040834,-0.022265,-0.0035449,0.015175,0.033991,0.052906,0.071818,0.090668,0.10946,0.12825,0.14678,0.16505,0.18332,0.20112,0.21846,0.23579,0.25243,0.26837,0.2843,0.29921,0.31307,0.32692,0.3393,0.3502,0.3611,0.3701,0.37722,0.38434,0.38928,0.39206,0.39483,0.39531,0.39348,0.39166,0.38751,0.38105,0.37458,0.36591,0.35504,0.34417,0.33141,0.31675,0.30209,0.28613,0.26886,0.25159,0.23388,0.21573,0.19757,0.17991,0.16273,0.14556,0.12966,0.11504,0.10042,0.087455,0.076141,0.064827,0.054908,0.046388,0.037869,0.030083,0.023029,0.015975,0.0091083,0.0024303,-0.0042478,-0.011145,-0.018261,-0.025376,-0.024114,-0.014472,0
0,0,0,0,0,0,0,0,0,0,0,0,0,0.046532,0.07756,0.1641,0.15086,0.13761,0.12643,0.11732,0.1082,0.095848,0.080257,0.064664,0.048259,0.031036,0.013811,0.00044057,-0.0090768,-0.018594,-0.021742,-0.018518,-0.01529,-0.012837,-0.011162,-0.0094871,-0.011465,-0.017095,-0.022731,-0.012822,0.012646,0.038116,0.0097262,-0.072503,-0.15473,-0.27324,-0.428,-0.58273,-0.72476,-0.85409,-0.98343,-1.092,-1.1799,-1.2678,-1.2866,-1.2363,-1.1861,-1.0253,-0.754,-0.48266,-0.3144,-0.24921,-0.18405,-0.15349,-0.15756,-0.16165,-0.15821,-0.14722,-0.13624,-0.11983,-0.098,-0.076169,-0.058616,-0.045344,-0.032073,-0.021985,-0.015082,-0.0081804,-0.0086535,-0.0165,-0.024349,-0.044204,-0.076064,-0.10793,-0.14656,-0.19196,-0.23737,-0.27503,-0.30491,-0.33479,-0.34774,-0.34375,-0.33976,-0.32167,-0.28948,-0.25729,-0.2187,-0.17368,-0.12867,-0.086575,-0.04739,-0.0081984,0.023789,0.048565,0.073332,0.091689,0.10364,0.1156,0.10132,0.060799,0,0,0,0,0,0,0,0,0,0,0,0,0,0,0,0,0,-0.24001,-0.4,-0.50092,-0.54273,-0.58453,-0.62796,-0.67303,-0.71811,-0.7704,-0.82992,-0.88944,-0.92048,-0.92302,-0.92556,-0.89702,-0.8374,-0.77777,-0.70828,-0.62894,-0.54959,-0.48463,-0.43406,-0.38348,-0.35239,-0.3408,-0.3292,-0.2695,-0.16171,0,0,0,0,0,0,0,0,0,0,0,0,0,0,0,1.575e-06,0.01939,0.058165,0.096936,0.11859,0.12314,0.12769,0.13436,0.14316,0.15195,0.15779,0.16067,0.16355,0.16084,0.15255,0.14427,0.12853,0.10535,0.08217,0.059704,0.037966,0.016227,0.0019612,-0.0048231,-0.011604,-0.014274,-0.012832,-0.011391,-0.0071881,-0.00022348,0.0067438,0.010216,0.010189,0.010161,0.0054311,-0.0040058,-0.013443,-0.023741,-0.034901,-0.04606,-0.053798,-0.058115,-0.062431,-0.063044,-0.059953,-0.056863,-0.04679,-0.029736,0,0,0,0,0,0.032341,0.051986,0.06187,0.061988,0.062107,0.063566,0.066365,0.069165,0.067234,0.060573,0.053911,0.046936,0.039648,0.03236,0.026224,0.0099993,0.0075965,0,0,0,0,0,0,0,0,0,0,0,0,0,0,0,0,0,0,0,0,0,0,0,0,0,0,0,0,0,0,0,0,0,0,0,0,0,0,0,0,0,0,0,0,0,0,0,0,0,0,0,0,0,0,0,0,0,0,0,0,0,0,0,0,0,0,0,0,0,0,0,0,0,0,0,0,0,0,0,0,0,0,0,0,0,0,0,0,0,0,0,0,0,0,0,0,0,0,0,0,0,0,0,-0.14779,-0.24633,-0.36692,-0.50957,-0.65226,-0.80769,-0.97587,-1.1441,-1.2737,-1.3647,-1.4558,-1.503,-1.5064,-1.5098,-1.4635,-1.3676,-1.2716,-1.1689,-1.0594,-0.94991,-0.86934,-0.81763,-0.76593,-0.73793,-0.73366,-0.72938,-0.73049,-0.73698,-0.74348,-0.73681,-0.71697,-0.69713,-0.68567,-0.68259,-0.67951,-0.66472,-0.6382,-0.61168,-0.59028,-0.574,-0.55773,-0.5435,-0.53131,-0.51912,-0.50508,-0.48921,-0.47333,-0.45401,-0.43124,-0.40847,-0.37353,-0.32641,-0.27929,-0.24376,-0.2198,-0.19585,-0.17225,-0.149,-0.12574,-0.10325,-0.081528,-0.059802,-0.039508,-0.020648,-0.0017898,0.014774,0.029039,0.0433,0.054673,0.063154,0.071632,0.076885,0.078911,0.080936,0.079668,0.075107,0.070545,0.062981,0.052415,0.041847,0.028779,0.013208,-0.0023646,-0.019857,-0.039276,-0.058697,-0.079436,-0.10149,-0.12354,-0.14654,-0.1705,-0.19445,-0.21916,-0.24461,-0.27007,-0.29562,-0.32127,-0.34692,-0.37133,-0.3945,-0.41766,-0.43788,-0.45516,-0.47242,-0.48533,-0.49388,-0.50243,-0.5063,-0.50549,-0.50467,-0.50005,-0.49161,-0.48317,-0.4723,-0.45898,-0.44568,-0.43105,-0.4151,-0.39915,-0.38254,-0.36524,-0.34795,-0.33034,-0.31241,-0.29449,-0.27644,-0.25829,-0.24013,-0.222,-0.20389,-0.18578,-0.16776,-0.14982,-0.13189,-0.11402,-0.096233,-0.078443,-0.060668,-0.042905,-0.025142,-0.0072942,0.010641,0.028574,0.046611,0.064753,0.082891,0.10103,0.11916,0.13728,0.15519,0.17288,0.19057,0.20779,0.22453,0.24127,0.25726,0.27251,0.28776,0.30191,0.31496,0.32801,0.33955,0.34958,0.3596,0.36775,0.37401,0.38028,0.38444,0.38649,0.38854,0.38842,0.38612,0.38383,0.37936,0.3727,0.36605,0.35732,0.3465,0.33569,0.32309,0.30869,0.2943,0.27867,0.26179,0.24491,0.2276,0.20986,0.19211,0.17481,0.15796,0.14111,0.12547,0.11106,0.096645,0.083846,0.072663,0.061481,0.051719,0.04338,0.035045,0.027404,0.020458,0.013511,0.0067633,0.00021529,-0.0063329,-0.013029,-0.019872,-0.026714,-0.025115,-0.015071,-0.0025632
0,0,0,0,0,0,0,0,0,0,0,0,0,0.094836,0.15807,0.18189,0.16629,0.15069,0.13717,0.12575,0.11433,0.099559,0.081444,0.063323,0.0443,0.024374,0.0044458,-0.011266,-0.022757,-0.03425,-0.037584,-0.032758,-0.027931,-0.020027,-0.0090497,0.0019271,0.010698,0.017257,0.023811,0.034128,0.048207,0.062281,0.01746,-0.086249,-0.18996,-0.317,-0.46731,-0.6176,-0.74465,-0.8485,-0.95234,-1.0398,-1.111,-1.1822,-1.1875,-1.1269,-1.0663,-0.93815,-0.74256,-0.54697,-0.41188,-0.3373,-0.26276,-0.22477,-0.22336,-0.22198,-0.2129,-0.19612,-0.17933,-0.1565,-0.12761,-0.098721,-0.073462,-0.051837,-0.030215,-0.015232,-0.0068884,0.0014528,0.00038199,-0.010101,-0.020589,-0.043725,-0.079512,-0.1153,-0.1552,-0.19921,-0.24322,-0.27864,-0.30545,-0.33227,-0.34351,-0.33918,-0.33484,-0.31724,-0.28637,-0.25549,-0.21885,-0.17643,-0.134,-0.094673,-0.058427,-0.022183,0.0073612,0.030213,0.053057,0.069408,0.079277,0.089149,0.078408,0.047049,0,0,0,0,0,0,0,0,0,0,0,0,0,0,0,0,0,-0.34374,-0.50745,-0.59691,-0.61207,-0.62721,-0.65171,-0.68557,-0.71943,-0.76169,-0.81234,-0.86298,-0.88964,-0.8923,-0.89495,-0.8695,-0.81596,-0.76241,-0.6996,-0.62754,-0.55548,-0.49429,-0.44396,-0.39364,-0.36178,-0.3484,-0.33501,-0.27362,-0.16418,0,0,0,0,0,0,0,0,0,0,0,0,0,0,0,9.4415e-07,0.016943,0.050826,0.084704,0.10465,0.11066,0.11668,0.12544,0.13696,0.14847,0.1571,0.16285,0.16859,0.16864,0.163,0.15736,0.14337,0.12103,0.098686,0.074635,0.048878,0.023121,0.0051029,-0.0051756,-0.015452,-0.020216,-0.019467,-0.018716,-0.014445,-0.0066523,0.0011411,0.0052578,0.0056957,0.0061333,0.0022182,-0.0060518,-0.014321,-0.023087,-0.032354,-0.04162,-0.047567,-0.050198,-0.052829,-0.052407,-0.048931,-0.045454,-0.036431,-0.02186,0,0,0,0,0,0.028315,0.047193,0.056474,0.056154,0.055834,0.057449,0.061,0.064551,0.063597,0.058137,0.052676,0.0468,0.040509,0.034218,0.027942,0,0,0,0,0,0,0,0,0,0,0,0,0,0,0,0,0,0,0,0,0,0,0,0,0,0,0,0,0,0,0,0,0,0,0,0,0,0,0,0,0,0,0,0,0,0,0,0,0,0,0,0,0,0,0,0,0,0,0,0,0,0,0,0,0,0,0,0,0,0,0,0,0,0,0,0,0,0,0,0,0,0,0,0,0,0,0,0,0,0,0,0,0,0,0,0,0,0,0,0,0,0,0,0,0,-0.10821,-0.18037,-0.28729,-0.429,-0.5707,-0.73479,-0.92129,-1.1078,-1.2525,-1.3555,-1.4584,-1.5137,-1.5213,-1.5289,-1.4823,-1.3814,-1.2806,-1.1726,-1.0574,-0.94221,-0.8553,-0.79663,-0.73796,-0.70607,-0.70098,-0.6959,-0.69922,-0.71096,-0.7227,-0.71623,-0.69153,-0.66684,-0.65676,-0.66131,-0.66586,-0.65564,-0.63066,-0.60566,-0.58558,-0.57042,-0.55526,-0.54209,-0.53092,-0.51975,-0.50675,-0.49191,-0.47708,-0.45886,-0.43725,-0.41563,-0.38133,-0.33433,-0.28734,-0.25224,-0.22904,-0.20585,-0.18292,-0.16026,-0.1376,-0.11562,-0.094323,-0.073023,-0.052996,-0.034246,-0.015499,0.0011098,0.015579,0.030044,0.041682,0.050492,0.0593,0.064882,0.067235,0.069587,0.068672,0.06449,0.060306,0.053163,0.04306,0.032955,0.020363,0.0052819,-0.0098022,-0.026781,-0.045652,-0.064524,-0.084626,-0.10595,-0.12728,-0.14945,-0.17247,-0.19548,-0.21927,-0.24383,-0.2684,-0.29332,-0.31858,-0.34385,-0.36819,-0.3916,-0.41502,-0.43559,-0.45329,-0.471,-0.48412,-0.49268,-0.50123,-0.50474,-0.50321,-0.50168,-0.49608,-0.48642,-0.47675,-0.46461,-0.45,-0.43539,-0.4196,-0.40261,-0.38562,-0.36813,-0.35013,-0.33213,-0.31396,-0.29561,-0.27726,-0.25887,-0.24046,-0.22204,-0.20372,-0.18551,-0.16729,-0.14928,-0.13148,-0.11368,-0.096112,-0.078773,-0.061434,-0.044238,-0.027182,-0.010129,0.0069492,0.024054,0.041156,0.058369,0.07569,0.093008,0.11037,0.12777,0.14517,0.16238,0.17942,0.19645,0.21301,0.22908,0.24515,0.26043,0.27492,0.28941,0.30275,0.31494,0.32713,0.33778,0.34691,0.35603,0.36332,0.36875,0.37419,0.37761,0.37902,0.38043,0.3798,0.37713,0.37447,0.36975,0.36299,0.35623,0.34751,0.33682,0.32614,0.31376,0.29969,0.28562,0.27037,0.25393,0.23749,0.22061,0.2033,0.18599,0.16908,0.15256,0.13605,0.12069,0.10649,0.092283,0.079668,0.068641,0.057612,0.048025,0.039885,0.031746,0.024321,0.01761,0.010899,0.0043447,-0.0020542,-0.0084524,-0.015045,-0.021832,-0.028619,-0.026679,-0.01601,-0.0053399
0,0,0,0,0,0,0,0,0,0,0,0,0,0.048304,0.080514,0.093227,0.1795,0.16798,0.15566,0.14257,0.12948,0.11289,0.092797,0.072708,0.051621,0.029542,0.0074633,-0.011,-0.025842,-0.040685,-0.046091,-0.042056,-0.03802,-0.02493,-0.002788,0.019356,0.042886,0.067794,0.092706,0.10196,0.095541,0.089124,0.029018,-0.084789,-0.1986,-0.33353,-0.48956,-0.64555,-0.76676,-0.8532,-0.93961,-1.0073,-1.0564,-1.1054,-1.1001,-1.0404,-0.98066,-0.87815,-0.73283,-0.58751,-0.48117,-0.41384,-0.34657,-0.30593,-0.29195,-0.27799,-0.25902,-0.23504,-0.21106,-0.18193,-0.14765,-0.11337,-0.082962,-0.056437,-0.029913,-0.011481,-0.001141,0.0091979,0.0085111,-0.0032066,-0.014927,-0.03871,-0.074554,-0.1104,-0.14943,-0.19165,-0.23387,-0.26723,-0.29173,-0.31624,-0.32525,-0.31877,-0.31227,-0.29379,-0.2633,-0.23281,-0.19958,-0.16363,-0.12769,-0.096371,-0.069686,-0.043008,-0.020869,-0.003261,0.014347,0.02678,0.03404,0.041306,0.037451,0.022472,0,0,0,0,0,0,0,0,0,0,0,0,0,0,-0.098093,-0.1635,-0.21595,-0.45518,-0.56242,-0.62465,-0.64186,-0.65906,-0.68016,-0.70516,-0.73017,-0.76104,-0.79778,-0.83453,-0.8537,-0.85531,-0.8569,-0.83466,-0.78857,-0.74248,-0.68666,-0.62111,-0.55556,-0.497,-0.44544,-0.39387,-0.35992,-0.34361,-0.32729,-0.26596,-0.15959,0,0,0,0,0,0,0,0,0,0,0,0,0,0,0,0,0.014154,0.042467,0.070782,0.08871,0.096258,0.10381,0.11521,0.13048,0.14575,0.15641,0.16247,0.16853,0.16876,0.16314,0.15752,0.14563,0.12747,0.10931,0.086453,0.05889,0.031319,0.010302,-0.0041634,-0.018632,-0.025516,-0.024813,-0.024107,-0.019268,-0.010297,-0.0013264,0.0037987,0.0050776,0.0063553,0.0034638,-0.0035978,-0.01066,-0.018251,-0.026374,-0.034497,-0.039368,-0.040989,-0.042608,-0.041044,-0.036292,-0.03154,-0.024304,-0.014583,0,0,0,0,0,0.02328,0.0388,0.046969,0.047785,0.0486,0.050568,0.053689,0.05681,0.056487,0.052721,0.048954,0.044687,0.039918,0.035149,0.014119,0,0,0,0,0,0,0,0,0,0,0,0,0,0,0,0,0,0,0,0,0,0,0,0,0,0,0,0,0,0,0,0,0,0,0,0,0,0,0,0,0,0,0,0,0,0,0,0,0,0,0,0,0,0,0,0,0,0,0,0,0,0,0,0,0,0,0,0,0,0,0,0,0,0,0,0,0,0,0,0,0,0,0,0,0,0,0,0,0,0,0,0,0,0,0,0,0,0,0,0,0,0,0,0,0,-0.065102,-0.10851,-0.20133,-0.34359,-0.48584,-0.66032,-0.86706,-1.0738,-1.2372,-1.3571,-1.477,-1.5419,-1.5516,-1.5613,-1.5108,-1.4,-1.2893,-1.1743,-1.0549,-0.93547,-0.84458,-0.78222,-0.71986,-0.6854,-0.67888,-0.67236,-0.67505,-0.68695,-0.69886,-0.69333,-0.67036,-0.64738,-0.63931,-0.64616,-0.65302,-0.64501,-0.62212,-0.59924,-0.58087,-0.56701,-0.55316,-0.54113,-0.53092,-0.52071,-0.50871,-0.49491,-0.48111,-0.46402,-0.44365,-0.42328,-0.38965,-0.34276,-0.29586,-0.26112,-0.23854,-0.21597,-0.19362,-0.1715,-0.14938,-0.12795,-0.10721,-0.086465,-0.066871,-0.048434,-0.03,-0.013506,0.0010447,0.015594,0.027413,0.036503,0.045593,0.051465,0.054121,0.056776,0.056227,0.052475,0.048722,0.0421,0.032611,0.02312,0.011164,-0.0032577,-0.017681,-0.033999,-0.052206,-0.070413,-0.089799,-0.11036,-0.13091,-0.15221,-0.17424,-0.19627,-0.21906,-0.2426,-0.26614,-0.29029,-0.31503,-0.33978,-0.36396,-0.38756,-0.41117,-0.43205,-0.45018,-0.46831,-0.48167,-0.49024,-0.49881,-0.502,-0.49979,-0.49758,-0.49105,-0.4802,-0.46935,-0.45598,-0.44009,-0.42421,-0.40727,-0.38926,-0.37126,-0.35294,-0.33432,-0.31569,-0.29704,-0.27834,-0.25965,-0.24101,-0.22241,-0.20381,-0.18539,-0.16714,-0.14889,-0.13097,-0.11338,-0.09579,-0.078583,-0.061761,-0.044937,-0.028379,-0.012085,0.0042071,0.020467,0.036695,0.052924,0.069266,0.085718,0.10217,0.1187,0.1353,0.1519,0.16836,0.18466,0.20097,0.21679,0.23211,0.24744,0.26194,0.2756,0.28926,0.30173,0.313,0.32426,0.33399,0.34219,0.35039,0.35681,0.36144,0.36608,0.36882,0.36967,0.37052,0.36947,0.36652,0.36357,0.3587,0.35192,0.34513,0.33649,0.326,0.31551,0.30342,0.28974,0.27605,0.26123,0.24528,0.22932,0.21292,0.19607,0.17922,0.16271,0.14654,0.13038,0.1153,0.10132,0.087339,0.074924,0.064074,0.05322,0.043828,0.0359,0.027973,0.020835,0.014487,0.0081399,0.001852,-0.0043771,-0.010606,-0.017194,-0.024143,-0.03109,-0.028807,-0.017288,-0.005765
0,0,0,0,0,0,0,0,0,0,0,0,0,0,0,0,0.19271,0.18526,0.17416,0.15939,0.14463,0.12622,0.10415,0.082088,0.05894,0.034711,0.01048,-0.010736,-0.028926,-0.047117,-0.054594,-0.051351,-0.048106,-0.02983,0.0034772,0.036784,0.07507,0.11833,0.16159,0.16977,0.14286,0.11595,0.040546,-0.083363,-0.20726,-0.35005,-0.51177,-0.67349,-0.78885,-0.85788,-0.92689,-0.97485,-1.0018,-1.0287,-1.0127,-0.9539,-0.89508,-0.81814,-0.72306,-0.62799,-0.55044,-0.4904,-0.43038,-0.38709,-0.36054,-0.33401,-0.30514,-0.27396,-0.24279,-0.20737,-0.16769,-0.12802,-0.092469,-0.061042,-0.029616,-0.0077313,0.0046063,0.016943,0.01664,0.0036884,-0.0092633,-0.03369,-0.069594,-0.10549,-0.14366,-0.18409,-0.22451,-0.25582,-0.27802,-0.30021,-0.30698,-0.29835,-0.28971,-0.27034,-0.24023,-0.21012,-0.18032,-0.15084,-0.12136,-0.098066,-0.080946,-0.063827,-0.049088,-0.036731,-0.024369,-0.015855,-0.011196,-0.0065326,-0.0035043,-0.0021094,0,0,0,0,0,0,0,0,0,0,0,0,0,0,-0.24521,-0.40868,-0.51582,-0.5666,-0.61736,-0.65238,-0.67165,-0.69091,-0.70861,-0.72475,-0.7409,-0.76039,-0.78324,-0.80609,-0.81778,-0.81832,-0.81886,-0.79982,-0.76118,-0.72254,-0.67371,-0.61468,-0.55565,-0.49972,-0.44691,-0.3941,-0.35807,-0.33882,-0.31957,-0.2583,-0.155,0,0,0,0,0,0,0,0,0,0,0,0,0,0,0,1.3279e-06,0.011372,0.034111,0.056858,0.07277,0.081849,0.090932,0.10498,0.124,0.14302,0.15572,0.1621,0.16848,0.16887,0.16327,0.15768,0.14789,0.13392,0.11994,0.098274,0.068904,0.039523,0.015504,-0.0031547,-0.021813,-0.030815,-0.030157,-0.029496,-0.024093,-0.013942,-0.003793,0.00234,0.0044596,0.0065772,0.0047096,-0.0011435,-0.0069977,-0.013415,-0.020395,-0.027374,-0.03117,-0.031781,-0.03239,-0.029682,-0.023656,-0.017629,-0.01218,-0.0073082,0,0,0,0,0,0.010381,0.017303,0.037466,0.039415,0.041365,0.043685,0.046377,0.049069,0.049378,0.047305,0.045233,0.042573,0.039327,0.036081,0,0,0,0,0,0,0,0,0,0,0,0,0,0,0,0,0,0,0,0,0,0,0,0,0,0,0,0,0,0,0,0,0,0,0,0,0,0,0,0,0,0,0,0,0,0,0,0,0,0,0,0,0,0,0,0,0,0,0,0,0,0,0,0,0,0,0,0,0,0,0,0,0,0,0,0,0,0,0,0,0,0,0,0,0,0,0,0,0,0,0,0,0,0,0,0,0,0,0,0,0,0,0,0,0,0,-0.021987,-0.03665,-0.11536,-0.25818,-0.401,-0.58587,-0.81283,-1.0398,-1.2218,-1.3587,-1.4957,-1.5701,-1.5819,-1.5936,-1.5392,-1.4187,-1.2981,-1.1759,-1.0523,-0.92872,-0.83387,-0.76781,-0.70175,-0.66473,-0.65678,-0.64883,-0.65089,-0.66295,-0.67501,-0.67043,-0.64918,-0.62793,-0.62187,-0.63102,-0.64018,-0.63437,-0.61359,-0.59281,-0.57615,-0.56361,-0.55107,-0.54017,-0.53092,-0.52167,-0.51067,-0.4979,-0.48514,-0.46919,-0.45006,-0.43092,-0.39796,-0.35117,-0.30437,-0.26999,-0.24804,-0.22609,-0.20432,-0.18274,-0.16117,-0.14028,-0.12009,-0.0999,-0.080743,-0.062621,-0.044499,-0.028119,-0.013488,0.0011445,0.013148,0.022515,0.031883,0.038047,0.041004,0.043963,0.043782,0.040459,0.037136,0.031036,0.02216,0.013282,0.0019631,-0.011799,-0.025563,-0.041216,-0.058758,-0.076302,-0.094973,-0.11476,-0.13455,-0.15497,-0.17602,-0.19706,-0.21885,-0.24137,-0.26389,-0.28726,-0.31148,-0.33572,-0.35973,-0.38352,-0.40732,-0.4285,-0.44707,-0.46563,-0.47921,-0.4878,-0.49639,-0.49925,-0.49636,-0.49347,-0.48601,-0.47398,-0.46195,-0.44735,-0.43019,-0.41303,-0.39494,-0.37592,-0.35689,-0.33776,-0.3185,-0.29925,-0.28011,-0.26108,-0.24204,-0.22314,-0.20436,-0.18559,-0.16706,-0.14878,-0.1305,-0.11266,-0.095281,-0.077899,-0.061054,-0.044748,-0.028441,-0.012521,0.0030111,0.018544,0.033985,0.049337,0.064692,0.080161,0.095744,0.11133,0.12703,0.14283,0.15864,0.17433,0.1899,0.20548,0.22056,0.23515,0.24974,0.26345,0.27628,0.28911,0.3007,0.31105,0.32139,0.3302,0.33747,0.34474,0.3503,0.35413,0.35796,0.36003,0.36031,0.3606,0.35913,0.3559,0.35267,0.34765,0.34084,0.33403,0.32548,0.31518,0.30489,0.29309,0.27979,0.26648,0.25209,0.23662,0.22115,0.20522,0.18883,0.17244,0.15634,0.14052,0.12471,0.10992,0.096156,0.082395,0.070178,0.059504,0.048828,0.039631,0.031915,0.024199,0.017348,0.011365,0.0053809,-0.00064081,-0.0066993,-0.012758,-0.019342,-0.026451,-0.03356,-0.030933,-0.018563,-0.0061879
0,0,0,0,0,0,0,0,0,0,0,0,0,0,0,0,0.1997,0.19549,0.1863,0.17214,0.15799,0.14006,0.11834,0.096629,0.072486,0.04592,0.019351,-0.0045217,-0.025689,-0.046858,-0.056535,-0.054716,-0.052892,-0.031247,0.010219,0.051685,0.099316,0.1531,0.20689,0.21022,0.16307,0.11589,0.038597,-0.068851,-0.17629,-0.31989,-0.49966,-0.67946,-0.79622,-0.84992,-0.90362,-0.93719,-0.95062,-0.96406,-0.94758,-0.9012,-0.85481,-0.80236,-0.74386,-0.68535,-0.62924,-0.57549,-0.52173,-0.47592,-0.43807,-0.40024,-0.36111,-0.32073,-0.28036,-0.23719,-0.19119,-0.1452,-0.10394,-0.067399,-0.030868,-0.0050255,0.010121,0.025263,0.026615,0.014168,0.0017212,-0.022072,-0.057231,-0.092389,-0.12981,-0.16949,-0.20917,-0.23975,-0.26123,-0.28271,-0.28802,-0.27716,-0.2663,-0.24512,-0.21361,-0.18211,-0.15467,-0.1313,-0.10794,-0.093593,-0.088274,-0.082958,-0.077714,-0.072547,-0.06738,-0.062135,-0.05682,-0.051505,-0.044382,-0.035463,0,0,0,0,0,0,0,0,0,0,0,0,0,0,-0.33651,-0.5106,-0.61006,-0.63483,-0.65959,-0.68146,-0.70046,-0.71946,-0.73377,-0.74341,-0.75305,-0.76434,-0.77728,-0.79022,-0.79613,-0.795,-0.79387,-0.77648,-0.74282,-0.70916,-0.66502,-0.61041,-0.5558,-0.502,-0.44902,-0.39605,-0.35868,-0.33691,-0.31514,-0.25356,-0.15215,0,0,0,0,0,0,0,0,0,0,0,0,0,0,0,1.3279e-06,0.0083173,0.024946,0.041578,0.053997,0.062203,0.070409,0.087417,0.11324,0.13907,0.15472,0.16019,0.16567,0.16576,0.16049,0.15521,0.14684,0.13538,0.12391,0.1038,0.075046,0.046278,0.021224,-0.00011647,-0.021454,-0.032403,-0.032963,-0.033518,-0.028117,-0.016756,-0.0053949,0.0013424,0.0034586,0.0055729,0.0045046,0.00025287,-0.0039998,-0.0093491,-0.015795,-0.022238,-0.02536,-0.025161,-0.02496,-0.021781,-0.015626,-0.0094689,-0.0053245,-0.0031944,0,0,0,0,0,0,0,0.02726,0.029357,0.031454,0.03454,0.038614,0.042687,0.044135,0.042956,0.041778,0.040127,0.038003,0.035878,0,0,0,0,0,0,0,0,0,0,0,0,0,0,0,0,0,0,0,0,0,0,0,0,0,0,0,0,0,0,0,0,0,0,0,0,0,0,0,0,0,0,0,0,0,0,0,0,0,0,0,0,0,0,0,0,0,0,0,0,0,0,0,0,0,0,0,0,0,0,0,0,0,0,0,0,0,0,0,0,0,0,0,0,0,0,0,0,0,0,0,0,0,0,0,0,0,0,0,0,0,0,0,0,0,0,0.024433,0.04073,-0.025434,-0.17411,-0.3228,-0.51861,-0.76155,-1.0045,-1.2044,-1.3611,-1.5179,-1.6019,-1.6132,-1.6245,-1.5663,-1.4388,-1.3112,-1.1828,-1.0535,-0.92427,-0.82472,-0.7549,-0.68508,-0.6448,-0.63407,-0.62336,-0.62375,-0.63526,-0.64676,-0.64291,-0.62369,-0.60447,-0.60104,-0.6134,-0.62577,-0.62284,-0.60461,-0.58638,-0.57168,-0.56053,-0.54937,-0.53967,-0.53141,-0.52316,-0.51328,-0.50175,-0.49023,-0.47329,-0.45092,-0.42856,-0.39651,-0.35478,-0.31306,-0.28149,-0.2601,-0.23871,-0.21741,-0.19619,-0.17497,-0.15447,-0.1347,-0.11492,-0.096147,-0.07838,-0.060611,-0.044441,-0.029879,-0.015317,-0.0032914,0.0061876,0.015667,0.022001,0.025184,0.028367,0.028518,0.025633,0.022749,0.017201,0.0089902,0.00077815,-0.0098094,-0.022773,-0.035737,-0.050574,-0.067288,-0.084006,-0.10183,-0.12077,-0.13971,-0.15924,-0.17937,-0.19949,-0.22034,-0.24194,-0.26353,-0.28611,-0.30969,-0.33327,-0.35689,-0.38054,-0.4042,-0.42537,-0.44406,-0.46274,-0.4763,-0.48474,-0.49317,-0.4956,-0.492,-0.48841,-0.48005,-0.46691,-0.45378,-0.43805,-0.41974,-0.40142,-0.3823,-0.36238,-0.34246,-0.3226,-0.3028,-0.283,-0.26345,-0.24415,-0.22485,-0.20576,-0.18687,-0.16799,-0.14942,-0.13117,-0.11292,-0.095235,-0.078107,-0.060982,-0.044536,-0.028771,-0.013006,0.0022524,0.017007,0.03176,0.046362,0.060817,0.075273,0.089846,0.10453,0.11923,0.13406,0.14904,0.16401,0.1789,0.1937,0.20851,0.22282,0.23663,0.25044,0.26334,0.27531,0.28728,0.29798,0.30739,0.3168,0.32469,0.33105,0.33742,0.34215,0.34524,0.34833,0.34977,0.34956,0.34936,0.34752,0.34405,0.34058,0.33545,0.32866,0.32187,0.31346,0.30341,0.29337,0.28191,0.26903,0.25615,0.24224,0.2273,0.21235,0.19693,0.18104,0.16514,0.14948,0.13405,0.11862,0.10415,0.090653,0.077155,0.065174,0.05471,0.044248,0.035307,0.02789,0.020473,0.013975,0.0083964,0.002818,-0.0027682,-0.0083622,-0.013956,-0.020227,-0.027175,-0.034125,-0.031337,-0.018804,-0.0062682
0,0,0,0,0,0,0,0,0,0,0,0,0,0,0,0,0.20046,0.19866,0.19211,0.18083,0.16955,0.1544,0.13537,0.11633,0.092267,0.063169,0.034067,0.0076319,-0.016137,-0.039908,-0.051915,-0.05215,-0.052382,-0.029184,0.017438,0.064058,0.11562,0.17212,0.22863,0.22331,0.15615,0.088975,0.023162,-0.041293,-0.10575,-0.24311,-0.4533,-0.6635,-0.78887,-0.82934,-0.86982,-0.89437,-0.90299,-0.91161,-0.9047,-0.88226,-0.85981,-0.83079,-0.79521,-0.75962,-0.71759,-0.66912,-0.62063,-0.57241,-0.52454,-0.47668,-0.42693,-0.37534,-0.32375,-0.27136,-0.21814,-0.16492,-0.11738,-0.075519,-0.033663,-0.0033562,0.015401,0.034156,0.038434,0.028232,0.018028,-0.0038659,-0.037468,-0.071079,-0.10788,-0.14787,-0.18785,-0.21903,-0.24139,-0.26375,-0.26836,-0.2552,-0.24204,-0.21812,-0.18345,-0.14877,-0.12263,-0.10502,-0.08741,-0.082963,-0.091684,-0.10041,-0.10675,-0.11071,-0.11468,-0.11205,-0.10283,-0.093608,-0.085185,-0.077583,-0.045852,-0.042597,-0.039558,-0.036517,-0.03602,-0.038072,-0.040125,-0.047155,-0.059163,-0.071172,-0.089424,-0.11392,-0.13841,-0.17766,-0.42105,-0.55108,-0.63071,-0.6599,-0.68908,-0.71188,-0.72829,-0.7447,-0.75565,-0.76114,-0.76663,-0.77288,-0.77991,-0.78693,-0.78874,-0.78534,-0.78193,-0.76465,-0.73348,-0.70231,-0.66058,-0.6083,-0.55602,-0.50384,-0.45178,-0.39973,-0.36176,-0.33789,-0.31402,-0.25173,-0.15104,0,0,0,0,0,0,0,0,0,0,0,0,0,0,0,5.2454e-07,0.0049881,0.014967,0.024944,0.032394,0.024881,0.028163,0.037488,0.098205,0.13389,0.15341,0.15676,0.16011,0.15945,0.15479,0.15013,0.14248,0.13185,0.12122,0.10304,0.077311,0.051577,0.027458,0.0049522,-0.017556,-0.030286,-0.033232,-0.036175,-0.031344,-0.0088734,-0.0028823,0.0005367,0.0013832,0.0022289,0.0018385,0.00021126,-0.0014167,-0.0038507,-0.012568,-0.019086,-0.021941,-0.02113,-0.020319,-0.017341,-0.0069562,-0.004131,-0.0022649,-0.0013588,0,0,0,0,0,0,0,0.010904,0.011742,0.012581,0.014418,0.030398,0.037663,0.040755,0.039673,0.03859,0.037348,0.035946,0.034543,0,0,0,0,0,0,0,0,0,0,0,0,0,0,0,0,0,0,0,0,0,0,0,0,0,0,0,0,0,0,0,0,0,0,0,0,0,0,0,0,0,0,0,0,0,0,0,0,0,0,0,0,0,0,0,0,0,0,0,0,0,0,0,0,0,0,0,0,0,0,0,0,0,0,0,0,0,0,0,0,0,0,0,0,0,0,0,0,0,0,0,0,0,0,0,0,0,0,0,0,0,0,0,0,0,0,0.024649,0.041087,0.068447,-0.091383,-0.25123,-0.45852,-0.71322,-0.96788,-1.1849,-1.3642,-1.5435,-1.6373,-1.6455,-1.6537,-1.592,-1.4604,-1.3287,-1.1948,-1.0585,-0.92212,-0.81712,-0.74348,-0.66985,-0.62561,-0.61078,-0.59595,-0.59365,-0.60388,-0.6141,-0.61078,-0.5939,-0.57701,-0.57681,-0.5933,-0.6098,-0.61042,-0.59518,-0.57993,-0.56746,-0.55776,-0.54807,-0.53961,-0.53239,-0.52518,-0.51653,-0.50646,-0.49638,-0.47632,-0.44626,-0.4162,-0.38532,-0.35361,-0.32191,-0.29561,-0.27471,-0.25382,-0.23287,-0.21183,-0.1908,-0.17054,-0.15104,-0.13153,-0.11309,-0.095711,-0.078332,-0.06247,-0.048131,-0.033791,-0.021906,-0.012481,-0.0030534,0.0033274,0.0066575,0.0099867,0.010434,0.0079985,0.0055616,0.00059642,-0.0068978,-0.014393,-0.024153,-0.036177,-0.048201,-0.062073,-0.077795,-0.09352,-0.11038,-0.12839,-0.14639,-0.16502,-0.18428,-0.20354,-0.22355,-0.24431,-0.26507,-0.28685,-0.30965,-0.33245,-0.35544,-0.37863,-0.40181,-0.42265,-0.44115,-0.45965,-0.47296,-0.48106,-0.48915,-0.49104,-0.48672,-0.48239,-0.47315,-0.45899,-0.44484,-0.42808,-0.40874,-0.38939,-0.36936,-0.34865,-0.32794,-0.30746,-0.2872,-0.26695,-0.24707,-0.22757,-0.20807,-0.18886,-0.16993,-0.15101,-0.13247,-0.11432,-0.09617,-0.078684,-0.061861,-0.045039,-0.029029,-0.01383,0.0013687,0.015946,0.029902,0.043857,0.057602,0.071136,0.08467,0.098321,0.11209,0.12586,0.13979,0.1539,0.16801,0.18207,0.19606,0.21005,0.22354,0.23655,0.24956,0.2616,0.27269,0.28378,0.29355,0.30202,0.31048,0.31746,0.32294,0.32843,0.33237,0.33478,0.33718,0.33806,0.33741,0.33677,0.33462,0.33096,0.32731,0.32212,0.31539,0.30867,0.30043,0.29069,0.28095,0.26988,0.25748,0.24508,0.23168,0.2173,0.20292,0.18804,0.17268,0.15732,0.14213,0.12712,0.11211,0.098005,0.084813,0.07162,0.059913,0.049696,0.039479,0.030855,0.023825,0.016796,0.010716,0.0055837,0.00045199,-0.0045312,-0.0093663,-0.0142,-0.01985,-0.026317,-0.032786,-0.030018,-0.018014,-0.0060074
0,0,0,0,0,0,0,0,0,0,0,0,0,0,0,0.099897,0.20123,0.20182,0.19792,0.18951,0.18111,0.16873,0.15238,0.13602,0.11203,0.080406,0.048777,0.01978,-0.0065891,-0.032957,-0.04729,-0.049582,-0.051867,-0.027118,0.024656,0.076422,0.13191,0.19112,0.25032,0.11492,0.076345,0.03776,0.0077219,-0.013765,-0.035245,-0.10236,-0.21507,-0.64752,-0.78146,-0.80873,-0.83601,-0.85155,-0.85536,-0.85917,-0.86183,-0.86332,-0.86481,-0.85922,-0.84656,-0.8339,-0.80595,-0.76274,-0.7195,-0.66891,-0.61101,-0.55312,-0.49276,-0.42995,-0.36716,-0.30554,-0.2451,-0.18466,-0.13083,-0.083641,-0.036458,-0.0016823,0.020685,0.043049,0.050254,0.042296,0.034338,0.014338,-0.017716,-0.049775,-0.085946,-0.12624,-0.16654,-0.1983,-0.22155,-0.2448,-0.24869,-0.23324,-0.21779,-0.19114,-0.15329,-0.11545,-0.090601,-0.078743,-0.066885,-0.07233,-0.095082,-0.11784,-0.13577,-0.14887,-0.16197,-0.16195,-0.14883,-0.1357,-0.12598,-0.1197,-0.11341,-0.10648,-0.098879,-0.091277,-0.090038,-0.095168,-0.1003,-0.11787,-0.14789,-0.17791,-0.22353,-0.28476,-0.34598,-0.41958,-0.50556,-0.59155,-0.65135,-0.68496,-0.71857,-0.74228,-0.75611,-0.76993,-0.77751,-0.77886,-0.7802,-0.78142,-0.78253,-0.78364,-0.78135,-0.77567,-0.76999,-0.75282,-0.72414,-0.69545,-0.65614,-0.60619,-0.54851,-0.49687,-0.45247,-0.39976,-0.35228,-0.31066,-0.39192,-0.47961,-0.28233,0,0,0,0,0,0,0,0,0,0,0,0,0,0,0,5.2454e-07,0.0016627,0.004989,0.0083138,0.010796,0,0,0,0.083174,0.12871,0.1521,0.15332,0.15455,0.15313,0.14909,0.14504,0.13812,0.12832,0.11853,0.10228,0.079575,0.056872,0.033687,0.010016,-0.013663,-0.028169,-0.033499,-0.038831,-0.034572,0,0,0,0,0,0,0,0,0,-0.0093434,-0.015935,-0.01852,-0.0171,-0.015678,-0.012902,0,0,0,0,0,0,0,0,0,0,0,0,0,0,0,0.022184,0.032639,0.037375,0.036389,0.035403,0.034569,0.033888,0.016938,0,0,0,0,0,0,0,0,0,0,0,0,0,0,0,0,0,0,0,0,0,0,0,0,0,0,0,0,0,0,0,0,0,0,0,0,0,0,0,0,0,0,0,0,0,0,0,0,0,0,0,0,0,0,0,0,0,0,0,0,0,0,0,0,0,0,0,0,0,0,0,0,0,0,0,0,0,0,0,0,0,0,0,0,0,0,0,0,0,0,0,0,0,0,0,0,0,0,0,0,0,0,0,0,0,0,0,0,0.057699,-0.013384,-0.18151,-0.39716,-0.67151,-0.93905,-1.1741,-1.3736,-1.5656,-1.6707,-1.6847,-1.6929,-1.6228,-1.4865,-1.3483,-1.2045,-1.0582,-0.91834,-0.8121,-0.73438,-0.65404,-0.61212,-0.59613,-0.57027,-0.57271,-0.58694,-0.58619,-0.57812,-0.56258,-0.54882,-0.56945,-0.59746,-0.60068,-0.59646,-0.58411,-0.5723,-0.56222,-0.55395,-0.54616,-0.53911,-0.53287,-0.52694,-0.51977,-0.51127,-0.50263,-0.48632,-0.46256,-0.41778,-0.37411,-0.35256,-0.33083,-0.30979,-0.28946,-0.26899,-0.24836,-0.22752,-0.20653,-0.18639,-0.16713,-0.14787,-0.1298,-0.11286,-0.09585,-0.080283,-0.066191,-0.052094,-0.040342,-0.03093,-0.021498,-0.015028,-0.011559,-0.0081433,-0.0074463,-0.0094529,-0.011462,-0.015866,-0.022652,-0.029425,-0.03833,-0.049352,-0.060358,-0.073216,-0.087924,-0.10266,-0.11859,-0.1357,-0.15281,-0.17056,-0.18895,-0.20738,-0.22659,-0.24654,-0.26654,-0.28757,-0.3096,-0.33168,-0.35408,-0.37673,-0.399,-0.4261,-0.44483,-0.45657,-0.46961,-0.47737,-0.48513,-0.48649,-0.48143,-0.47637,-0.46625,-0.45108,-0.4359,-0.41812,-0.39774,-0.37736,-0.35643,-0.33493,-0.31342,-0.29232,-0.2716,-0.25089,-0.23068,-0.21099,-0.19129,-0.17196,-0.153,-0.13403,-0.11552,-0.09747,-0.079418,-0.062134,-0.045617,-0.0291,-0.013524,0.00111,0.015743,0.029639,0.042797,0.055955,0.06884,0.081452,0.094065,0.1068,0.11964,0.13249,0.14553,0.15877,0.17202,0.18523,0.19841,0.21159,0.22428,0.23647,0.24867,0.25987,0.27007,0.28027,0.28913,0.29665,0.30417,0.31023,0.31483,0.31944,0.3226,0.32431,0.32603,0.32634,0.32526,0.32418,0.32172,0.31788,0.31404,0.30878,0.30212,0.29546,0.28741,0.27797,0.26853,0.25784,0.24592,0.234,0.22112,0.20731,0.19348,0.17915,0.16432,0.14949,0.13478,0.12019,0.1056,0.091858,0.078972,0.066086,0.054656,0.044684,0.034711,0.026403,0.01976,0.013119,0.0074558,0.0027717,-0.0019128,-0.006293,-0.010369,-0.014443,-0.019473,-0.025459,-0.031446,-0.028701,-0.017225,-0.0057455
0,0,0,0,0,0,0,0,0,0,0,0,0,0.049438,0.08241,0.19855,0.19896,0.19936,0.19615,0.18934,0.18253,0.1729,0.16047,0.14804,0.1237,0.08745,0.051201,0.021546,-0.0015117,-0.024568,-0.037481,-0.040246,-0.043006,-0.02174,0.023545,0.068826,0.1167,0.16716,0.21762,0,0,0,0,0,0,0,0,-0.53286,-0.66769,-0.72425,-0.78079,-0.81241,-0.81913,-0.82585,-0.83939,-0.85976,-0.88013,-0.89272,-0.89753,-0.90233,-0.88677,-0.85084,-0.8149,-0.7646,-0.69989,-0.63517,-0.56549,-0.49084,-0.41622,-0.34405,-0.27433,-0.20459,-0.14291,-0.089276,-0.035648,0.0044842,0.031121,0.057755,0.067807,0.061274,0.054741,0.035481,0.0034881,-0.028505,-0.065099,-0.1063,-0.14749,-0.18011,-0.20416,-0.2282,-0.2326,-0.21737,-0.20213,-0.17617,-0.13948,-0.10279,-0.077614,-0.063947,-0.050277,-0.055842,-0.080644,-0.10546,-0.13102,-0.15733,-0.18365,-0.18985,-0.17592,-0.162,-0.15196,-0.14582,-0.13968,-0.13216,-0.12325,-0.11434,-0.11358,-0.12098,-0.12837,-0.15118,-0.18939,-0.22761,-0.28297,-0.35548,-0.428,-0.49568,-0.55854,-0.62141,-0.66975,-0.70356,-0.73735,-0.75959,-0.77027,-0.78095,-0.78563,-0.78433,-0.78302,-0.78121,-0.77892,-0.77662,-0.77189,-0.76471,-0.75753,-0.74056,-0.71379,-0.68701,-0.64966,-0.60174,-0.5435,-0.49227,-0.22588,-0.19897,-0.17063,-0.29851,-0.43646,-0.62406,-0.397,0,0,0,0,0,0,0,0,-0.017171,-0.0057277,-3.2739e-06,0,0,0,0,0,0,0,0,0,0,0,0,0.072554,0.12094,0.14536,0.1458,0.14622,0.14484,0.14164,0.13843,0.13239,0.12351,0.11463,0.10044,0.08094,0.061439,0.039519,0.015179,-0.0091683,-0.024631,-0.031205,-0.037779,-0.034223,0,0,0,0,0,0,0,0,0,-0.0068983,-0.012725,-0.015042,-0.013851,-0.012659,-0.010278,0,0,0,0,0,0,0,0,0,0,0,0,0,0,0,0.0090391,0.015064,0.033129,0.032501,0.031872,0.030794,0.029268,0,0,0,0,0,0,0,0,0,0,0,0,0,0,0,0,0,0,0,0,0,0,0,0,0,0,0,0,0,0,0,0,0,0,0,0,0,0,0,0,0,0,0,0,0,0,0,0,0,0,0,0,0,0,0,0,0,0,0,0,0,0,0,0,0,0,0,0,0,0,0,0,0,0,0,0,0,0,0,0,0,0,0,0,0,0,0,0,0,0,0,0,0,0,0,0,0,0,0,0,0,0,0,0,0,0,0,0,0,0,0.011625,-0.10704,-0.3292,-0.61791,-0.89712,-1.1496,-1.3713,-1.5729,-1.6935,-1.7257,-1.7387,-1.6637,-1.5224,-1.3725,-1.2179,-1.0605,-0.91637,-0.8085,-0.7262,-0.65219,-0.6119,-0.58154,-0.56023,-0.56639,-0.56741,-0.555,-0.54228,-0.55364,-0.56922,-0.58659,-0.60102,-0.59086,-0.581,-0.57098,-0.56279,-0.55527,-0.5482,-0.54255,-0.53733,-0.53193,-0.52713,-0.52192,-0.51559,-0.50854,-0.49851,-0.46443,-0.40973,-0.3753,-0.35969,-0.34343,-0.32555,-0.30599,-0.28608,-0.26595,-0.24543,-0.22461,-0.20457,-0.18536,-0.16617,-0.14821,-0.13141,-0.11457,-0.099176,-0.085306,-0.071571,-0.060041,-0.050651,-0.041341,-0.034759,-0.031027,-0.02758,-0.026587,-0.028051,-0.029678,-0.033456,-0.039409,-0.045534,-0.053583,-0.063547,-0.073658,-0.085488,-0.099085,-0.11285,-0.1278,-0.14399,-0.16026,-0.17719,-0.19486,-0.21261,-0.23107,-0.25027,-0.26962,-0.28994,-0.31127,-0.33277,-0.35454,-0.37656,-0.39804,-0.2618,-0.2801,-0.45403,-0.46655,-0.47374,-0.48093,-0.48159,-0.47571,-0.46983,-0.45883,-0.44271,-0.42657,-0.40789,-0.38665,-0.36542,-0.34375,-0.32164,-0.29952,-0.27794,-0.25689,-0.23584,-0.2154,-0.19558,-0.17575,-0.15637,-0.13743,-0.11849,-0.10007,-0.082164,-0.064261,-0.047208,-0.031004,-0.014799,0.00035917,0.014468,0.028574,0.041832,0.054243,0.066651,0.07871,0.090423,0.10214,0.11395,0.12587,0.13778,0.14991,0.16227,0.17463,0.18698,0.19932,0.21166,0.22352,0.23489,0.24626,0.25661,0.26594,0.27526,0.28324,0.28987,0.29649,0.3017,0.3055,0.3093,0.31175,0.31284,0.31394,0.31375,0.31227,0.3108,0.30805,0.30402,0.29999,0.29468,0.28807,0.28147,0.2736,0.26446,0.25532,0.24504,0.23361,0.22219,0.20987,0.19666,0.18345,0.16973,0.1555,0.14128,0.12712,0.11303,0.098945,0.085643,0.073131,0.060618,0.049543,0.039908,0.030272,0.022358,0.016167,0.009976,0.0048328,0.000737,-0.0033592,-0.0070835,-0.010435,-0.013786,-0.017987,-0.023038,-0.02809,-0.025516,-0.015313,-0.0051071
0,0,0,0,0,0,0,0,0,0,0,0,0,0.049438,0.08241,0.098649,0.098152,0.097656,0.095742,0.092412,0.089082,0.084956,0.080035,0.075111,0.062745,0.042941,0.023134,0.008617,-0.00060503,-0.0098272,-0.014993,-0.016098,-0.017202,-0.0086976,0.009413,0.027526,0.046676,0.066859,0.087048,0,0,0,0,0,0,0,0,-0.2131,-0.27883,-0.57597,-0.70419,-0.77695,-0.79428,-0.8116,-0.83736,-0.87156,-0.90577,-0.93129,-0.9481,-0.96491,-0.96002,-0.93345,-0.90688,-0.85945,-0.79114,-0.72281,-0.64511,-0.55801,-0.47093,-0.38686,-0.30579,-0.22474,-0.15362,-0.092427,-0.031232,0.015142,0.046708,0.078273,0.091092,0.085165,0.079236,0.059564,0.026152,-0.0072635,-0.045328,-0.088033,-0.13074,-0.16447,-0.18921,-0.21395,-0.22007,-0.20757,-0.19506,-0.17321,-0.142,-0.11079,-0.083665,-0.060626,-0.037586,-0.033503,-0.048383,-0.063264,-0.092509,-0.13612,-0.17973,-0.19574,-0.18413,-0.17251,-0.16312,-0.15596,-0.14879,-0.14096,-0.13247,-0.12398,-0.12467,-0.13454,-0.14442,-0.17065,-0.21326,-0.25587,-0.31248,-0.38308,-0.45368,-0.51932,-0.58001,-0.6407,-0.68592,-0.71568,-0.74544,-0.76381,-0.77079,-0.77776,-0.78001,-0.77755,-0.77508,-0.77226,-0.76908,-0.7659,-0.76035,-0.75245,-0.74454,-0.72787,-0.70242,-0.67698,-0.64115,-0.59495,-0.54616,-0.50164,0,0,0,-0.34283,-0.40917,-0.47986,-0.32411,-0.061575,-0.060154,-0.070695,-0.072717,-0.071266,-0.067233,-0.060768,-0.052182,-0.059676,-0.040613,-0.031128,-0.029395,-0.014375,0,0,0,0,0,0,0,0,0,0,0.066348,0.11059,0.13321,0.13418,0.13514,0.13456,0.13243,0.1303,0.1253,0.11742,0.10954,0.097533,0.081406,0.065278,0.04496,0.020441,-0.0040791,-0.019676,-0.026352,-0.033023,-0.030301,0,0,0,0,0,0,0,0,0,-0.0052314,-0.0094562,-0.011508,-0.011385,-0.011262,-0.0094688,0,0,0,0,0,0,0,0,0,0,0,0,0,0,0,0,0,0.028018,0.028007,0.027997,0.014204,0.012839,0,0,0,0,0,0,0,0,0,0,0,0,0,0,0,0,0,0,0,0,0,0,0,0,0,0,0,0,0,0,0,0,0,0,0,0,0,0,0,0,0,0,0,0,0,0,0,0,0,0,0,0,0,0,0,0,0,0,0,0,0,0,0,0,0,0,0,0,0,0,0,0,0,0,0,0,0,0,0,0,0,0,0,0,0,0,0,0,0,0,0,0,0,0,0,0,0,0,0,0,0,0,0,0,0,0,0,0,0,0,0,-0.020057,-0.243,-0.54119,-0.83008,-1.0986,-1.3624,-1.5807,-1.7165,-1.7699,-1.7786,-1.7028,-1.5491,-1.3835,-1.2207,-1.0589,-0.91388,-0.80242,-0.72129,-0.65799,-0.60481,-0.57197,-0.56224,-0.5495,-0.5319,-0.51792,-0.52935,-0.56993,-0.59178,-0.58764,-0.58058,-0.57433,-0.56708,-0.55938,-0.55439,-0.54944,-0.54368,-0.53962,-0.53604,-0.53186,-0.52835,-0.52495,-0.52071,-0.51542,-0.50756,-0.45435,-0.40144,-0.39022,-0.37607,-0.36078,-0.34388,-0.32524,-0.30603,-0.28646,-0.26627,-0.24567,-0.22564,-0.20618,-0.18681,-0.1687,-0.15179,-0.13506,-0.11979,-0.10602,-0.092626,-0.081322,-0.071994,-0.063066,-0.056539,-0.052476,-0.048898,-0.047414,-0.048145,-0.049377,-0.052536,-0.057721,-0.06339,-0.07066,-0.079591,-0.088937,-0.09974,-0.1121,-0.12488,-0.13882,-0.15397,-0.16935,-0.18544,-0.20234,-0.21944,-0.23726,-0.25586,-0.27471,-0.29432,-0.31484,-0.33568,-0.35676,-0.37808,-0.39896,-0.092667,-0.10984,-0.45204,-0.46378,-0.47017,-0.47655,-0.47635,-0.46957,-0.46278,-0.45088,-0.43388,-0.41687,-0.3974,-0.37548,-0.35356,-0.33133,-0.30878,-0.28624,-0.26433,-0.24306,-0.22179,-0.20121,-0.18133,-0.16145,-0.14208,-0.12323,-0.10437,-0.086093,-0.068398,-0.050701,-0.033908,-0.018022,-0.0021354,0.012622,0.026244,0.039866,0.052531,0.064239,0.075945,0.087213,0.098047,0.10888,0.11978,0.13076,0.14174,0.15295,0.16439,0.17584,0.1873,0.19879,0.21027,0.22128,0.23181,0.24233,0.25183,0.2603,0.26877,0.2759,0.28168,0.28746,0.29189,0.29496,0.29802,0.29983,0.30038,0.30093,0.30028,0.29844,0.2966,0.29358,0.28938,0.28518,0.27981,0.27325,0.26669,0.259,0.25016,0.24132,0.23145,0.22055,0.20965,0.19792,0.18537,0.17282,0.15977,0.14622,0.13268,0.11916,0.10565,0.092151,0.079363,0.06729,0.055215,0.044574,0.035369,0.026163,0.018721,0.013044,0.0073688,0.0028468,-0.00052065,-0.0038884,-0.0069041,-0.009567,-0.012229,-0.015392,-0.019054,-0.022718,-0.02046,-0.012279,-0.0040944
0,0,0,0,0,0,0,0,0,0,0,0,0,0,0,0,0,0,0,0,0,0,0,0,0,0,0,0,0,0,0,0,0,0,0,0,0,0,0,0,0,0,0,0,0,0,0,0,0,-0.42769,-0.62755,-0.74145,-0.76942,-0.79736,-0.83534,-0.88337,-0.93141,-0.96985,-0.99866,-1.0275,-1.0333,-1.0161,-0.99884,-0.95427,-0.88238,-0.81046,-0.72472,-0.62518,-0.52563,-0.42964,-0.33726,-0.24489,-0.16433,-0.095572,-0.026818,0.025806,0.0623,0.098787,0.11437,0.10906,0.10373,0.083651,0.04881,0.013968,-0.025559,-0.069774,-0.114,-0.14884,-0.17427,-0.19971,-0.20754,-0.19778,-0.188,-0.17026,-0.14454,-0.11881,-0.089726,-0.05731,-0.024901,-0.011172,-0.016126,-0.021087,-0.054011,-0.1149,-0.1758,-0.2016,-0.19231,-0.18301,-0.17426,-0.16608,-0.1579,-0.14977,-0.14169,-0.13361,-0.13575,-0.1481,-0.16046,-0.19013,-0.23713,-0.28412,-0.34196,-0.41065,-0.47935,-0.54294,-0.60145,-0.65996,-0.70207,-0.7278,-0.75352,-0.76803,-0.77129,-0.77456,-0.77439,-0.77077,-0.76715,-0.7633,-0.75924,-0.75517,-0.74882,-0.74019,-0.73156,-0.71518,-0.69106,-0.66694,-0.63263,-0.58816,-0.54367,-0.50826,0,0,0,-0.39169,-0.42025,-0.39335,-0.26511,-0.15317,-0.14158,-0.15969,-0.16533,-0.16057,-0.14867,-0.13025,-0.10669,-0.081796,-0.06342,-0.057301,-0.05742,-0.028695,0,0,0,0,0,0,0,0,0,0.0095085,0.060143,0.10024,0.12105,0.12256,0.12406,0.12428,0.12323,0.12217,0.1182,0.11132,0.10444,0.094626,0.081871,0.069115,0.050397,0.025702,0.0010049,-0.014726,-0.021501,-0.028271,-0.026381,-0.007328,-0.0024461,0,0,0,0,0,0,0,-0.0021989,-0.0039106,-0.0079721,-0.0089183,-0.0098642,-0.0086596,0,0,0,0,0,0,0,0,0,0,0,0,0,0,0,0,0,0.022906,0.023514,0.024121,0,0,0,0,0,0,0,0,0,0,0,0,0,0,0,0,0,0,0,0,0,0,0,0,0,0,0,0,0,0,0,0,0,0,0,0,0,0,0,0,0,0,0,0,0,0,0,0,0,0,0,0,0,0,0,0,0,0,0,0,0,0,0,0,0,0,0,0,0,0,0,0,0,0,0,0,0,0,0,0,0,0,0,0,0,0,0,0,0,0,0,0,0,0,0,0,0,0,0,0,0,0,0,0,0,0,0,0,0,0,0,0,0,0.062432,-0.14501,-0.44259,-0.75524,-1.0447,-1.3343,-1.59,-1.753,-1.8259,-1.8243,-1.7263,-1.5512,-1.3685,-1.1987,-1.0389,-0.89972,-0.79277,-0.71437,-0.64416,-0.59305,-0.57115,-0.54492,-0.51408,-0.49539,-0.50404,-0.54082,-0.5644,-0.56748,-0.56611,-0.56199,-0.55884,-0.55526,-0.55113,-0.54863,-0.54605,-0.54225,-0.53875,-0.53567,-0.53321,-0.53163,-0.52973,-0.52699,-0.52353,-0.51846,-0.46823,-0.4169,-0.40658,-0.39352,-0.37904,-0.36303,-0.34541,-0.32686,-0.3076,-0.28752,-0.26692,-0.24656,-0.22651,-0.2068,-0.1885,-0.17159,-0.15532,-0.14036,-0.12649,-0.1132,-0.1018,-0.092324,-0.083937,-0.077771,-0.073539,-0.069815,-0.067642,-0.067389,-0.068158,-0.070809,-0.075467,-0.080968,-0.087628,-0.095581,-0.10422,-0.11401,-0.12505,-0.13688,-0.1499,-0.16396,-0.17838,-0.19348,-0.20931,-0.22565,-0.243,-0.26129,-0.27986,-0.29882,-0.3184,-0.33838,-0.35872,-0.37928,-0.39931,-0.092537,-0.10896,-0.45005,-0.46101,-0.46659,-0.47217,-0.47111,-0.46342,-0.45572,-0.44294,-0.42505,-0.40716,-0.38691,-0.3643,-0.3417,-0.31891,-0.29593,-0.27296,-0.25072,-0.22923,-0.20774,-0.18703,-0.16709,-0.14715,-0.1278,-0.10903,-0.090252,-0.072122,-0.054633,-0.037141,-0.02061,-0.0050419,0.010526,0.024881,0.03802,0.051158,0.063231,0.074235,0.085237,0.095715,0.10567,0.11562,0.12562,0.13565,0.14569,0.15598,0.16652,0.17705,0.18763,0.19826,0.20888,0.21903,0.22872,0.23841,0.24706,0.25466,0.26227,0.26855,0.27349,0.27843,0.28207,0.28441,0.28674,0.28791,0.28791,0.28791,0.28681,0.28461,0.28241,0.27913,0.27475,0.27037,0.26493,0.25843,0.25192,0.2444,0.23586,0.22732,0.21786,0.20749,0.19711,0.18597,0.17408,0.16219,0.14981,0.13694,0.12408,0.11119,0.098275,0.08536,0.073086,0.061452,0.049815,0.039608,0.03083,0.022054,0.015084,0.0099225,0.0047625,0.00086212,-0.0017776,-0.0044169,-0.0067237,-0.0086976,-0.010671,-0.012796,-0.015071,-0.017345,-0.015404,-0.0092439,-0.0030824
0,0,0,0,0,0,0,0,0,0,0,0,0,0,0,0,0,0,0,0,0,0,0,0,0,0,0,0,0,0,0,0,0,0,0,0,0,0,0,0,0,0,0,0,0,0,0,0,0,-0.29455,-0.49094,-0.62832,-0.70666,-0.78496,-0.8492,-0.89942,-0.94964,-0.9948,-1.0349,-1.075,-1.0915,-1.0843,-1.077,-1.0376,-0.96585,-0.89412,-0.80278,-0.69187,-0.58095,-0.47336,-0.36915,-0.26496,-0.17407,-0.096491,-0.018908,0.040068,0.080435,0.1208,0.1388,0.13443,0.13005,0.10795,0.068121,0.028283,-0.014462,-0.060133,-0.10581,-0.14071,-0.16486,-0.18901,-0.19794,-0.19167,-0.18539,-0.1734,-0.15568,-0.13795,-0.10757,-0.064536,-0.021523,-8.5085e-06,0,-3.3977e-06,-0.028971,-0.086907,-0.14485,-0.17043,-0.16366,-0.15687,-0.15399,-0.15502,-0.15606,-0.15338,-0.147,-0.14061,-0.14529,-0.16104,-0.17679,-0.20817,-0.25517,-0.30217,-0.35827,-0.42346,-0.48865,-0.5488,-0.6039,-0.65902,-0.69813,-0.72126,-0.74439,-0.75673,-0.75827,-0.75981,-0.75854,-0.75446,-0.75037,-0.74615,-0.74177,-0.7374,-0.7311,-0.72285,-0.71461,-0.69961,-0.67785,-0.6561,-0.62453,-0.58314,-0.54176,-0.51046,0,0,0,-0.41049,-0.41801,-0.37254,-0.29367,-0.2306,-0.20739,-0.21224,-0.21526,-0.206,-0.18593,-0.15668,-0.12106,-0.085457,-0.059078,-0.051175,-0.040803,-0.01432,0,0,0,0,0,0,0,0,0,0.015843,0.047527,0.079212,0.098428,0.10516,0.11189,0.11478,0.11383,0.11287,0.10955,0.10388,0.098205,0.090192,0.079839,0.069483,0.052223,0.02805,0.0038719,-0.012381,-0.020718,-0.029055,-0.028838,-0.02007,-0.011306,0,0,0,0,0,0,0,0,0,-0.0031021,-0.0064037,-0.0076372,-0.0068786,0,0,0,0,0,0,0,0,0,0,0,0,0,0,0,0,0,0.016957,0.017722,0.018486,0,0,0,0,0,0,0,0,0,0,0,0,0,0,0,0,0,0,0,0,0,0,0,0,0,0,0,0,0,0,0,0,0,0,0,0,0,0,0,0,0,0,0,0,0,0,0,0,0,0,0,0,0,0,0,0,0,0,0,0,0,0,0,0,0,0,0,0,0,0,0,0,0,0,0,0,0,0,0,0,0,0,0,0,0,0,0,0,0,0,0,0,0,0,0,0,0,0,0,0,0,0,0,0,0,0,0,-0.0097509,0,0,0,0,0,0.14203,-0.042339,-0.31471,-0.64179,-0.96665,-1.2698,-1.5614,-1.7863,-1.8894,-1.8707,-1.7375,-1.5401,-1.3408,-1.1635,-1.0099,-0.87972,-0.77818,-0.69454,-0.62932,-0.58998,-0.55266,-0.51,-0.47716,-0.47772,-0.51017,-0.53055,-0.53583,-0.54268,-0.5456,-0.54461,-0.54322,-0.54265,-0.54228,-0.54212,-0.54195,-0.54048,-0.53718,-0.53394,-0.53281,-0.53313,-0.53293,-0.53162,-0.52995,-0.52783,-0.48101,-0.4316,-0.42196,-0.4095,-0.39569,-0.38081,-0.36453,-0.34682,-0.32792,-0.30809,-0.2877,-0.26708,-0.24641,-0.22624,-0.20747,-0.19029,-0.17449,-0.15986,-0.14593,-0.1327,-0.1209,-0.11089,-0.10281,-0.096925,-0.092605,-0.088923,-0.086153,-0.084833,-0.085043,-0.087127,-0.091131,-0.096379,-0.10253,-0.10968,-0.11774,-0.12663,-0.13649,-0.14744,-0.15955,-0.17256,-0.18621,-0.20047,-0.21534,-0.23096,-0.24778,-0.26568,-0.28393,-0.30237,-0.32128,-0.34055,-0.36006,-0.37982,-0.39934,-0.092376,-0.10803,-0.44803,-0.45818,-0.46288,-0.46759,-0.46563,-0.45701,-0.44839,-0.43477,-0.41613,-0.3975,-0.37663,-0.35355,-0.33046,-0.3073,-0.28407,-0.26084,-0.23843,-0.21684,-0.19525,-0.17449,-0.15458,-0.13466,-0.11538,-0.096739,-0.078096,-0.060141,-0.042871,-0.0256,-0.0093354,0.0059207,0.021178,0.035156,0.04785,0.060545,0.07208,0.082451,0.092821,0.10257,0.11171,0.12084,0.12997,0.13908,0.1482,0.15757,0.16719,0.17682,0.18651,0.19627,0.20603,0.21533,0.22418,0.23304,0.24087,0.24769,0.25451,0.26002,0.26423,0.26844,0.2714,0.2731,0.27479,0.27539,0.27488,0.27438,0.27286,0.27032,0.26779,0.26425,0.25972,0.25519,0.24969,0.24321,0.23673,0.22935,0.22106,0.21277,0.20369,0.19382,0.18395,0.17341,0.16222,0.15102,0.13938,0.12728,0.11519,0.10304,0.09082,0.078604,0.066959,0.055886,0.044812,0.035142,0.026879,0.018616,0.0122,0.0076322,0.0030672,-0.00017827,-0.0021031,-0.0040269,-0.0056183,-0.0068769,-0.008135,-0.0094614,-0.010855,-0.012249,-0.010789,-0.0064747,-0.0021591
0,0,0,0,0,0,0,0,0,0,0,0,0,0,0,0,0,0,0,0,0,0,0,0,0,0,0,0,0,0,0,0,0,0,0,0,0,0,0,0,0,0,0,0,0,0,0,0,0,-0.11779,-0.19633,-0.26646,-0.606,-0.77439,-0.87895,-0.9197,-0.96044,-1.0062,-1.0569,-1.1076,-1.1346,-1.1381,-1.1415,-1.1093,-1.0416,-0.97382,-0.87931,-0.7581,-0.63689,-0.51799,-0.40147,-0.28496,-0.18284,-0.095184,-0.007516,0.057923,0.10112,0.14432,0.16437,0.16128,0.15819,0.13246,0.084074,0.035675,-0.012047,-0.059103,-0.10616,-0.14012,-0.16099,-0.18185,-0.19127,-0.18926,-0.18724,-0.18262,-0.17542,-0.16822,-0.13718,-0.08231,-0.027441,-4.1192e-06,0,0,-0.011587,-0.034758,-0.05793,-0.068169,-0.06546,-0.062745,-0.064076,-0.1228,-0.14328,-0.15181,-0.14839,-0.14497,-0.15328,-0.17334,-0.19341,-0.22476,-0.26739,-0.31002,-0.3614,-0.4215,-0.4816,-0.53689,-0.58738,-0.63788,-0.67412,-0.69609,-0.71806,-0.72994,-0.73173,-0.73352,-0.73248,-0.72862,-0.72476,-0.72079,-0.7167,-0.7126,-0.70719,-0.70044,-0.6937,-0.68115,-0.6628,-0.64445,-0.61683,-0.57992,-0.54301,-0.51399,0,0,0,-0.40249,-0.4106,-0.39537,-0.36209,-0.32634,-0.3007,-0.28803,-0.27875,-0.26138,-0.23228,-0.19285,-0.14687,-0.10151,-0.066195,-0.024999,-0.012778,0,0,0,0,0,0,0,0,0,0,0.0063346,0.019008,0.031681,0.065347,0.081998,0.098639,0.10605,0.10423,0.1024,0.099356,0.095093,0.090828,0.084234,0.07531,0.066385,0.050445,0.027487,0.0045245,-0.012638,-0.024003,-0.03537,-0.037669,-0.030903,-0.024137,0,0,0,0,0,0,0,0,0,0,-0.0025612,-0.0030545,-0.0027512,0,0,0,0,0,0,0,0,0,0,0,0,0,0,0,0,0,0.0067823,0.0070883,0.0073939,0,0,0,0,0,0,0,0,0,0,0,0,0,0,0,0,0,0,0,0,0,0,0,0,0,0,0,0.0062286,0,0,0,0,0,0,0,0,0,0,0,0,0,0,0,0,0,0,0,0,0,0,0,0,0,0,0,0,0,0,0,0,0,0,0,0,0,0,0,0,0,0,0,0,0,0,0,0,0,0,0,0,0,0,0,0,0,0,0,0,0,0,0,0,0,0,0,0,0,0,0,0,0,0,0,0,0,0,0,-0.022408,0.011647,0.068648,0.14287,0.1923,0.17973,0.22261,0.059597,-0.18402,-0.49536,-0.84319,-1.1868,-1.5029,-1.7767,-1.9314,-1.9146,-1.7595,-1.5427,-1.3245,-1.1353,-0.98482,-0.8605,-0.75791,-0.67835,-0.62546,-0.57709,-0.52419,-0.4782,-0.46329,-0.48339,-0.49838,-0.50156,-0.50936,-0.51912,-0.52602,-0.52792,-0.52735,-0.52729,-0.52883,-0.53175,-0.53486,-0.53588,-0.53378,-0.5312,-0.53128,-0.53344,-0.53492,-0.53458,-0.53391,-0.53401,-0.49055,-0.44385,-0.43522,-0.423,-0.40968,-0.39615,-0.38164,-0.36528,-0.34717,-0.32798,-0.30822,-0.28796,-0.2673,-0.2468,-0.22727,-0.20934,-0.19321,-0.17855,-0.16485,-0.15192,-0.13991,-0.12936,-0.12094,-0.11471,-0.11006,-0.10632,-0.10323,-0.10122,-0.10085,-0.10232,-0.1055,-0.11004,-0.11556,-0.12199,-0.12929,-0.13733,-0.14621,-0.15617,-0.16728,-0.17951,-0.19275,-0.20672,-0.22116,-0.23619,-0.25217,-0.26909,-0.28659,-0.30456,-0.32318,-0.34211,-0.36103,-0.38015,-0.3992,-0.092243,-0.1072,-0.44597,-0.4553,-0.45906,-0.4628,-0.4599,-0.45034,-0.44079,-0.42638,-0.40713,-0.38787,-0.36656,-0.3432,-0.31985,-0.29651,-0.2732,-0.24989,-0.22745,-0.20587,-0.1843,-0.16361,-0.14379,-0.12397,-0.10483,-0.086364,-0.067897,-0.050147,-0.033114,-0.01608,-8.5119e-05,0.014868,0.029822,0.043447,0.055738,0.068028,0.07908,0.088889,0.098696,0.10779,0.11616,0.12454,0.13283,0.14105,0.14926,0.15773,0.16644,0.17515,0.18394,0.19283,0.20171,0.21017,0.21819,0.22622,0.23328,0.23937,0.24546,0.25031,0.2539,0.25749,0.25987,0.26103,0.26218,0.26227,0.2613,0.26033,0.25842,0.25558,0.25273,0.24897,0.2443,0.23963,0.23406,0.22759,0.22112,0.21385,0.20576,0.19768,0.18894,0.17955,0.17016,0.16023,0.14978,0.13932,0.12848,0.11725,0.10601,0.094693,0.083287,0.071881,0.060983,0.050596,0.040207,0.031179,0.023515,0.01585,0.010069,0.0061748,0.0022824,-0.00027529,-0.0014978,-0.0027197,-0.0035888,-0.0041047,-0.0046204,-0.005388,-0.0064084,-0.0074281,-0.0066154,-0.0039702,-0.0013239
0,0,0,0,0,0,0,0,0,0,0,0,0,0,0,0,0,0,0,0,0,0,0,0,0,0,0,0,0,0,0,0,0,0,0,0,0,0,0,0,0,0,0,0,0,0,0,0,0,0,0,0,-0.50535,-0.76382,-0.9087,-0.93998,-0.97125,-1.0175,-1.0788,-1.1401,-1.1778,-1.1919,-1.2059,-1.1811,-1.1173,-1.0535,-0.95584,-0.82432,-0.69282,-0.56262,-0.43377,-0.30494,-0.19161,-0.093863,0.0038767,0.075775,0.1218,0.16783,0.18994,0.18814,0.18633,0.15696,0.10002,0.043064,-0.0096302,-0.058063,-0.1065,-0.13952,-0.1571,-0.17469,-0.1846,-0.18684,-0.18907,-0.19185,-0.19516,-0.19847,-0.16678,-0.10008,-0.033369,-1.0988e-05,-6.0354e-06,0,0,0,0,0,0,0,0,-0.090579,-0.1305,-0.15023,-0.14977,-0.14931,-0.16126,-0.18564,-0.21002,-0.24135,-0.27961,-0.31787,-0.36451,-0.41951,-0.47452,-0.52498,-0.57086,-0.61675,-0.6501,-0.67091,-0.69173,-0.70315,-0.70519,-0.70723,-0.70643,-0.70279,-0.69915,-0.69543,-0.69162,-0.68781,-0.68329,-0.67804,-0.67279,-0.6627,-0.64775,-0.63281,-0.60912,-0.57669,-0.54426,-0.51892,0,0,0,-0.39933,-0.41715,-0.42935,-0.42695,-0.4113,-0.38902,-0.36614,-0.34257,-0.3133,-0.27417,-0.22535,-0.17094,-0.11788,-0.075939,0,0,0,0,0,0,0,0,0,0,0,0,0,0,0,0.024404,0.058837,0.085384,0.097318,0.09463,0.091934,0.089159,0.086305,0.083452,0.078277,0.070782,0.063287,0.048668,0.026924,0.0051778,-0.012892,-0.027286,-0.041681,-0.046498,-0.041732,-0.036964,-0.017287,-0.010374,0,0,0,0,0,0,0,0,0,0,0,0,0,0,0,0,0,0,0,0,0,0,0,0,0,0,0,0,0,0,0,0,0,0,0,0,0,0,0,0,0,0,0,0,0,0,0,0,0,0,0,0,0,0,0,0,0,0,0.017222,0,0,0,0,0,0,0,0,0,0,0,0,0,0,0,0,0,0,0,0,0,-0.0060283,0,0,0,0,0,0,0,0,0,0,0,0,0,0,0,0,0,0,0,0,0,0,0,0,0,0,0,0,0,0,0,0,0,0,0,0,0,0,0,0,0,0,0,0,0,0,0,0,0,0,0,0,0,0,0,0,0,-0.020916,0.022524,0.11199,0.22962,0.32103,0.33535,0.27275,0.13609,-0.077607,-0.36292,-0.70249,-1.0696,-1.425,-1.7238,-1.9217,-1.9482,-1.8015,-1.5679,-1.328,-1.1254,-0.96594,-0.83939,-0.73951,-0.66809,-0.61071,-0.55463,-0.5007,-0.47001,-0.47284,-0.47628,-0.47254,-0.476,-0.48592,-0.4988,-0.50916,-0.51365,-0.51293,-0.51095,-0.51202,-0.51736,-0.52417,-0.52841,-0.52866,-0.52773,-0.52932,-0.53338,-0.53655,-0.53701,-0.53678,-0.53818,-0.49743,-0.45355,-0.44625,-0.43404,-0.42083,-0.40855,-0.39619,-0.38183,-0.36497,-0.34652,-0.32751,-0.30817,-0.28835,-0.26811,-0.24808,-0.22916,-0.21201,-0.19681,-0.18325,-0.1707,-0.15886,-0.1481,-0.1391,-0.1321,-0.12678,-0.12253,-0.11904,-0.11655,-0.11565,-0.11657,-0.11908,-0.12287,-0.12767,-0.13331,-0.13968,-0.1468,-0.15471,-0.1636,-0.17373,-0.18531,-0.19826,-0.21215,-0.22643,-0.24096,-0.25596,-0.27165,-0.28806,-0.30539,-0.32375,-0.34263,-0.36146,-0.38035,-0.39904,-0.092077,-0.10636,-0.44391,-0.45243,-0.45522,-0.45802,-0.45417,-0.44368,-0.43318,-0.418,-0.39812,-0.37824,-0.35649,-0.33286,-0.30923,-0.28572,-0.26233,-0.23894,-0.21647,-0.19491,-0.17336,-0.15272,-0.133,-0.11329,-0.09428,-0.075989,-0.057697,-0.040154,-0.023359,-0.0065612,0.009163,0.023815,0.038466,0.051737,0.063624,0.075512,0.08608,0.095326,0.10457,0.113,0.12062,0.12823,0.1357,0.14301,0.15033,0.15788,0.16568,0.17347,0.18137,0.18938,0.19739,0.205,0.2122,0.21941,0.22569,0.23105,0.23642,0.24059,0.24357,0.24655,0.24834,0.24895,0.24956,0.24915,0.24772,0.24629,0.24399,0.24083,0.23767,0.23369,0.22888,0.22408,0.21844,0.21198,0.20552,0.19835,0.19046,0.18258,0.17418,0.16528,0.15637,0.14706,0.13734,0.12763,0.11759,0.10721,0.096837,0.086352,0.075755,0.065158,0.055008,0.045307,0.035605,0.02722,0.020153,0.013085,0.0079403,0.0047189,0.0014984,-0.00037194,-0.00089217,-0.0014122,-0.0015589,-0.0013323,-0.0011052,-0.0013148,-0.0019616,-0.002608,-0.0024427,-0.001466,-0.00048894
0,0,0,0,0,0,0,0,0,0,0,0,0,0,0,0,0,0,0,0,0,0,0,0,0,0,0,0,0,0,0,0,0,0,0,0,0,0,0,0,0,0,0,0,0,0,0,0,0,0,0,0,-0.45427,-0.75718,-0.92448,-0.95617,-0.98782,-1.0385,-1.1081,-1.1777,-1.2229,-1.2437,-1.2645,-1.2446,-1.1841,-1.1236,-1.026,-0.89125,-0.7566,-0.61593,-0.46928,-0.32267,-0.19715,-0.092758,0.011616,0.08803,0.13648,0.18492,0.20952,0.21028,0.21103,0.17842,0.11245,0.046456,-0.0070137,-0.047945,-0.088885,-0.12014,-0.1417,-0.16326,-0.17672,-0.18206,-0.1874,-0.19404,-0.20198,-0.20992,-0.18271,-0.12033,-0.057961,-0.022313,-0.013382,0,0,0,0,0,0,0,0,-0.062052,-0.10342,-0.12453,-0.12538,-0.12623,-0.14397,-0.17862,-0.21328,-0.24731,-0.2807,-0.3141,-0.35554,-0.40501,-0.45449,-0.50034,-0.54255,-0.58477,-0.61636,-0.63734,-0.65832,-0.67072,-0.67453,-0.67835,-0.67924,-0.67721,-0.67518,-0.67294,-0.67048,-0.66803,-0.66503,-0.66147,-0.65792,-0.65011,-0.63804,-0.62596,-0.60588,-0.57779,-0.5497,-0.52886,-0.25292,-0.23004,-0.21546,-0.41642,-0.43717,-0.46045,-0.473,-0.47013,-0.45375,-0.42786,-0.39488,-0.35422,-0.30462,-0.24697,-0.1857,-0.12818,-0.082624,0,0,0,0,0,0,0,0,0,0,0,0,0,0,0,0,0.043855,0.073088,0.086488,0.084054,0.081614,0.079549,0.07786,0.076171,0.072256,0.066116,0.059976,0.046803,0.0266,0.0063929,-0.011918,-0.028331,-0.044745,-0.051214,-0.047736,-0.044254,-0.03543,-0.021261,0,0,0,0,0,0,0,0,0,0,0,0,0,0,0,0,0,0,0,0,0,0,0,0,0,0,0,0,0,0,0,0,0,0,0,0,0,0,0,0,0,0,0,0,0,0,0,0,0,0,0,0,0,0,0,0,-0.013524,0.0022443,0.028667,0.027453,0.028686,0,0,0,0,0,0,0,0,0,0,0,0,0,0,0,0,0,0,0,-0.010729,0,0,0,0,0,0,0,0,0,0,0,0,0,0,0,0,0,0,0,0,0,0,0,0,0,0,0,0,0,0,0,0,0,0,0,0,0,0,0,0,0,0,0,0,0,0,0,0,0,0,0,0,0,0,0,0,0,-0.0127,0.016263,0.070758,0.1442,0.21741,0.2668,0.25609,0.16455,-0.0042497,-0.24914,-0.55969,-0.91745,-1.2992,-1.6336,-1.8725,-1.9559,-1.8448,-1.6076,-1.3436,-1.1232,-0.95261,-0.82228,-0.72359,-0.64713,-0.58471,-0.53157,-0.48122,-0.46856,-0.47039,-0.45616,-0.45177,-0.45456,-0.46422,-0.47807,-0.49162,-0.4997,-0.49972,-0.49577,-0.49496,-0.50061,-0.51006,-0.51797,-0.52144,-0.52257,-0.52541,-0.53087,-0.53592,-0.53804,-0.53865,-0.54069,-0.50159,-0.46011,-0.45443,-0.44248,-0.42919,-0.41794,-0.40787,-0.396,-0.38076,-0.36307,-0.34469,-0.3264,-0.30786,-0.28858,-0.26874,-0.24921,-0.23108,-0.21502,-0.20097,-0.18829,-0.17651,-0.16571,-0.15633,-0.14868,-0.14258,-0.13761,-0.13353,-0.13055,-0.1291,-0.12945,-0.13145,-0.13467,-0.13879,-0.14365,-0.14919,-0.15541,-0.16238,-0.17033,-0.17957,-0.19038,-0.20277,-0.2163,-0.23027,-0.24427,-0.25844,-0.27302,-0.28822,-0.30462,-0.3227,-0.34168,-0.36046,-0.37909,-0.39761,-0.09135,-0.1051,-0.44117,-0.44903,-0.45099,-0.45295,-0.44827,-0.43694,-0.42561,-0.40978,-0.38943,-0.36908,-0.34705,-0.32334,-0.29964,-0.27613,-0.25284,-0.22955,-0.2072,-0.18578,-0.16436,-0.14388,-0.12433,-0.10478,-0.085955,-0.067857,-0.049759,-0.032425,-0.015851,0.00072161,0.016186,0.030545,0.044903,0.057835,0.069337,0.080838,0.090954,0.099682,0.10841,0.11623,0.12316,0.13008,0.13678,0.14326,0.14974,0.15645,0.16338,0.17031,0.17736,0.18454,0.19172,0.19853,0.20497,0.21141,0.21699,0.2217,0.22642,0.23001,0.23246,0.23491,0.23621,0.23637,0.23652,0.23569,0.23386,0.23203,0.22939,0.22593,0.22248,0.21827,0.21332,0.20837,0.20268,0.19625,0.18981,0.18277,0.1751,0.16744,0.15938,0.15092,0.14246,0.13372,0.1247,0.11568,0.10642,0.096914,0.087413,0.077817,0.068128,0.058439,0.049159,0.040289,0.03142,0.02381,0.01746,0.01111,0.0066504,0.0040819,0.0015143,0.00030849,0.00046448,0.00062079,0.0010406,0.0017242,0.0024082,0.0023789,0.0016356,0.00089224,0.00043373,0.00026021,8.681e-05
0,0,0,0,0,0,0,0,0,0,0,0,0,0,0,0,0,0,0,0,0,0,0,0,0,0,0,0,0,0,0,0,0,0,0,0,0,0,0,0,0,0,0,0,0,0,0,0,0,0,0,0,-0.45263,-0.75443,-0.92632,-0.96825,-1.0102,-1.069,-1.1446,-1.2203,-1.27,-1.2936,-1.3172,-1.3,-1.2421,-1.1841,-1.0897,-0.95893,-0.8282,-0.67789,-0.50802,-0.33819,-0.19947,-0.091892,0.015667,0.094675,0.14514,0.1956,0.22312,0.22771,0.23229,0.19682,0.12134,0.023076,-0.0028056,-0.019178,-0.035552,-0.050537,-0.064123,-0.077711,-0.16764,-0.17493,-0.18222,-0.1892,-0.19588,-0.20256,-0.18497,-0.14307,-0.10119,-0.06688,-0.040118,0,0,0,0,0,0,0,0,-0.024817,-0.041366,-0.049811,-0.05015,-0.050489,-0.061349,-0.1523,-0.20319,-0.24265,-0.2707,-0.29874,-0.3345,-0.37799,-0.42149,-0.46297,-0.50245,-0.54193,-0.5729,-0.59539,-0.61786,-0.63266,-0.63977,-0.64688,-0.65092,-0.65188,-0.65284,-0.65331,-0.65328,-0.65325,-0.6524,-0.65075,-0.64909,-0.64339,-0.63364,-0.62389,-0.60708,-0.58321,-0.55934,-0.5424,-0.51629,-0.4761,-0.44987,-0.44801,-0.46459,-0.48612,-0.50114,-0.50359,-0.49186,-0.46672,-0.42933,-0.38066,-0.32188,-0.25604,-0.18885,-0.12855,-0.083131,0,0,0,0,0,0,0,0,0,0,0,0,0,0,0,0,0.037045,0.061739,0.073559,0.072503,0.071441,0.070525,0.069755,0.068985,0.066171,0.061313,0.056454,0.044855,0.026512,0.008166,-0.0097182,-0.02714,-0.044563,-0.051823,-0.048919,-0.046014,-0.037136,-0.022284,0,0,0,0,0,0,0,0,0,0,0,0,0,0,0,0,0,0,0,0,0,0,0,0,0,0,0,0,0,0,0,0,0,0,0,0,0,0,0,0,0,0,0,0,0,0,0,0,0,-0.0032313,-0.0045336,0,0,0,0,-0.030492,-0.030445,0.0072366,0.04328,0.06861,0.077093,0,0,0,0,0,0,0,0,0,0,0,0,0,0,0,0,0,0,-0.0067743,-0.0060189,0.003712,0.0063228,0,0,0,0,0,0,0,0,0,0,0,0,0,0,0,0,0,-0.01431,0,0,0,0,0,0,0,0,0,0,0,0,-0.0032402,-0.00024555,0,0,0,0,0,0,0,0,0,0,0,0,0,0,0,0,0,0,0,0,0,0,0,-0.009324,-0.00044949,0.035515,0.09147,0.1443,0.18372,0.19431,0.15274,0.042004,-0.14394,-0.40639,-0.74051,-1.1264,-1.5056,-1.81,-1.9482,-1.8754,-1.651,-1.3704,-1.1295,-0.9483,-0.80994,-0.70481,-0.62229,-0.55986,-0.51049,-0.47906,-0.46874,-0.4558,-0.43949,-0.4344,-0.43739,-0.44593,-0.45891,-0.47359,-0.4843,-0.48708,-0.48398,-0.48176,-0.48573,-0.49534,-0.50579,-0.51278,-0.51634,-0.52003,-0.52608,-0.53268,-0.53691,-0.53887,-0.54132,-0.50292,-0.46328,-0.45974,-0.44894,-0.43593,-0.42536,-0.4171,-0.40762,-0.39434,-0.37784,-0.36028,-0.34299,-0.32573,-0.30766,-0.28858,-0.2692,-0.25064,-0.23368,-0.21856,-0.20502,-0.19276,-0.18172,-0.1721,-0.164,-0.15729,-0.15172,-0.14715,-0.14376,-0.14187,-0.14169,-0.14308,-0.14567,-0.14914,-0.15333,-0.15818,-0.16365,-0.16982,-0.17691,-0.18526,-0.19517,-0.20672,-0.21957,-0.23299,-0.24645,-0.25991,-0.27349,-0.28742,-0.30268,-0.32039,-0.33951,-0.35815,-0.37642,-0.39481,-0.24999,-0.2635,-0.43775,-0.44511,-0.44635,-0.44759,-0.44218,-0.43013,-0.41808,-0.40172,-0.38106,-0.36039,-0.33825,-0.31465,-0.29105,-0.26775,-0.24473,-0.22171,-0.19963,-0.17847,-0.15732,-0.13708,-0.11777,-0.098451,-0.079851,-0.061966,-0.044081,-0.026959,-0.010594,0.0057669,0.020986,0.035063,0.049138,0.061743,0.072878,0.084008,0.093701,0.10196,0.11021,0.11749,0.12378,0.13007,0.13607,0.1418,0.14752,0.15343,0.15955,0.16567,0.17192,0.1783,0.18468,0.19075,0.19648,0.20222,0.20717,0.21132,0.21547,0.21855,0.22056,0.22257,0.22348,0.22327,0.22307,0.22188,0.21973,0.21757,0.21462,0.21088,0.20715,0.20273,0.19762,0.19252,0.18678,0.18039,0.17401,0.16711,0.15969,0.15226,0.14453,0.13647,0.12842,0.12021,0.11184,0.10346,0.094968,0.086352,0.077736,0.069087,0.060406,0.051724,0.043436,0.035545,0.027652,0.020949,0.015436,0.009922,0.0061974,0.0042634,0.0023297,0.0017657,0.0025718,0.0033783,0.0042094,0.0050648,0.0059204,0.0056934,0.0043828,0.0030722,0.0020142,0.0012086,0.0001225
0,0,0,0,0,0,0,0,0,0,0,0,0,0,0,0,0,0,0,0,0,0,0,0,0,0,0,0,0,0,0,0,0,0,0,0,0,0,0,0,0,0,0,0,0,0,0,0,0,0,0,0,-0.45097,-0.75168,-0.92816,-0.98033,-1.0325,-1.0995,-1.1812,-1.2629,-1.317,-1.3435,-1.3699,-1.3554,-1.3,-1.2445,-1.1534,-1.0266,-0.89981,-0.73985,-0.54675,-0.35369,-0.20177,-0.091028,0.019691,0.10129,0.15378,0.20626,0.23671,0.24513,0.25354,0.21524,0.13023,0,0,0,0,0,0,0,-0.15854,-0.16779,-0.17703,-0.18437,-0.18978,-0.1952,-0.18721,-0.1658,-0.14439,-0.11142,-0.066847,0,0,0,0,0,0,0,0,0,0,0,0,0,0,-0.12598,-0.1931,-0.238,-0.26069,-0.28337,-0.31347,-0.35097,-0.38849,-0.42562,-0.46236,-0.4991,-0.52946,-0.55343,-0.5774,-0.59459,-0.60501,-0.61542,-0.62261,-0.62656,-0.63051,-0.63368,-0.63607,-0.63847,-0.63978,-0.64002,-0.64026,-0.63667,-0.62925,-0.62183,-0.60829,-0.58864,-0.56972,-0.55625,-0.53632,-0.50656,-0.48645,-0.48322,-0.49309,-0.50748,-0.51857,-0.52088,-0.51092,-0.48667,-0.45039,-0.39763,-0.3279,-0.25103,-0.17549,-0.11156,-0.063777,0,0,0,0,0,0,0,0,0,0,0,0,0,0,0,0,0.01682,0.028031,0.060629,0.06095,0.061268,0.0615,0.061649,0.0618,0.060087,0.05651,0.052933,0.042905,0.026421,0.0099347,-0.0075211,-0.025949,-0.044379,-0.052431,-0.050101,-0.047771,-0.038841,-0.023307,-0.0039712,0,0,0,0,0,0,0,0,0,0,0,0,0,0,0,0,0,0,0,0,0,0,0,0,0,0,0,0,0,0,0,0,0,0,0,0,0,0,0,0,0,0,0,0,0,0,0,0,-0.012738,-0.018928,-0.018323,-0.025276,-0.040045,-0.049331,-0.07205,-0.038707,0.0091947,0.05517,0.093039,0.11597,0.064341,0,0,0,0,0,0,0,0,0,0,0,0,0,0,0,-0.018311,-0.01468,-0.012549,0.0034244,0.017545,0.026302,0,0,0,0,0,0,0,0,0,0,0,0,0,0,0,0,0,-0.034905,0,0,0,0,0,0,0,0,0,0,0,-0.0064893,-0.0011278,0.0079978,0.0074327,0,0,0,0,0,0,0,0,0,0,0,0,0,0,0,0,0,0,0,0,0,0,-0.016692,-0.023438,-0.00043594,0.044016,0.079876,0.11071,0.13095,0.12114,0.062318,-0.059883,-0.2635,-0.5638,-0.95133,-1.377,-1.7435,-1.9267,-1.8884,-1.6823,-1.3987,-1.1432,-0.94865,-0.80018,-0.68875,-0.6034,-0.5392,-0.49107,-0.47665,-0.46788,-0.44053,-0.42334,-0.41885,-0.42356,-0.43309,-0.4458,-0.45974,-0.47107,-0.47665,-0.4765,-0.47473,-0.47658,-0.48424,-0.4953,-0.50488,-0.51058,-0.51479,-0.52063,-0.5278,-0.53362,-0.53711,-0.5401,-0.52283,-0.48417,-0.46197,-0.45368,-0.44189,-0.43161,-0.42397,-0.41598,-0.40476,-0.39022,-0.37417,-0.35808,-0.34196,-0.32499,-0.30684,-0.2881,-0.26968,-0.25221,-0.23596,-0.22112,-0.20782,-0.19619,-0.18622,-0.17776,-0.17063,-0.16466,-0.15982,-0.15623,-0.15405,-0.15336,-0.15407,-0.15596,-0.15883,-0.16252,-0.16689,-0.17183,-0.17734,-0.1836,-0.19096,-0.19981,-0.2103,-0.22217,-0.2348,-0.24763,-0.26049,-0.27328,-0.28614,-0.30026,-0.31718,-0.33618,-0.35504,-0.37345,-0.39193,-0.24853,-0.26181,-0.43433,-0.4412,-0.44172,-0.44223,-0.4361,-0.42332,-0.41054,-0.39366,-0.37268,-0.35169,-0.32946,-0.30597,-0.28248,-0.25936,-0.23663,-0.21388,-0.19206,-0.17117,-0.15027,-0.13028,-0.1112,-0.092124,-0.07375,-0.056078,-0.038404,-0.021492,-0.0053394,0.010814,0.025787,0.03958,0.053373,0.065652,0.076416,0.087177,0.096449,0.10423,0.11202,0.11874,0.1244,0.13006,0.13537,0.14033,0.14529,0.15042,0.15572,0.16102,0.16647,0.17206,0.17765,0.18297,0.188,0.19304,0.19735,0.20093,0.20451,0.2071,0.20867,0.21025,0.21075,0.21018,0.20961,0.20808,0.20559,0.2031,0.19985,0.19584,0.19182,0.18718,0.18192,0.17666,0.17087,0.16454,0.15821,0.15145,0.14427,0.13709,0.12967,0.12203,0.11438,0.1067,0.098975,0.091249,0.083521,0.075789,0.068059,0.060357,0.052683,0.04501,0.037715,0.030801,0.023886,0.01809,0.013412,0.008734,0.0057442,0.0044445,0.0031449,0.003223,0.0046794,0.006136,0.0073781,0.0084052,0.0094324,0.0090076,0.0071297,0.005252,0.0035947,0.002157,0
0,0,0,0,0,0,0,0,0,0,0,0,0,0,0,0,0,0,0,0,0,0,0,0,0,0,0,0,0,0,0,0,0,0,0,0,0,0,0,0,0,0,0,0,0,0,0,0,0,0,0,0,-0.45355,-0.75597,-0.93668,-0.99568,-1.0547,-1.1277,-1.2148,-1.3019,-1.3593,-1.3871,-1.4149,-1.4012,-1.346,-1.2908,-1.2063,-1.0924,-0.97849,-0.80392,-0.56872,-0.33351,-0.1691,-0.075494,0.018087,0.094254,0.15301,0.21176,0.24486,0.2523,0.25975,0.21957,0.13176,0,0,0,0,0,0,0,-0.14727,-0.15648,-0.16567,-0.17267,-0.17747,-0.18227,-0.18013,-0.17105,-0.16198,-0.1312,-0.078723,0,0,0,0,0,0,0,0,0,0,0,0,0,0,-0.094009,-0.1567,-0.2026,-0.2317,-0.26079,-0.29111,-0.32262,-0.35414,-0.38758,-0.42297,-0.45836,-0.48888,-0.51454,-0.54021,-0.55993,-0.5737,-0.58747,-0.59799,-0.60526,-0.61253,-0.61865,-0.62364,-0.62863,-0.63212,-0.63411,-0.6361,-0.63437,-0.62892,-0.62347,-0.61262,-0.59635,-0.58082,-0.56969,-0.55406,-0.53235,-0.51813,-0.51434,-0.51839,-0.52572,-0.53155,-0.54043,-0.53716,-0.5083,-0.46512,-0.40333,-0.32217,-0.22871,-0.13521,-0.060916,-0.013113,0,0,0,0,0,0,0,0,0,0,0,0,0,0,0,0,0,0,0.027082,0.045976,0.046814,0.048624,0.051405,0.054188,0.054177,0.051374,0.04857,0.040087,0.025921,0.011751,-0.0041713,-0.021848,-0.039527,-0.048179,-0.0478,-0.047419,-0.040275,-0.026362,-0.012446,-0.0045714,0,0,0,0,0,0,0,0,0,0,0,0,0,0,0,0,0,0,0,0,0,0,0,0,0,0,0,0,0,0,0,0,0,0,0,0,0,0,0,0,0,0,0,0,0,0,0,-0.026747,-0.03824,-0.049591,-0.07218,-0.10271,-0.11754,-0.096352,-0.046378,0.010469,0.064656,0.11505,0.1506,0.15727,0.08262,0,0,0,0,0,0,0,0,0,0,0,0,0,0,-0.046324,-0.037547,-0.013994,0.015237,0.041671,0.057206,0,0,0,0,0,0,0,0,0,0,0,0,0,0,0,-0.0066654,-0.011914,-0.037148,-0.015296,0,0,0,0,0,0,0,0,-0.032929,-0.029508,-0.024764,0.0012825,0.01677,0.01397,-0.00052747,0,0,0,0,0,0,0,0,0,0,0,0,0,0,0,0,0,0,0,0,0,-0.029225,-0.038309,-0.03053,-0.0051045,0.021671,0.053349,0.081442,0.088428,0.060964,-0.012686,-0.15805,-0.41168,-0.78491,-1.2311,-1.6417,-1.8812,-1.8887,-1.7033,-1.4273,-1.1616,-0.94979,-0.79374,-0.67782,-0.58974,-0.52166,-0.47046,-0.45491,-0.44673,-0.42072,-0.40498,-0.40285,-0.4107,-0.42289,-0.43616,-0.4495,-0.46101,-0.4682,-0.47089,-0.47121,-0.4726,-0.47828,-0.4885,-0.49921,-0.50624,-0.51043,-0.51526,-0.52169,-0.52789,-0.53237,-0.53586,-0.53961,-0.50141,-0.46047,-0.45572,-0.44637,-0.4365,-0.42838,-0.42075,-0.41125,-0.39908,-0.38517,-0.37069,-0.35574,-0.3397,-0.32238,-0.30433,-0.28631,-0.26873,-0.25174,-0.23568,-0.22113,-0.20852,-0.19792,-0.18908,-0.18173,-0.17566,-0.17079,-0.16711,-0.16467,-0.16349,-0.16355,-0.16477,-0.16712,-0.1705,-0.17465,-0.17929,-0.18427,-0.18973,-0.19606,-0.20368,-0.21289,-0.22355,-0.23515,-0.24721,-0.25947,-0.27172,-0.28392,-0.29714,-0.31308,-0.33163,-0.35082,-0.36966,-0.38826,-0.086727,-0.099822,-0.43024,-0.43675,-0.4367,-0.43665,-0.42997,-0.41666,-0.40335,-0.38613,-0.36501,-0.34388,-0.32171,-0.29849,-0.27526,-0.25249,-0.23016,-0.20783,-0.1864,-0.16584,-0.14529,-0.1256,-0.10679,-0.087972,-0.069853,-0.052428,-0.035002,-0.018335,-0.0024297,0.01348,0.028197,0.041717,0.055237,0.067218,0.077655,0.08809,0.096995,0.10437,0.11175,0.11801,0.12314,0.12828,0.133,0.13732,0.14163,0.14607,0.15064,0.15521,0.15993,0.16478,0.16964,0.17427,0.17866,0.18306,0.1868,0.18988,0.19297,0.19511,0.1963,0.1975,0.19767,0.19681,0.19594,0.19415,0.19143,0.1887,0.18523,0.18101,0.17679,0.17198,0.1666,0.16122,0.15539,0.14913,0.14286,0.13626,0.12933,0.1224,0.11531,0.10806,0.10081,0.093609,0.086465,0.07932,0.072296,0.065392,0.058488,0.051708,0.045052,0.038396,0.032138,0.026279,0.020419,0.015606,0.011841,0.0080763,0.0058731,0.0052333,0.004594,0.005224,0.0071239,0.0090239,0.010516,0.011598,0.012681,0.012076,0.0097824,0.0074881,0.0052845,0.0031711,0
0,0,0,0,0,0,0,0,0,0,0,0,0,0,0,0,0,0,0,0,0,0,0,0,0,0,0,0,0,0,0,0,0,0,0,0,0,0,0,0,0,0,0,0,0,0,0,0,0,0,0,0,-0.46032,-0.76723,-0.95189,-1.0143,-1.0767,-1.1538,-1.2455,-1.3372,-1.3969,-1.4245,-1.452,-1.4372,-1.3801,-1.323,-1.2484,-1.1563,-1.0642,-0.87011,-0.57391,-0.1528,-0.067643,-0.030197,0.0072371,0.041956,0.14282,0.21208,0.24756,0.24924,0.25091,0.2098,0.12589,0,0,0,0,0,0,0,-0.13381,-0.14098,-0.14813,-0.15412,-0.15894,-0.16376,-0.16373,-0.15884,-0.15394,-0.12625,-0.075749,0,0,0,0,0,0,0,0,0,0,0,0,0,0,-0.037598,-0.062678,-0.084763,-0.18373,-0.23101,-0.26742,-0.29293,-0.31844,-0.34888,-0.38428,-0.41968,-0.45115,-0.47872,-0.50631,-0.52868,-0.54585,-0.56302,-0.57706,-0.58798,-0.5989,-0.60823,-0.61598,-0.62373,-0.6294,-0.63299,-0.63659,-0.63647,-0.63264,-0.62881,-0.62005,-0.60635,-0.59265,-0.58233,-0.56912,-0.55268,-0.54258,-0.53834,-0.53832,-0.5405,-0.55299,-0.57148,-0.56421,-0.52962,-0.4776,-0.40528,-0.31685,-0.21146,-0.10042,-0.0052868,0.050045,0,0,0,0,0,0,0,0,0,0,0,0,0,0,0,0,0,0,0,0.018389,0.018724,0.020131,0.022607,0.025084,0.048444,0.045906,0.043367,0.036402,0.025009,0.013612,0.00033085,-0.014842,-0.030013,-0.039072,-0.042017,-0.044959,-0.041437,-0.031447,-0.021455,-0.013715,0,0,0,0,0,0,0,0,0,0,0,0,0,0,0,0,0,0,0,0,0,0,0,0,0,0,0,0,0,0,0,0,0,0,0,0,0,0,0,0,0,0,0,0,0,0,0,-0.040283,-0.054456,-0.077777,-0.1124,-0.14649,-0.15524,-0.11904,-0.054695,0.011515,0.070534,0.12488,0.17161,0.19993,0.18771,0.084132,0,0,0,0,0,0,0,0,0,0,0,0,0,-0.06753,-0.056762,-0.021105,0.02692,0.069716,0.09022,0.046705,0.028408,0.013994,0,0,0,0,0,0,0,0,0,0,0,0,-0.0066654,-0.025532,-0.034006,-0.033967,-0.01614,0,0,0,0,0,0,-0.037473,-0.08009,-0.071598,-0.039633,0.009098,0.030336,0.017661,-0.0030194,0,0,0,0,0,0,0,0,0,0,0,0,0,0,0,0,0,0,0,0,0,-0.017416,-0.051154,-0.059697,-0.04967,-0.020867,0.02077,0.058102,0.072341,0.056363,0.0079042,-0.093006,-0.29308,-0.62584,-1.0627,-1.5029,-1.8068,-1.8735,-1.7218,-1.4581,-1.1784,-0.95068,-0.78864,-0.6701,-0.57969,-0.50625,-0.44809,-0.41474,-0.40613,-0.39612,-0.38364,-0.38392,-0.39479,-0.41068,-0.42713,-0.4422,-0.45411,-0.46152,-0.46552,-0.46796,-0.47062,-0.47591,-0.48527,-0.49598,-0.50352,-0.5074,-0.51071,-0.51524,-0.52017,-0.52433,-0.52797,-0.53189,-0.49441,-0.4555,-0.45399,-0.44761,-0.43891,-0.43051,-0.42284,-0.41446,-0.40425,-0.39241,-0.37959,-0.3659,-0.3509,-0.33443,-0.317,-0.2993,-0.2817,-0.26433,-0.24751,-0.23187,-0.21808,-0.2065,-0.19713,-0.18968,-0.18383,-0.17926,-0.1757,-0.17304,-0.17133,-0.17071,-0.17132,-0.17327,-0.17645,-0.18051,-0.18498,-0.18954,-0.19428,-0.19959,-0.206,-0.2139,-0.22327,-0.23371,-0.24483,-0.25636,-0.26808,-0.27992,-0.29269,-0.30797,-0.32615,-0.34559,-0.36487,-0.38365,-0.084481,-0.097524,-0.42549,-0.43177,-0.43131,-0.43085,-0.42379,-0.41014,-0.39648,-0.37911,-0.35804,-0.33695,-0.31501,-0.29221,-0.26941,-0.24712,-0.22535,-0.20357,-0.18262,-0.16249,-0.14236,-0.12304,-0.10451,-0.08599,-0.068159,-0.051016,-0.033876,-0.01749,-0.0018635,0.013764,0.028212,0.041476,0.054738,0.066446,0.076598,0.086749,0.095343,0.10238,0.10941,0.11529,0.12001,0.12473,0.12898,0.13277,0.13655,0.14041,0.14432,0.14824,0.15229,0.15647,0.16065,0.16465,0.16847,0.17229,0.17553,0.17818,0.18082,0.18258,0.18346,0.18433,0.18423,0.18315,0.18207,0.1801,0.17724,0.17437,0.17076,0.1664,0.16205,0.15713,0.15165,0.14617,0.14034,0.13415,0.12797,0.12154,0.11487,0.10821,0.10144,0.094561,0.087685,0.080933,0.074305,0.067676,0.061294,0.055159,0.049024,0.043142,0.037512,0.031883,0.026704,0.021978,0.017251,0.013498,0.010723,0.0079472,0.0065823,0.0066296,0.0066772,0.007769,0.0099053,0.012042,0.013622,0.014644,0.015667,0.014899,0.01234,0.0097794,0.0070831,0.0042507,0
0,0,0,0,0,0,0,0,0,0,0,0,0,0,0,0,0,0,0,0,0,0,0,0,0,0,0,0,0,0,0,0,0,0,0,0,0,0,0,0,0,0,0,0,0,0,0,0,0,0,0,0,-0.46708,-0.7785,-0.96712,-1.0329,-1.0987,-1.1798,-1.2762,-1.3725,-1.4344,-1.4618,-1.4892,-1.4733,-1.4142,-1.3551,-1.2904,-1.2202,-1.15,-0.9363,-0.5791,0,0,0,0,0,0.13263,0.21241,0.25026,0.24617,0.24207,0.20003,0.12003,0,0,0,0,0,0,0,-0.12036,-0.12547,-0.13058,-0.13556,-0.14041,-0.14526,-0.14732,-0.14661,-0.1459,-0.12129,-0.072778,0,0,0,0,0,0,0,0,0,0,0,0,0,0,0,0,0,-0.13577,-0.20123,-0.24372,-0.26323,-0.28274,-0.31018,-0.34558,-0.38099,-0.41342,-0.44291,-0.47241,-0.49744,-0.518,-0.53857,-0.55613,-0.5707,-0.58528,-0.59781,-0.60832,-0.61883,-0.62668,-0.63188,-0.63707,-0.63857,-0.63636,-0.63416,-0.62749,-0.61636,-0.60522,-0.59556,-0.58289,-0.56876,-0.55997,-0.5548,-0.5648,-0.58333,-0.59625,-0.60025,-0.58236,-0.54431,-0.48913,-0.41586,-0.32567,-0.218,-0.097636,0.018927,0.096241,0.06476,0,0,0,0,0,0,0,0,0,0,0,0,0,0,0,0,0,0,0,0,0,0,0,0.042707,0.040435,0.038161,0.032714,0.024093,0.015469,0.0048278,-0.0078372,-0.020502,-0.029967,-0.036235,-0.0425,-0.0426,-0.036532,-0.030462,-0.022857,0,0,0,0,0,0,0,0,0,0,0,0,0,0,0,0,0,0,0,0,0,0,0,0,0,0,0,0,0,0,0,0,0,0,0,0,0,0,0,0,0,0,0,0,0,0,0,-0.023042,-0.062232,-0.099054,-0.14197,-0.18099,-0.19,-0.14772,-0.073786,0.0078095,0.074769,0.12641,0.17333,0.21447,0.23017,0.20831,0.10272,0,0,0,0,0,0,0,0,0,0,0,-0.040667,-0.088722,-0.074851,-0.026413,0.03929,0.093659,0.11637,0.10323,0.068856,0.041778,0,0,0,0,0,0,0,0,0,0,0,0,0,-0.039678,-0.052675,-0.046295,-0.030681,0,0,0,0,-0.0082179,-0.021793,-0.080458,-0.098255,-0.083086,-0.039486,0.01788,0.043567,0.027289,-0.00149,0,0,0,0,0,0,0,0,0,0,0,0,0,0,0,0,0,0,0,0,0,0,-0.082045,-0.086119,-0.067558,-0.030138,0.017242,0.054657,0.068159,0.055662,0.018889,-0.054276,-0.20712,-0.49302,-0.9075,-1.3613,-1.719,-1.8459,-1.7319,-1.4774,-1.1895,-0.95413,-0.78576,-0.66426,-0.57147,-0.49227,-0.42507,-0.37168,-0.36137,-0.36769,-0.35962,-0.36214,-0.37484,-0.39393,-0.41507,-0.43462,-0.44917,-0.45719,-0.46067,-0.46333,-0.46767,-0.47479,-0.48468,-0.49499,-0.50251,-0.50628,-0.50824,-0.51037,-0.51271,-0.51506,-0.51799,-0.52187,-0.48529,-0.44791,-0.44848,-0.44487,-0.43845,-0.43122,-0.42401,-0.41619,-0.40695,-0.39629,-0.38466,-0.37222,-0.35859,-0.34335,-0.32666,-0.30912,-0.29133,-0.27367,-0.25643,-0.24006,-0.22521,-0.2125,-0.20226,-0.19457,-0.18908,-0.18512,-0.18195,-0.17921,-0.17693,-0.17556,-0.17559,-0.17724,-0.18032,-0.18432,-0.18857,-0.19271,-0.1968,-0.20128,-0.20672,-0.21355,-0.22176,-0.23105,-0.24107,-0.25167,-0.26274,-0.27429,-0.28698,-0.30207,-0.32016,-0.34001,-0.35984,-0.37891,-0.082107,-0.095126,-0.42074,-0.42678,-0.42592,-0.42505,-0.41761,-0.40362,-0.38962,-0.3721,-0.35106,-0.33002,-0.30831,-0.28593,-0.26356,-0.24176,-0.22054,-0.19931,-0.17885,-0.15914,-0.13944,-0.12047,-0.10224,-0.084008,-0.066467,-0.049609,-0.032753,-0.01665,-0.0012992,0.01405,0.028226,0.041231,0.054236,0.065674,0.07554,0.085408,0.093689,0.10038,0.10707,0.11257,0.11687,0.12117,0.12495,0.12821,0.13147,0.13474,0.138,0.14127,0.14465,0.14815,0.15165,0.15503,0.15828,0.16153,0.16426,0.16647,0.16868,0.17006,0.17061,0.17116,0.17079,0.1695,0.1682,0.16605,0.16304,0.16003,0.15629,0.1518,0.14731,0.14228,0.1367,0.13113,0.12529,0.11918,0.11307,0.10681,0.10041,0.094015,0.087566,0.081065,0.074564,0.068257,0.062145,0.056032,0.050292,0.044927,0.039561,0.034577,0.029973,0.02537,0.021271,0.017677,0.014083,0.011392,0.0096044,0.0078174,0.007291,0.0080258,0.0087606,0.010314,0.012687,0.01506,0.016728,0.01769,0.018653,0.017722,0.014897,0.012071,0.008882,0.0053303,0.00097875
0,0,0,0,0,0,0,0,0,0,0,0,0,0,0,0,0,0,0,0,0,0,0,0,0,0,0,0,0,0,0,0,0,0,0,0,0,0,0,0,0,0,0,0,0,0,0,0,0,0,0,0,-0.50623,-0.78335,-0.9592,-1.0338,-1.1084,-1.1942,-1.2913,-1.3883,-1.4508,-1.4789,-1.5069,-1.492,-1.4341,-1.3763,-1.3181,-1.2596,-1.2011,-0.97663,-0.58602,0,0,0,0,0,0.11859,0.19766,0.23354,0.2262,0.21886,0.17929,0.10746,0,0,0,0,0,-0.026717,-0.039693,-0.1039,-0.10775,-0.1116,-0.11608,-0.12119,-0.1263,-0.12931,-0.13022,-0.13113,-0.10996,-0.066703,0,0,0,0,0,0,0,0,0,0,0,0,0,0,0,0,0,-0.1031,-0.17184,-0.2147,-0.23165,-0.2486,-0.27465,-0.30981,-0.34497,-0.37816,-0.40937,-0.44057,-0.46801,-0.49169,-0.51537,-0.53621,-0.55421,-0.57221,-0.58786,-0.60116,-0.61447,-0.62463,-0.63165,-0.63867,-0.64182,-0.64108,-0.64034,-0.6352,-0.62566,-0.61612,-0.60783,-0.59578,-0.58105,-0.5825,-0.59474,-0.61095,-0.63334,-0.6384,-0.62196,-0.59666,-0.55551,-0.49713,-0.42784,-0.34228,-0.23715,-0.11544,0.013246,0.11353,0.16324,0,0,0,0,0,0,0,0,0,0,0,0,0,0,0,0,0,0,0,0,0,0,0,0.033198,0.031414,0.017778,0.015435,0.011818,0.016321,0.0083001,-0.0027728,-0.013848,-0.023806,-0.032643,-0.041481,-0.044538,-0.041812,-0.039084,-0.032724,0,0,0,0,0,0,0,0,0,0,0,0,0,0,0,0,0,0,0,0,0,0,0,0,0,0,0,0,0,0,0,0,0,0,0,0,0,0,0,0,0,0,0,0,0,0,0,0,-0.03162,-0.11114,-0.16189,-0.2053,-0.21663,-0.18436,-0.10735,-0.0052221,0.078698,0.1314,0.16554,0.20375,0.24123,0.25215,0.22393,0.09491,0,0,0,0,0,0,0,0,0,0,-0.090712,-0.097102,-0.074866,-0.018087,0.052974,0.10966,0.13683,0.1264,0.091096,0.05873,0,0,0,0,0,0,0,0,0,0,0,0,0,-0.071139,-0.082965,-0.050277,-0.012376,0,0,0,0,-0.013478,-0.046139,-0.089336,-0.10029,-0.07791,-0.042273,-0.0064713,0.01703,0.019446,0.0093348,0.0099179,0,0,0,0,0,0,0,0,0,0,0,0,0,0,0,0,0,0,0,0,0,-0.13325,-0.10229,-0.056338,-0.012171,0.025709,0.054383,0.066122,0.059252,0.032501,-0.022579,-0.14066,-0.38524,-0.77138,-1.2256,-1.6239,-1.8083,-1.7337,-1.492,-1.2064,-0.96549,-0.78709,-0.66133,-0.56463,-0.47947,-0.4033,-0.34185,-0.32837,-0.33732,-0.33408,-0.33923,-0.35271,-0.37321,-0.39804,-0.42313,-0.44315,-0.4543,-0.45782,-0.4594,-0.46403,-0.473,-0.48453,-0.4955,-0.5035,-0.50774,-0.50927,-0.50949,-0.50891,-0.50832,-0.50918,-0.51208,-0.47594,-0.43952,-0.44128,-0.44016,-0.43693,-0.43232,-0.42631,-0.41864,-0.40925,-0.3986,-0.38742,-0.37602,-0.36397,-0.35046,-0.33497,-0.3177,-0.29952,-0.28139,-0.26387,-0.24713,-0.23146,-0.2176,-0.20632,-0.19805,-0.19259,-0.18908,-0.1864,-0.1838,-0.18119,-0.17917,-0.17857,-0.17989,-0.18284,-0.18667,-0.19062,-0.1943,-0.19787,-0.20181,-0.20667,-0.2128,-0.22013,-0.22835,-0.23723,-0.24677,-0.25707,-0.26834,-0.28109,-0.29623,-0.31432,-0.33444,-0.35467,-0.37391,-0.079561,-0.092508,-0.41558,-0.42145,-0.42031,-0.41916,-0.41152,-0.3974,-0.38326,-0.3658,-0.34501,-0.32422,-0.30292,-0.2811,-0.25929,-0.2381,-0.21751,-0.19693,-0.17704,-0.15783,-0.13862,-0.12006,-0.10215,-0.084239,-0.067002,-0.05043,-0.033855,-0.018042,-0.002987,0.01207,0.025968,0.038706,0.051445,0.062624,0.072243,0.081863,0.089893,0.096334,0.10278,0.10801,0.11203,0.11606,0.1195,0.12235,0.12521,0.12799,0.13069,0.1334,0.1362,0.13909,0.14199,0.1448,0.14753,0.15026,0.15254,0.15436,0.15618,0.15724,0.15754,0.15784,0.15727,0.15583,0.15439,0.15213,0.14905,0.14597,0.14217,0.13765,0.13313,0.12809,0.12254,0.11698,0.1112,0.10519,0.099182,0.093092,0.08692,0.080748,0.074592,0.068451,0.062311,0.056435,0.050822,0.04521,0.04007,0.035402,0.030735,0.026565,0.022892,0.01922,0.016115,0.013578,0.011041,0.0093662,0.0085537,0.0077414,0.0080432,0.0094594,0.010876,0.012879,0.01547,0.018061,0.019788,0.020652,0.021515,0.020458,0.017481,0.014503,0.010845,0.0065084,0.0021705
0,0,0,0,0,0,0,0,0,0,0,0,0,0,0,0,0,0,0,0,0,0,0,0,0,0,0,0,0,0,0,0,0,0,0,0,0,0,0,0,0,0,0,0,0,0,0,-9.4081e-07,-0.030194,-0.090598,-0.15102,-0.22306,-0.57772,-0.78169,-0.92809,-1.017,-1.1058,-1.1971,-1.2908,-1.3845,-1.4461,-1.4756,-1.5051,-1.4932,-1.4399,-1.3865,-1.3314,-1.2746,-1.2177,-0.99103,-0.59462,0,0,0,0,0,0.10071,0.16786,0.19741,0.18936,0.1813,0.14758,0.088184,0.012689,-0.0029311,-0.0075729,-0.012207,-0.018199,-0.052263,-0.072588,-0.084439,-0.087805,-0.091172,-0.095664,-0.10128,-0.1069,-0.1097,-0.10966,-0.10963,-0.09225,-0.057513,-0.011216,-0.0016924,0.0021094,0.0059105,0.0065108,0.0039071,0,0,0,0,0,0,0,0,0,0,0,-0.085705,-0.14285,-0.18036,-0.19819,-0.21602,-0.24227,-0.27694,-0.31162,-0.34532,-0.37805,-0.41079,-0.44041,-0.46692,-0.49344,-0.5173,-0.5385,-0.55971,-0.57837,-0.59451,-0.61064,-0.62324,-0.63231,-0.64138,-0.6462,-0.64679,-0.64737,-0.6432,-0.63428,-0.62536,-0.61847,-0.60677,-0.60151,-0.61948,-0.64469,-0.65878,-0.66078,-0.65578,-0.63757,-0.6046,-0.55923,-0.50497,-0.44142,-0.36033,-0.26107,-0.14591,-0.019019,0.098677,0.19366,0.13046,0,0,0,0,0,0,0,0,0,0,0,0,0,0,0,0,0,0,0,0,0,0,0.019918,0.018847,0,0,0,0.016168,0.010753,0.00035176,-0.010054,-0.020585,-0.031241,-0.041902,-0.047251,-0.047289,-0.047326,-0.043321,-0.020775,0,0,0,0,0,0,0,0,0,0,0,0,0,0,0,0,0,0,0,0,0,0,0,0,0,0,0,0,0,0,0,0,0,0,0,0,0,0,0,0,0,0,0,0,0,0,0,0,-0.12188,-0.16786,-0.21617,-0.23984,-0.22295,-0.15136,-0.037595,0.067124,0.13165,0.16154,0.18572,0.22203,0.25551,0.26002,0.22497,0.10329,0,0,0,0,0,0,0,0,0,-0.096458,-0.082635,-0.05031,0.0006413,0.058308,0.10827,0.14157,0.15078,0.12859,0.078839,0.019982,0,0,0,0,0,0,0,0,0,0,0,0,-0.10375,-0.10049,-0.045665,0.017706,0.039522,0,0,0,-0.0075602,-0.048481,-0.088763,-0.088296,-0.071067,-0.062983,-0.058029,-0.041399,-0.010623,0.020815,0.03916,0,0,0,0,0,0,0,0,0,0,0,0,0,0,0,0,0,0,0,0,0,-0.19857,-0.10479,-0.025459,0.014078,0.033208,0.049893,0.060046,0.061108,0.047855,0.010112,-0.082033,-0.29057,-0.64388,-1.0999,-1.5266,-1.7551,-1.7273,-1.5093,-1.2283,-0.97821,-0.79107,-0.66152,-0.56026,-0.46875,-0.38434,-0.31544,-0.29774,-0.30763,-0.30871,-0.31696,-0.33146,-0.35244,-0.37905,-0.40813,-0.43389,-0.45056,-0.45724,-0.45902,-0.46256,-0.47174,-0.48489,-0.4973,-0.50637,-0.51197,-0.51438,-0.5139,-0.51103,-0.50717,-0.50481,-0.50544,-0.48842,-0.45245,-0.43543,-0.43651,-0.43651,-0.4348,-0.43027,-0.42271,-0.41274,-0.40146,-0.39004,-0.3791,-0.3684,-0.35683,-0.3431,-0.32664,-0.3082,-0.28938,-0.27144,-0.25459,-0.23857,-0.22384,-0.21138,-0.20199,-0.19577,-0.1921,-0.18979,-0.18757,-0.18496,-0.18253,-0.18135,-0.18215,-0.1847,-0.18811,-0.1916,-0.19485,-0.19809,-0.20183,-0.20651,-0.21228,-0.21899,-0.22631,-0.23411,-0.24261,-0.25216,-0.2631,-0.27585,-0.29106,-0.30909,-0.3291,-0.34933,-0.36859,-0.07689,-0.089743,-0.41001,-0.41577,-0.41448,-0.41319,-0.40552,-0.39147,-0.37741,-0.36022,-0.33989,-0.31955,-0.29883,-0.27772,-0.25661,-0.23614,-0.21629,-0.19643,-0.17719,-0.15854,-0.1399,-0.1218,-0.10425,-0.086688,-0.069768,-0.053481,-0.037189,-0.021669,-0.0069241,0.0078232,0.021433,0.0339,0.046366,0.0573,0.066705,0.076111,0.083956,0.090242,0.096528,0.10161,0.1055,0.10939,0.11262,0.11519,0.11777,0.12017,0.1224,0.12463,0.12693,0.12929,0.13166,0.13397,0.13623,0.13849,0.14036,0.14184,0.14332,0.14412,0.14424,0.14435,0.14366,0.14215,0.14064,0.13835,0.13526,0.13218,0.12841,0.12396,0.11951,0.11458,0.10915,0.10372,0.09807,0.092189,0.086309,0.080375,0.074389,0.068404,0.062514,0.05672,0.050925,0.045464,0.040337,0.035209,0.030626,0.026586,0.022546,0.019108,0.01627,0.013433,0.011237,0.0096816,0.0081264,0.0074225,0.0075706,0.0077191,0.0088387,0.01093,0.013022,0.015464,0.018254,0.021046,0.022804,0.023529,0.024253,0.023108,0.020092,0.017075,0.012973,0.007785,0.0025956
0,0,0,0,0,0,0,0,0,0,0,0,0,0,0,0,0,0,0,0,0,0,0,0,0,0,0,0,0,0,0,0,0,0,0,0,0,0,0,0,0,0,0,0,0,0,-1.5862e-05,-2.7594e-05,-0.075524,-0.22649,-0.37747,-0.51838,-0.64919,-0.78001,-0.89699,-1.0001,-1.1032,-1.2,-1.2903,-1.3807,-1.4413,-1.4723,-1.5033,-1.4944,-1.4456,-1.3968,-1.3447,-1.2895,-1.2342,-1.0055,-0.60328,0,0,0,0,0,0.082829,0.13806,0.16129,0.15252,0.14373,0.11586,0.068906,0.021943,-0.0073397,-0.018931,-0.030514,-0.040845,-0.049918,-0.058994,-0.064977,-0.067861,-0.070747,-0.075252,-0.081377,-0.087506,-0.090082,-0.089108,-0.088134,-0.074537,-0.048316,-0.022095,-0.0042295,0.0052746,0.014776,0.016275,0.0097679,0,0,0,0,0,0,0,0,0,0,0,-0.068315,-0.11387,-0.14603,-0.16474,-0.18345,-0.20989,-0.24407,-0.27826,-0.31248,-0.34673,-0.38099,-0.4128,-0.44215,-0.4715,-0.49839,-0.52279,-0.54721,-0.56889,-0.58785,-0.60681,-0.62184,-0.63296,-0.64408,-0.65059,-0.6525,-0.6544,-0.6512,-0.6429,-0.6346,-0.62827,-0.62778,-0.64041,-0.65939,-0.67624,-0.68854,-0.68616,-0.66922,-0.64522,-0.61026,-0.56359,-0.51589,-0.45787,-0.37971,-0.28594,-0.17896,-0.06428,0.049344,0.15682,0.25157,0.17546,0,0,0,0,0,0,0,0,0,0,0,0,0,0,0,0,0,0,0,0,0,0.0066385,0.0062819,0,0,0,0.0080455,0.013204,0.0034747,-0.006258,-0.017363,-0.029842,-0.042324,-0.049965,-0.052766,-0.055567,-0.053917,-0.047815,-0.024475,-0.019328,0,0,0,0,0,0,0,0,0,0,0,0,0,0,0,0,0,0,0,0,0,0,0,0,0,0,0,0,0,0,0,0,0,0,0,0,0,0,0,0,0,0,0,0,0,0,-0.06328,-0.15964,-0.21541,-0.26194,-0.26197,-0.19916,-0.085439,0.033003,0.11715,0.16056,0.18167,0.20641,0.23717,0.26349,0.25746,0.21665,0.09366,0.065266,0.04321,0.026551,0.0091372,-0.010051,-0.030083,-0.042532,-0.041194,-0.075072,-0.048344,-0.017782,0.013896,0.048005,0.085561,0.12642,0.16487,0.17344,0.12405,0.065105,0.022395,0,0,0,0,0,0,0,0,0,0,-0.053856,-0.12722,-0.12068,-0.06936,0.0052323,0.064381,0.043113,0.037329,0.018623,-0.0063649,-0.05049,-0.083306,-0.081783,-0.072355,-0.082277,-0.095201,-0.080307,-0.031533,0.027589,0.070633,0.049185,0,0,0,0,0,0,0,0,0,0,0,0,0,0,0,0,0,0,0,-0.2296,-0.26953,-0.11477,-0.029078,0.019654,0.037509,0.042591,0.050234,0.057559,0.057676,0.038538,-0.027635,-0.19976,-0.51813,-0.97248,-1.424,-1.6935,-1.7142,-1.525,-1.2479,-0.98926,-0.79667,-0.66275,-0.55811,-0.46147,-0.36918,-0.29377,-0.27115,-0.27996,-0.28421,-0.29632,-0.31344,-0.33493,-0.36114,-0.39105,-0.42044,-0.44319,-0.45573,-0.46056,-0.46468,-0.47389,-0.48732,-0.50018,-0.51048,-0.51825,-0.52245,-0.52228,-0.51823,-0.5119,-0.50619,-0.5036,-0.50424,-0.4679,-0.43213,-0.43517,-0.4375,-0.43773,-0.43446,-0.42737,-0.41734,-0.40576,-0.39395,-0.38291,-0.37284,-0.36274,-0.35074,-0.33543,-0.31714,-0.29776,-0.27935,-0.2626,-0.24692,-0.23194,-0.2183,-0.20714,-0.19921,-0.19451,-0.19207,-0.19026,-0.18801,-0.18553,-0.18383,-0.18385,-0.18561,-0.18835,-0.19128,-0.19417,-0.19727,-0.20104,-0.20578,-0.21149,-0.21784,-0.22448,-0.2314,-0.23904,-0.24792,-0.25846,-0.27107,-0.28626,-0.30414,-0.3238,-0.34382,-0.36314,-0.22591,-0.23868,-0.40444,-0.41009,-0.40866,-0.40723,-0.39952,-0.38554,-0.37156,-0.35464,-0.33476,-0.31489,-0.29474,-0.27434,-0.25394,-0.23418,-0.21506,-0.19594,-0.17734,-0.15926,-0.14119,-0.12355,-0.10635,-0.089141,-0.072535,-0.056531,-0.040522,-0.025297,-0.010861,0.0035762,0.016893,0.029091,0.041287,0.051979,0.061167,0.070355,0.078015,0.084146,0.090278,0.095217,0.098965,0.10271,0.10573,0.10803,0.11032,0.11234,0.1141,0.11586,0.11766,0.11949,0.12132,0.12313,0.12493,0.12672,0.12818,0.12932,0.13047,0.131,0.13093,0.13087,0.13004,0.12847,0.12689,0.12456,0.12147,0.11839,0.11465,0.11028,0.1059,0.10106,0.095762,0.090465,0.08494,0.079187,0.073435,0.067658,0.061859,0.05606,0.050437,0.044988,0.03954,0.034494,0.029852,0.025209,0.021182,0.01777,0.014358,0.011651,0.0096482,0.0076461,0.0063583,0.0057849,0.0052117,0.0054793,0.0065876,0.0076963,0.0096343,0.012401,0.015169,0.018048,0.021039,0.02403,0.025819,0.026406,0.026992,0.025758,0.022703,0.019648,0.015101,0.0090606,0.00302
0,0,0,0,0,0,0,0,0,0,0,0,0,0,0,0,0,0,0,0,0,0,0,0,0,0,0,0,0,0,0,0,0,0,0,0,0,0,0,0,0,0,0,0,0,0,-0.034846,-0.058078,-0.14918,-0.30814,-0.4671,-0.59124,-0.68057,-0.76988,-0.86835,-0.97597,-1.0836,-1.1804,-1.2664,-1.3523,-1.4104,-1.4405,-1.4705,-1.463,-1.4178,-1.3727,-1.3185,-1.2552,-1.1919,-0.97451,-0.60315,0,0,0,0,0,0.06055,0.1035,0.11984,0.10957,0.099308,0.076814,0.042087,0.0073561,-0.015674,-0.026997,-0.03832,-0.045092,-0.047311,-0.049529,-0.052143,-0.055152,-0.058161,-0.062635,-0.068571,-0.074507,-0.076249,-0.073798,-0.071347,-0.059773,-0.039071,-0.018371,-0.00245,0.0086914,0.019831,0.022244,0.01593,0,0,0,0,0,0,0,0,0,0,0,-0.050517,-0.086892,-0.11489,-0.13449,-0.15408,-0.18064,-0.21416,-0.24768,-0.28203,-0.3172,-0.35237,-0.38579,-0.41744,-0.44909,-0.47855,-0.50581,-0.53307,-0.55757,-0.57931,-0.60105,-0.61862,-0.63204,-0.64545,-0.65495,-0.66053,-0.6661,-0.66584,-0.65974,-0.65365,-0.66177,-0.68148,-0.69675,-0.70711,-0.70768,-0.70588,-0.704,-0.68373,-0.65024,-0.61236,-0.56872,-0.52404,-0.46824,-0.39279,-0.30186,-0.20274,-0.10196,-0.0069433,0.096532,0.21864,0.3428,0.20113,0,0,0,0,0,-0.035288,0,0,0,0,0,0,0,0,0,0,0,0,0,0,0,0,0,0,0,0,0.0072139,0.0033631,-0.0050212,-0.015663,-0.028562,-0.041459,-0.050159,-0.054663,-0.059165,-0.058985,-0.05412,-0.049254,-0.039019,0,0,0,0,0,0,0,0,0,0,0,0,0,0,0,0,0,0,0,0,0,0,0,0,0,0,0,0,0,0,0,0,0,0,0,0,0,0,0,0,0,0,0,0,0,0,0,-0.1582,-0.22157,-0.28394,-0.29882,-0.24611,-0.13905,-0.017028,0.083675,0.15034,0.18501,0.2012,0.21159,0.23105,0.23981,0.22917,0.20875,0.16878,0.12339,0.079857,0.031561,-0.017999,-0.057927,-0.078041,-0.070227,-0.043361,-0.015587,0.0047439,0.019865,0.039163,0.070429,0.11626,0.16458,0.18795,0.16498,0.10506,0.048317,0.0075943,0,0,0,0,0,0,0,0,0,-0.1159,-0.1515,-0.15614,-0.12647,-0.072385,-0.0070281,0.04723,0.066637,0.0504,0.013302,-0.031247,-0.068325,-0.084335,-0.083317,-0.082132,-0.080839,-0.062501,-0.018108,0.039362,0.081907,0.095705,0,0,0,0,0,0,0,0,0,0,0,0,0,0,0,0,0,0,0,-0.2296,-0.15261,-0.063857,-0.026971,0.0052574,0.030896,0.029934,0.038864,0.051282,0.060119,0.056161,0.016436,-0.1146,-0.39197,-0.82958,-1.3076,-1.6295,-1.6983,-1.5349,-1.262,-1.0011,-0.80383,-0.6665,-0.55952,-0.45853,-0.35936,-0.27828,-0.24995,-0.25513,-0.26084,-0.27705,-0.29808,-0.32099,-0.34639,-0.37508,-0.40477,-0.43095,-0.44945,-0.4603,-0.46856,-0.47874,-0.49113,-0.50389,-0.51567,-0.52544,-0.53134,-0.53198,-0.52779,-0.52044,-0.51242,-0.50658,-0.50434,-0.48582,-0.4508,-0.43599,-0.43897,-0.43968,-0.43711,-0.4309,-0.42171,-0.41073,-0.39911,-0.38796,-0.37782,-0.36807,-0.35696,-0.34263,-0.3248,-0.30544,-0.28692,-0.27035,-0.25527,-0.24061,-0.22617,-0.21308,-0.2028,-0.19616,-0.19274,-0.19102,-0.18932,-0.18703,-0.18492,-0.18408,-0.18487,-0.18682,-0.18922,-0.19179,-0.19477,-0.19859,-0.20351,-0.20934,-0.21556,-0.22177,-0.22809,-0.23514,-0.24356,-0.25371,-0.26605,-0.28115,-0.29888,-0.31815,-0.33785,-0.35718,-0.22299,-0.23576,-0.39854,-0.40418,-0.40276,-0.40134,-0.39377,-0.38005,-0.36634,-0.34985,-0.33059,-0.31133,-0.2919,-0.27231,-0.25272,-0.23377,-0.21545,-0.19715,-0.17928,-0.16186,-0.14443,-0.12732,-0.11053,-0.093741,-0.077483,-0.061766,-0.046043,-0.031112,-0.016975,-0.0028419,0.010184,0.022106,0.034024,0.044491,0.053507,0.062522,0.070066,0.07614,0.082216,0.087116,0.090843,0.09457,0.09751,0.099663,0.10181,0.10361,0.10504,0.10648,0.10789,0.10929,0.11069,0.11208,0.11346,0.11483,0.11594,0.11678,0.11762,0.11794,0.11773,0.11751,0.11661,0.11502,0.11342,0.11111,0.10809,0.10506,0.10143,0.0972,0.092967,0.088308,0.083222,0.078137,0.072825,0.067286,0.061746,0.056194,0.050631,0.045067,0.039733,0.034627,0.029522,0.02487,0.020673,0.016475,0.012939,0.010064,0.0071898,0.0050954,0.0037811,0.0024671,0.0019385,0.0021951,0.0024518,0.0035553,0.0055045,0.0074539,0.010145,0.013578,0.01701,0.020384,0.023698,0.027012,0.028942,0.029489,0.030035,0.028576,0.025113,0.021649,0.016599,0.0099592,0.0033201
0,0,0,0,0,0,0,0,0,0,0,0,0,0,0,0,0,0,0,0,0,0,0,0,0,0,0,0,0,0,0,0,0,0,0,0,0,0,0,0,0,0,0,0,0,-0.023215,-0.10447,-0.17412,-0.26624,-0.38084,-0.49543,-0.59243,-0.67184,-0.75124,-0.84214,-0.94453,-1.0469,-1.1384,-1.219,-1.2995,-1.3532,-1.38,-1.4068,-1.399,-1.3566,-1.3143,-1.2526,-1.1716,-1.0906,-0.89809,-0.59403,-0.15953,-0.077886,-0.049791,-0.021716,-0.0016949,0.033881,0.064169,0.073056,0.060545,0.048036,0.030437,0.0077455,-0.01495,-0.029387,-0.03556,-0.041732,-0.044693,-0.044443,-0.044192,-0.045936,-0.049675,-0.053414,-0.057808,-0.062855,-0.067901,-0.068194,-0.063733,-0.059271,-0.047954,-0.029779,-0.0116,0.0027971,0.013413,0.024031,0.027676,0.024348,0.01336,0.012723,0.012368,0.012013,0.012076,0.012559,0.013042,0.012416,0.010682,0.0089481,0.0015227,-0.032297,-0.061908,-0.086959,-0.10743,-0.12791,-0.15449,-0.18718,-0.21987,-0.25395,-0.28944,-0.32492,-0.35937,-0.3928,-0.42621,-0.45779,-0.48755,-0.51731,-0.54443,-0.5689,-0.59337,-0.61358,-0.62954,-0.64549,-0.65927,-0.67087,-0.68246,-0.6871,-0.6848,-0.68036,-0.70156,-0.73324,-0.74346,-0.74598,-0.73612,-0.72263,-0.71592,-0.69163,-0.64914,-0.6067,-0.5661,-0.52438,-0.47012,-0.39784,-0.31177,-0.22073,-0.12904,-0.037167,0.067448,0.18661,0.30778,0.38494,0.20166,0.18329,0.14605,0.10599,0.069142,-0.0060157,0,0,0,0,0,0,0,0,0,0,0,0,0,0,0,0,0,0,0,0,0,1.8714e-05,-0.0063445,-0.015482,-0.027394,-0.039304,-0.047833,-0.052979,-0.058123,-0.058529,-0.054196,-0.024779,-0.019691,0,0,0,0,0,0,0,0,0,0,0,0,0,0,0,0,0,0,0,0,0,0,0,0,0,0,0,0,0,0,0,0,0,0,0,0,0,0,0,0,0,0,0,0,0,0,0,-0.18653,-0.23773,-0.30525,-0.33349,-0.2885,-0.19089,-0.070655,0.03727,0.12023,0.17653,0.20575,0.21518,0.21847,0.22189,0.22419,0.2249,0.2166,0.18625,0.13455,0.07232,0.011279,-0.032327,-0.053034,-0.05191,-0.033401,-0.0086007,0.014411,0.034658,0.057649,0.08639,0.11861,0.15588,0.19045,0.19258,0.13468,0.050355,-0.0015278,0,0,0,0,0,0,0,0,-0.040813,-0.13095,-0.17484,-0.19097,-0.18522,-0.16564,-0.11969,-0.045085,0.029015,0.063513,0.046261,-0.00026433,-0.041795,-0.06266,-0.060677,-0.038041,-0.012259,0.0085749,0.03323,0.065751,0.078312,0.078611,0.033306,0.015819,0,0,0,0,0,0,0,0,0,0,0,0,0,0,0,0,0,0,0,0,0,0,0.012544,0.0174,0.021483,0.0364,0.051501,0.055372,0.040144,-0.040572,-0.26763,-0.67913,-1.1804,-1.5621,-1.6765,-1.5403,-1.2753,-1.0088,-0.80794,-0.67001,-0.56254,-0.45891,-0.35563,-0.2701,-0.2353,-0.23454,-0.23943,-0.25843,-0.28363,-0.30993,-0.33622,-0.36344,-0.39119,-0.41716,-0.43894,-0.45595,-0.47008,-0.48287,-0.49519,-0.50844,-0.522,-0.53329,-0.54019,-0.54146,-0.53767,-0.53055,-0.52176,-0.51374,-0.50889,-0.50786,-0.4732,-0.43943,-0.44111,-0.44077,-0.43785,-0.43228,-0.42447,-0.41492,-0.40434,-0.39366,-0.38346,-0.37314,-0.36144,-0.34706,-0.32972,-0.31097,-0.2928,-0.27656,-0.26216,-0.24808,-0.23346,-0.21898,-0.20639,-0.19734,-0.19221,-0.18984,-0.18823,-0.1862,-0.18405,-0.1826,-0.18241,-0.18352,-0.18543,-0.18768,-0.1904,-0.19413,-0.19917,-0.20517,-0.21141,-0.21741,-0.22339,-0.23016,-0.23838,-0.24831,-0.26039,-0.27534,-0.29299,-0.31212,-0.33166,-0.35088,-0.068159,-0.08097,-0.3923,-0.39804,-0.39678,-0.39552,-0.38826,-0.375,-0.36174,-0.34586,-0.32738,-0.30888,-0.2903,-0.27163,-0.25296,-0.23491,-0.21749,-0.20007,-0.18301,-0.16633,-0.14964,-0.13313,-0.11682,-0.10049,-0.084614,-0.069183,-0.053751,-0.039113,-0.025269,-0.011432,0.001305,0.012944,0.02458,0.03484,0.043724,0.052607,0.060105,0.066222,0.072337,0.077306,0.081135,0.084962,0.08795,0.090101,0.092251,0.093955,0.095213,0.09647,0.097632,0.098699,0.099768,0.10081,0.10182,0.10283,0.10363,0.10421,0.10479,0.10493,0.10461,0.1043,0.10336,0.1018,0.10023,0.098003,0.095104,0.092205,0.088749,0.084733,0.080719,0.076318,0.071529,0.06674,0.061725,0.056484,0.051242,0.045982,0.040702,0.035423,0.030401,0.025636,0.020871,0.016592,0.012799,0.0090065,0.0058961,0.0034686,0.0010415,-0.00055854,-0.001331,-0.0021036,-0.0020229,-0.0010877,-0.00015248,0.0016503,0.0043207,0.0069919,0.010371,0.014458,0.018546,0.02247,0.02623,0.02999,0.032172,0.032777,0.033381,0.031563,0.027322,0.02308,0.017467,0.010481,0.0034945
0,0,0,0,0,0,0,0,0,0,0,0,0,0,0,0,0,0,0,0,0,0,0,0,0,0,0,0,0,0,0,0,0,0,0,0,0,0,0,0,0,0,0,-9.6441e-06,-2.184e-05,-0.058052,-0.17409,-0.29013,-0.38327,-0.4535,-0.52373,-0.59359,-0.6631,-0.7326,-0.81593,-0.91308,-1.0102,-1.0964,-1.1715,-1.2467,-1.296,-1.3195,-1.343,-1.335,-1.2954,-1.2558,-1.1867,-1.088,-0.98938,-0.82166,-0.58487,-0.3481,-0.19463,-0.12446,-0.054297,-0.010408,0.0072088,0.024832,0.026269,0.011522,-0.0032253,-0.015931,-0.026592,-0.037254,-0.043097,-0.04412,-0.045141,-0.044292,-0.041573,-0.038853,-0.039727,-0.044194,-0.048663,-0.052976,-0.057133,-0.06129,-0.060134,-0.053662,-0.047191,-0.036129,-0.020478,-0.0048256,0.0080484,0.018142,0.028236,0.033111,0.032768,0.032423,0.031805,0.030918,0.03003,0.030189,0.031395,0.032602,0.031037,0.026702,0.022367,0.0087745,-0.014077,-0.036932,-0.059038,-0.080388,-0.10174,-0.12834,-0.1602,-0.19206,-0.22589,-0.26169,-0.29748,-0.33297,-0.36816,-0.40333,-0.43704,-0.4693,-0.50156,-0.53129,-0.55849,-0.58569,-0.60854,-0.62704,-0.64554,-0.66359,-0.68121,-0.69882,-0.70837,-0.70986,-0.70921,-0.72994,-0.75968,-0.76736,-0.7618,-0.75379,-0.74228,-0.72516,-0.69418,-0.64706,-0.60107,-0.56219,-0.523,-0.47385,-0.41492,-0.34325,-0.25607,-0.15554,-0.044927,0.068461,0.17278,0.26108,0.33371,0.37531,0.37104,0.34355,0.31002,0.2515,0.16657,0,0,0,0,0,0,0,0,0,0,0,0,0,0,0,0,0,0,0,0,0,-0.00082696,-0.0076662,-0.015299,-0.026224,-0.037149,-0.045504,-0.051292,-0.028801,-0.029151,-0.027117,0,0,0,0,0,0,0,0,0,0,0,0,0,0,0,0,0,0,0,0,0,0,0,0,0,0,0,0,0,0,0,0,0,0,0,0,0,0,0,0,0,0,0,0,0,0,0,0,0,-0.21346,-0.2461,-0.30932,-0.35829,-0.32892,-0.23978,-0.12417,-0.015337,0.07584,0.14924,0.20333,0.23379,0.23954,0.22952,0.21531,0.20788,0.20866,0.20173,0.17257,0.12903,0.075547,0.022417,-0.018705,-0.045191,-0.045092,-0.016405,0.027866,0.07003,0.10022,0.11782,0.12953,0.15291,0.19618,0.22405,0.18266,0.074231,-0.025893,0,0,0,0,0,0,0,0,-0.086398,-0.13609,-0.18375,-0.20805,-0.21954,-0.22895,-0.2066,-0.13372,-0.037737,0.024042,0.016732,-0.021474,-0.029369,-0.0051925,0.025992,0.053464,0.077275,0.098922,0.1139,0.1164,0.090546,0.056284,0.056611,0.015819,0,0,0,0,0,0,0,0,0,0,0,0,0,0,0,0,-0.28164,0,0,0,0,0,0,0.0063453,0.013313,0.036965,0.062259,0.050495,0.022497,-0.0038159,-0.10382,-0.53852,-1.0598,-1.4941,-1.6529,-1.5424,-1.2893,-1.0208,-0.81351,-0.66936,-0.56058,-0.45927,-0.35763,-0.26979,-0.22832,-0.22073,-0.22226,-0.2411,-0.2691,-0.29989,-0.32969,-0.35729,-0.38313,-0.40725,-0.42925,-0.44919,-0.46724,-0.48318,-0.49787,-0.51353,-0.52948,-0.54211,-0.54909,-0.55028,-0.54707,-0.54098,-0.53272,-0.5239,-0.51713,-0.51407,-0.47887,-0.44459,-0.44436,-0.44198,-0.43757,-0.4317,-0.42476,-0.41678,-0.40795,-0.39873,-0.38914,-0.37823,-0.3648,-0.34895,-0.33182,-0.31426,-0.29699,-0.28119,-0.26714,-0.25361,-0.23927,-0.22407,-0.20964,-0.19825,-0.19103,-0.18726,-0.18511,-0.18318,-0.18102,-0.17905,-0.17821,-0.17885,-0.18043,-0.18235,-0.18468,-0.18808,-0.19301,-0.1991,-0.20541,-0.21134,-0.21721,-0.22393,-0.23214,-0.24204,-0.25403,-0.26881,-0.28637,-0.30568,-0.32545,-0.34463,-0.064983,-0.077833,-0.38605,-0.39189,-0.3908,-0.38971,-0.38275,-0.36994,-0.35713,-0.34187,-0.32416,-0.30644,-0.28871,-0.27095,-0.2532,-0.23605,-0.21952,-0.20299,-0.18674,-0.1708,-0.15485,-0.13895,-0.1231,-0.10725,-0.091747,-0.0766,-0.061456,-0.047114,-0.033568,-0.020022,-0.0075727,0.0037835,0.01514,0.025192,0.03394,0.042688,0.050142,0.056301,0.062458,0.0675,0.071428,0.075353,0.078391,0.080541,0.08269,0.084304,0.085385,0.086465,0.087373,0.088108,0.088843,0.089535,0.090181,0.090827,0.091313,0.091638,0.091965,0.09192,0.091503,0.091087,0.090113,0.088581,0.087047,0.084895,0.082122,0.079349,0.076064,0.072268,0.068471,0.064328,0.059836,0.055345,0.050627,0.045684,0.040739,0.03577,0.030775,0.02578,0.021071,0.016646,0.012221,0.0083145,0.0049269,0.0015394,-0.0011451,-0.0031256,-0.0051057,-0.0062117,-0.0064427,-0.0066738,-0.0059834,-0.0043698,-0.0027561,-0.00025431,0.0031376,0.0065303,0.010597,0.015339,0.020082,0.024556,0.028762,0.032968,0.035403,0.036065,0.036727,0.034549,0.029531,0.024512,0.018335,0.011002,0.0036688
0,0,0,0,0,0,0,0,0,0,0,0,0,0,0,0,0,0,0,0,0,0,0,0,0,0,0,0,0,0,0,0,0,0,0,0,0,0,0,0,0,0,0,-0.023815,-0.039699,-0.10884,-0.23121,-0.35359,-0.43778,-0.48378,-0.52976,-0.58336,-0.64456,-0.70577,-0.77971,-0.86641,-0.95312,-1.03,-1.0972,-1.1643,-1.2081,-1.2284,-1.2486,-1.2428,-1.2109,-1.179,-1.1109,-1.0066,-0.90238,-0.75738,-0.57162,-0.38586,-0.25172,-0.16917,-0.086635,-0.039414,-0.027487,-0.015563,-0.016295,-0.029685,-0.043077,-0.050469,-0.051858,-0.053245,-0.051791,-0.047495,-0.043198,-0.038451,-0.033254,-0.028057,-0.027256,-0.030854,-0.034453,-0.037718,-0.040648,-0.04358,-0.041203,-0.033513,-0.025821,-0.014938,-0.00086275,0.013212,0.024955,0.034362,0.043769,0.04845,0.048404,0.048355,0.047241,0.045066,0.042892,0.042144,0.04282,0.043496,0.040673,0.034349,0.028027,0.015651,-0.0027832,-0.02122,-0.041633,-0.064021,-0.086408,-0.11318,-0.14436,-0.17554,-0.2089,-0.24444,-0.27999,-0.31568,-0.35153,-0.38737,-0.42254,-0.45704,-0.49154,-0.52376,-0.55369,-0.58362,-0.60964,-0.63173,-0.65381,-0.67484,-0.69483,-0.71481,-0.72605,-0.72854,-0.73102,-0.75032,-0.77657,-0.78279,-0.77381,-0.7622,-0.74928,-0.72922,-0.69642,-0.65293,-0.60757,-0.5682,-0.5316,-0.49672,-0.46102,-0.4019,-0.30227,-0.17008,-0.033918,0.077123,0.15849,0.22368,0.27386,0.31071,0.34849,0.3985,0.44905,0.45374,0.40206,0,0,0,0,0,0,0,0,0,0,0,0,0,0,0,0,0,0,0,0,0,0,-0.0041634,-0.0076044,-0.021367,-0.030061,-0.036949,-0.042037,0,0,0,0,0,0,0,0,0,0,0,0,0,0,0,0,0,0,0,0,0,0,0,0,0,0,0,0,0,0,0,0,0,0,0,0,0,0,0,0,0,0,0,0,0,0,0,0,0,0,0,0,-0.23824,-0.26078,-0.31549,-0.3836,-0.37042,-0.28935,-0.17974,-0.069967,0.027449,0.11113,0.1864,0.24604,0.27566,0.27552,0.24905,0.21012,0.17974,0.16984,0.16878,0.15792,0.1248,0.068754,0.010677,-0.032153,-0.039333,-0.0030401,0.059201,0.11439,0.13666,0.13531,0.13449,0.14949,0.19383,0.25438,0.25924,0.1459,-0.0308,-0.097766,0,0,0,0,0,0,-0.032034,-0.074061,-0.11266,-0.16425,-0.19988,-0.22795,-0.24996,-0.23685,-0.18,-0.11264,-0.084524,-0.10333,-0.10508,-0.038524,0.063204,0.13463,0.15638,0.16083,0.17436,0.19234,0.18888,0.14265,0.058969,0.020578,0,0,0,0,0,0,0,0,0,0,0,0,0,0,0,0,-0.28096,-0.59401,0,0,0,0,0,0,0,0.0081193,0.024357,0.0406,0.026123,0,0,0,-0.41726,-0.94837,-1.4228,-1.6207,-1.5353,-1.2971,-1.036,-0.82201,-0.66577,-0.55242,-0.45651,-0.36236,-0.27685,-0.23129,-0.21711,-0.21261,-0.22786,-0.256,-0.29011,-0.32464,-0.35495,-0.38041,-0.40323,-0.42455,-0.4445,-0.46285,-0.48038,-0.49908,-0.51905,-0.53755,-0.5511,-0.55815,-0.55958,-0.55704,-0.55173,-0.54426,-0.53558,-0.52765,-0.52232,-0.48561,-0.45032,-0.44823,-0.44373,-0.4373,-0.43012,-0.42296,-0.41577,-0.40856,-0.40121,-0.39286,-0.38203,-0.36741,-0.35025,-0.33337,-0.31715,-0.30082,-0.28501,-0.27057,-0.25706,-0.24307,-0.22789,-0.21259,-0.19945,-0.1901,-0.18446,-0.18114,-0.17861,-0.17598,-0.17364,-0.17262,-0.17318,-0.17467,-0.17636,-0.17827,-0.18118,-0.18576,-0.1917,-0.19797,-0.2039,-0.20981,-0.2166,-0.22487,-0.23483,-0.24691,-0.26166,-0.27911,-0.29846,-0.31837,-0.33751,-0.061346,-0.074388,-0.37929,-0.38539,-0.38463,-0.38388,-0.37739,-0.36519,-0.35298,-0.33846,-0.32163,-0.3048,-0.28801,-0.27128,-0.25454,-0.23838,-0.22278,-0.20719,-0.19181,-0.17663,-0.16145,-0.14622,-0.13094,-0.11565,-0.10063,-0.085877,-0.071126,-0.057141,-0.043918,-0.030691,-0.018515,-0.0073888,0.0037354,0.013641,0.022332,0.031025,0.038513,0.044795,0.051075,0.056274,0.060389,0.064503,0.067699,0.069978,0.072256,0.073922,0.074974,0.076026,0.076812,0.07733,0.07785,0.078291,0.078653,0.079016,0.079258,0.079379,0.079501,0.079314,0.078818,0.078321,0.077335,0.075856,0.074378,0.072345,0.069757,0.067169,0.064117,0.060601,0.057085,0.053252,0.049101,0.04495,0.040589,0.036017,0.031445,0.026852,0.022237,0.017623,0.013293,0.0092446,0.0051965,0.0016632,-0.0013552,-0.0043738,-0.0066921,-0.0083098,-0.009927,-0.01065,-0.010478,-0.010305,-0.0091595,-0.0070395,-0.0049189,-0.001859,0.0021421,0.0061442,0.010835,0.016216,0.021596,0.02664,0.031349,0.036057,0.038813,0.039615,0.040417,0.038183,0.032916,0.027647,0.020844,0.012508,0.0018782
0,0,0,0,0,0,0,0,0,0,0,0,0,0,0,0,0,0,0,0,0,0,0,0,0,0,0,0,0,0,0,0,0,0,0,0,0,0,0,0,0,0,-0.015865,-0.071402,-0.11901,-0.18716,-0.27584,-0.36452,-0.42981,-0.47169,-0.51357,-0.56176,-0.61624,-0.67073,-0.73348,-0.8045,-0.87553,-0.93933,-0.99591,-1.0525,-1.0894,-1.1065,-1.1236,-1.1225,-1.1031,-1.0838,-1.0252,-0.92742,-0.82964,-0.70526,-0.55427,-0.40329,-0.28815,-0.20886,-0.12961,-0.083391,-0.0702,-0.057014,-0.054641,-0.063082,-0.071525,-0.073185,-0.068056,-0.062926,-0.055472,-0.045689,-0.035907,-0.027174,-0.01949,-0.011807,-0.0085289,-0.0096592,-0.010791,-0.012041,-0.013411,-0.014781,-0.011408,-0.0032878,0.0048321,0.015615,0.029062,0.042507,0.053509,0.062069,0.070627,0.073688,0.07125,0.06881,0.065394,0.061,0.05661,0.053982,0.053115,0.052249,0.047535,0.03897,0.030405,0.017945,0.0015911,-0.014765,-0.03474,-0.058329,-0.081915,-0.10902,-0.13964,-0.17026,-0.20295,-0.2377,-0.27245,-0.30752,-0.34291,-0.37831,-0.41426,-0.45076,-0.48726,-0.52184,-0.5545,-0.58716,-0.61686,-0.64358,-0.6703,-0.69302,-0.71173,-0.73044,-0.74014,-0.74084,-0.74153,-0.75979,-0.78551,-0.79081,-0.779,-0.7644,-0.74846,-0.7282,-0.70248,-0.66441,-0.62206,-0.58275,-0.5529,-0.53733,-0.51686,-0.4606,-0.34003,-0.16512,-0.011898,0.074385,0.12517,0.18116,0.23499,0.26388,0.29968,0.37325,0.47992,0.57031,0.60378,0.31832,0.23664,0,0,0,0,0,0,0,0,0,0,0,0,0,0,0,0,0,0,0,0,0,0,-0.0085468,-0.012025,-0.014779,-0.016814,0,0,0,0,0,0,0,0,0,0,0,0,0,0,0,0,0,0,0,0,0,0,0,0,0,0,0,0,0,0,0,0,0,0,0,0,0,0,0,0,0,0,0,0,0,0,0,0,0,0,0,-0.11001,-0.27426,-0.29348,-0.32963,-0.39689,-0.40323,-0.33801,-0.24145,-0.13114,-0.02121,0.076895,0.17118,0.25934,0.32118,0.34586,0.32152,0.25662,0.18713,0.14798,0.1411,0.14148,0.12666,0.088177,0.043536,0.01128,0.0095635,0.044636,0.097514,0.13782,0.13919,0.12131,0.11117,0.12469,0.1916,0.30071,0.35438,0.23025,-0.037706,-0.27524,-0.23096,-0.1695,-0.091524,-0.046942,-0.030589,-0.027213,-0.048724,-0.035732,-0.058857,-0.11333,-0.17198,-0.22363,-0.24545,-0.22573,-0.18713,-0.17354,-0.20528,-0.24041,-0.19313,-0.051221,0.10455,0.20347,0.23384,0.22709,0.22357,0.24264,0.25824,0.21546,0.08905,-0.02053,0,0,0,0,0,0,0,0,0,0,0,0,0,0,0,-0.22426,-0.57849,-0.63859,0,0,0,0,0,0,0,0,0,0,0,0,0,0,-0.47854,-0.9139,-1.3383,-1.5665,-1.5162,-1.3002,-1.0465,-0.82661,-0.66078,-0.5428,-0.45018,-0.36394,-0.28613,-0.24219,-0.22348,-0.21205,-0.22156,-0.24729,-0.28249,-0.31994,-0.35296,-0.38002,-0.40331,-0.42437,-0.44364,-0.46118,-0.47943,-0.50099,-0.52386,-0.54405,-0.55878,-0.56725,-0.57021,-0.56832,-0.56297,-0.55586,-0.54784,-0.53958,-0.53223,-0.49335,-0.45609,-0.45194,-0.44579,-0.4376,-0.42855,-0.42009,-0.41272,-0.40627,-0.4002,-0.39309,-0.38285,-0.36832,-0.35135,-0.33501,-0.31962,-0.30397,-0.2882,-0.27325,-0.25927,-0.24538,-0.23061,-0.2153,-0.20122,-0.19012,-0.18247,-0.17735,-0.17339,-0.16988,-0.16715,-0.16595,-0.16645,-0.16801,-0.16974,-0.17145,-0.17394,-0.17797,-0.18345,-0.18947,-0.19537,-0.20138,-0.20828,-0.21665,-0.22675,-0.23897,-0.25379,-0.27124,-0.29054,-0.31043,-0.32953,-0.057276,-0.070624,-0.37202,-0.37852,-0.37827,-0.37803,-0.37218,-0.36072,-0.34926,-0.33562,-0.31979,-0.30395,-0.28822,-0.2726,-0.25698,-0.24187,-0.22728,-0.21269,-0.1982,-0.18383,-0.16945,-0.15495,-0.14032,-0.12569,-0.11126,-0.097007,-0.08276,-0.069196,-0.056316,-0.043435,-0.031521,-0.020578,-0.0096402,0.00018649,0.0088996,0.017613,0.025215,0.031702,0.038188,0.043627,0.04802,0.052413,0.055877,0.058413,0.060949,0.062804,0.063979,0.065153,0.065949,0.066367,0.066786,0.067075,0.067233,0.067393,0.067458,0.067429,0.067402,0.067111,0.066557,0.066003,0.065027,0.063627,0.062226,0.060353,0.05801,0.055666,0.052907,0.049733,0.04656,0.04309,0.039322,0.035555,0.031609,0.027484,0.023358,0.019226,0.015088,0.010951,0.0070652,0.0034313,-0.00020276,-0.0033627,-0.0060482,-0.0087339,-0.010746,-0.012085,-0.013423,-0.013873,-0.013436,-0.012998,-0.011552,-0.0090965,-0.0066404,-0.0031642,0.0013342,0.0058336,0.011084,0.017086,0.023088,0.028722,0.03399,0.039257,0.042402,0.043426,0.04445,0.042466,0.037476,0.032485,0.024993,0.014998,0
0,0,0,0,0,0,0,0,0,0,0,0,0,0,0,0,0,0,0,0,0,0,0,0,0,0,0,0,0,0,0,0,0,0,0,0,0,0,0,0,-6.148e-06,-8.0416e-06,-0.039661,-0.11897,-0.1983,-0.26546,-0.32045,-0.37544,-0.42183,-0.45959,-0.49736,-0.54014,-0.5879,-0.63568,-0.68725,-0.74259,-0.79793,-0.84862,-0.89465,-0.9407,-0.97068,-0.9846,-0.99853,-1.0021,-0.99534,-0.98856,-0.93952,-0.84823,-0.75692,-0.65315,-0.53693,-0.42071,-0.3246,-0.24859,-0.1726,-0.12737,-0.11292,-0.098469,-0.09299,-0.096484,-0.099981,-0.095909,-0.08426,-0.072615,-0.059159,-0.043893,-0.028627,-0.015906,-0.0057331,0.0044379,0.010192,0.011529,0.012866,0.013631,0.013821,0.014012,0.018382,0.026932,0.035479,0.046162,0.058979,0.071793,0.082056,0.089767,0.097476,0.098918,0.094092,0.089267,0.083548,0.076939,0.070335,0.065826,0.063415,0.061009,0.054404,0.043597,0.03279,0.020249,0.005974,-0.0083035,-0.027841,-0.052633,-0.077422,-0.10485,-0.13493,-0.165,-0.19701,-0.23096,-0.26492,-0.29937,-0.3343,-0.36924,-0.40597,-0.44447,-0.48297,-0.51992,-0.55532,-0.59072,-0.62409,-0.65545,-0.6868,-0.7112,-0.72863,-0.74606,-0.75423,-0.75313,-0.75225,-0.76901,-0.7917,-0.78873,-0.7717,-0.75946,-0.74955,-0.73769,-0.7178,-0.68308,-0.63811,-0.59222,-0.56943,-0.56605,-0.54869,-0.48041,-0.33683,-0.15525,-0.025261,0.024381,0.060822,0.1295,0.20501,0.24858,0.27074,0.3198,0.42908,0.56696,0.67636,0.6894,0.5886,0.28957,0,0,0,0,0,0,0,0,0,0,0,0,0,0,0,0,0,0,0,0,0,0,0,0,0,0,0,0,0,0,0,0,0,0,0,0,0,0,0,0,0,0,0,0,0,0,0,0,0,0,0,0,0,0,0,0,0,0,0,0,0,0,0,0,0,0,0,0,0,0,0,0,0,0,0,0,-0.11001,-0.14395,-0.32349,-0.35467,-0.40881,-0.42637,-0.38798,-0.31399,-0.20204,-0.065099,0.063674,0.17946,0.28268,0.35973,0.39854,0.386,0.32453,0.24018,0.16794,0.12595,0.10764,0.098838,0.092235,0.08627,0.082938,0.088661,0.10565,0.12364,0.1273,0.10308,0.07659,0.070416,0.098992,0.1973,0.34463,0.41419,0.26802,-0.073392,-0.41776,-0.53516,-0.40013,-0.17695,-0.046942,-0.030589,-0.027213,-0.023044,-0.0088073,-0.010075,-0.06215,-0.15253,-0.23423,-0.2539,-0.21842,-0.18523,-0.20484,-0.26563,-0.29157,-0.21478,-0.057592,0.099469,0.20585,0.2562,0.25983,0.25231,0.27712,0.3168,0.28783,0.14268,-0.028845,0,0,0,0,0,0,0,0,0,0,0,0,0,0,-0.13094,-0.42699,-0.56428,-0.62101,-0.25778,-0.19471,0,0,0,0,0,0,0,0,0,0,0,0,-0.57099,-0.89963,-1.2404,-1.4897,-1.4814,-1.2963,-1.0525,-0.83213,-0.661,-0.53771,-0.44436,-0.36305,-0.29377,-0.25495,-0.23523,-0.21927,-0.22374,-0.24592,-0.27945,-0.31648,-0.35059,-0.37939,-0.40383,-0.42552,-0.44569,-0.46494,-0.48459,-0.5061,-0.5283,-0.54844,-0.56431,-0.57514,-0.58035,-0.57938,-0.5741,-0.56746,-0.56049,-0.55242,-0.54299,-0.51708,-0.47715,-0.45514,-0.44805,-0.43877,-0.42795,-0.41752,-0.40904,-0.40248,-0.39679,-0.39015,-0.38041,-0.36695,-0.35138,-0.33587,-0.32105,-0.30622,-0.29097,-0.27584,-0.26141,-0.24736,-0.2327,-0.21733,-0.20263,-0.19024,-0.18083,-0.17379,-0.16807,-0.16325,-0.15971,-0.15807,-0.15845,-0.16011,-0.16202,-0.16387,-0.1662,-0.16973,-0.17458,-0.1802,-0.18602,-0.19214,-0.19916,-0.20764,-0.2179,-0.23028,-0.24511,-0.26255,-0.2821,-0.30229,-0.32153,-0.053296,-0.066913,-0.36476,-0.37165,-0.37191,-0.37218,-0.36696,-0.35625,-0.34555,-0.33278,-0.31794,-0.3031,-0.28843,-0.27392,-0.25942,-0.24537,-0.23178,-0.21819,-0.2046,-0.19103,-0.17745,-0.16367,-0.14971,-0.13574,-0.12188,-0.10813,-0.094394,-0.081254,-0.068714,-0.056171,-0.044521,-0.033767,-0.023016,-0.01327,-0.0045342,0.0042013,0.011917,0.01861,0.025302,0.030981,0.035652,0.040321,0.044052,0.046847,0.049642,0.051687,0.052984,0.054281,0.055088,0.055405,0.055722,0.055859,0.055814,0.055769,0.055658,0.055479,0.055302,0.054907,0.054295,0.053684,0.052719,0.051399,0.050075,0.048363,0.046263,0.044164,0.041697,0.038866,0.036035,0.032927,0.029544,0.02616,0.02263,0.018951,0.015272,0.011601,0.00794,0.0042788,0.0008381,-0.0023817,-0.0056014,-0.0083877,-0.01074,-0.013093,-0.014799,-0.015859,-0.016919,-0.017097,-0.016394,-0.015691,-0.013944,-0.011152,-0.0083613,-0.0044685,0.00052695,0.005523,0.011333,0.017957,0.024581,0.030807,0.036631,0.042457,0.045992,0.047238,0.048482,0.046749,0.042037,0.037324,0.029141,0.017486,0
0,0,0,0,0,0,0,0,0,0,0,0,0,0,0,0,0,0,0,0,0,0,0,0,0,0,0,0,0,0,0,0,0,0,0,0,0,0,0,0,-0.010413,-0.014114,-0.05998,-0.14802,-0.23606,-0.29835,-0.33489,-0.37142,-0.40691,-0.44134,-0.47578,-0.51348,-0.55445,-0.59543,-0.63749,-0.68061,-0.72374,-0.76354,-0.80004,-0.83651,-0.86378,-0.88187,-0.89996,-0.91095,-0.91483,-0.9187,-0.88034,-0.79972,-0.71909,-0.63161,-0.53727,-0.44294,-0.36223,-0.2951,-0.22797,-0.18564,-0.1681,-0.15057,-0.14074,-0.13862,-0.13651,-0.12707,-0.11031,-0.093548,-0.07523,-0.055364,-0.035498,-0.018635,-0.0047883,0.0090556,0.018301,0.022942,0.027583,0.030834,0.032696,0.034557,0.039212,0.046663,0.054113,0.063307,0.074244,0.08518,0.094636,0.10261,0.11059,0.11339,0.11102,0.10865,0.10474,0.099298,0.093856,0.089136,0.085141,0.081149,0.072385,0.058845,0.045306,0.03113,0.016314,0.001498,-0.018596,-0.043969,-0.069337,-0.0968,-0.12636,-0.15593,-0.18751,-0.22113,-0.25476,-0.28956,-0.32553,-0.36149,-0.40044,-0.44235,-0.48425,-0.52466,-0.56358,-0.60249,-0.6388,-0.67252,-0.70622,-0.72972,-0.74301,-0.7563,-0.76122,-0.75778,-0.75455,-0.76679,-0.78711,-0.77849,-0.75827,-0.75263,-0.75386,-0.75615,-0.73551,-0.69227,-0.6387,-0.58894,-0.5711,-0.56748,-0.52614,-0.41786,-0.27691,-0.16931,-0.11755,-0.088967,-0.021323,0.086757,0.17621,0.22662,0.25073,0.28496,0.3703,0.50113,0.62737,0.71909,0.74892,0.69493,0.35736,0,0,0,0,0,0,0,0,0,0,0,0,0,0,0,0,0,0,0,0,0,0,0,0,0,0,0,0,0,0,0,0,0,0,0,0,0,0,0,0,0,0,0,0,0,0,0,0,0,0,0,0,0,0,0,0,0,0,0,0,0,0,0,0,0,0,0,0,0,0,0,0,0,0,0,0,0,-0.34932,-0.40094,-0.44318,-0.45373,-0.44296,-0.3954,-0.27603,-0.098137,0.078979,0.22131,0.3239,0.38998,0.42663,0.42695,0.38433,0.30789,0.22304,0.14898,0.099736,0.088161,0.10628,0.13328,0.15374,0.15896,0.14977,0.1311,0.10109,0.055098,0.019532,0.02766,0.082812,0.19081,0.32343,0.36518,0.20863,-0.13123,-0.47316,-0.57545,-0.23063,-0.085424,0,0,0,-0.016447,-0.010358,0.000333,-0.047293,-0.16404,-0.26769,-0.2836,-0.23667,-0.20144,-0.21789,-0.25816,-0.25314,-0.17414,-0.053131,0.068124,0.16577,0.22731,0.25667,0.27365,0.31074,0.36395,0.34996,0.20417,-0.0049634,0,0,0,0,0,0,0,0,0,0,0,0,0,0,-0.21879,-0.35864,-0.48272,-0.54708,-0.51695,-0.42456,0,0,0,0,0,0,0,0,0,0,0,0,-0.53462,-0.83303,-1.1408,-1.402,-1.4328,-1.28,-1.0533,-0.84164,-0.66906,-0.54018,-0.44507,-0.36641,-0.30162,-0.25557,-0.23685,-0.23073,-0.23364,-0.25344,-0.28371,-0.31781,-0.35053,-0.37834,-0.40221,-0.42523,-0.44916,-0.47342,-0.49591,-0.51602,-0.53479,-0.55249,-0.56835,-0.58135,-0.58926,-0.59001,-0.58543,-0.57965,-0.57403,-0.56633,-0.55483,-0.54127,-0.49849,-0.45885,-0.45085,-0.44091,-0.42871,-0.41631,-0.40612,-0.39855,-0.39218,-0.38499,-0.37547,-0.36342,-0.34964,-0.3354,-0.32135,-0.307,-0.29198,-0.27683,-0.26225,-0.24818,-0.23378,-0.21864,-0.20354,-0.18991,-0.17873,-0.16978,-0.16238,-0.15639,-0.15207,-0.14978,-0.14957,-0.15083,-0.15277,-0.15496,-0.15748,-0.16077,-0.16513,-0.17034,-0.17604,-0.18226,-0.1894,-0.19798,-0.20835,-0.22082,-0.23562,-0.25307,-0.27283,-0.29327,-0.3127,-0.048913,-0.062893,-0.35691,-0.36431,-0.3652,-0.3661,-0.36163,-0.3518,-0.34196,-0.33017,-0.31641,-0.30265,-0.2891,-0.27579,-0.26247,-0.24956,-0.23706,-0.22456,-0.21197,-0.19929,-0.18661,-0.17365,-0.16044,-0.14722,-0.13402,-0.12083,-0.10765,-0.094956,-0.082748,-0.070536,-0.059122,-0.048505,-0.037887,-0.028173,-0.019366,-0.010559,-0.0026843,0.0042553,0.011192,0.017158,0.022156,0.027154,0.031211,0.034326,0.037443,0.039757,0.041266,0.042776,0.043711,0.044075,0.044438,0.044565,0.044456,0.044348,0.044172,0.043928,0.043684,0.04326,0.042655,0.042051,0.04115,0.039951,0.038751,0.037229,0.035386,0.033543,0.031384,0.028911,0.026438,0.023719,0.020754,0.01779,0.014709,0.011512,0.0083144,0.0051402,0.0019894,-0.0011614,-0.0041178,-0.0068795,-0.0096412,-0.012016,-0.014004,-0.015991,-0.017385,-0.018184,-0.018983,-0.018944,-0.018067,-0.017189,-0.015246,-0.012237,-0.0092272,-0.0050154,0.00039933,0.0058154,0.012123,0.019322,0.026521,0.033273,0.039578,0.045883,0.049766,0.051223,0.052681,0.050969,0.046089,0.041208,0.032307,0.019386,0.0033417
0,0,0,0,0,0,0,0,0,0,0,0,0,0,0,0,0,0,0,0,0,0,0,0,0,0,0,0,0,0,0,0,0,0,0,0,0,0,0,-0.013413,-0.031215,-0.042312,-0.08475,-0.15853,-0.2323,-0.28584,-0.31916,-0.35246,-0.38506,-0.41694,-0.44882,-0.48179,-0.51588,-0.54999,-0.58421,-0.61858,-0.65294,-0.68408,-0.71203,-0.73996,-0.76871,-0.79829,-0.82786,-0.84896,-0.86158,-0.87419,-0.84764,-0.7819,-0.71617,-0.64065,-0.55532,-0.47001,-0.40103,-0.34837,-0.29573,-0.2582,-0.23575,-0.21331,-0.1979,-0.1895,-0.18111,-0.16667,-0.14619,-0.12572,-0.10368,-0.080095,-0.056513,-0.035363,-0.016654,0.0020515,0.015801,0.024584,0.033364,0.039574,0.043213,0.046852,0.051084,0.055911,0.060738,0.067055,0.074863,0.082672,0.091255,0.10061,0.10997,0.11711,0.12204,0.12697,0.12898,0.12807,0.12717,0.12391,0.11828,0.11266,0.10147,0.084712,0.06795,0.050583,0.032608,0.014635,-0.0070135,-0.032336,-0.057659,-0.084867,-0.11396,-0.14306,-0.17448,-0.20823,-0.24198,-0.2781,-0.31658,-0.35505,-0.39765,-0.44437,-0.49109,-0.53606,-0.57928,-0.62249,-0.66099,-0.69479,-0.72857,-0.7486,-0.75489,-0.76116,-0.76113,-0.75479,-0.74844,-0.75872,-0.77382,-0.77127,-0.75725,-0.74937,-0.75872,-0.76498,-0.73827,-0.67998,-0.62066,-0.58464,-0.57507,-0.54312,-0.43274,-0.28299,-0.21816,-0.26353,-0.30746,-0.2411,-0.076911,0.069681,0.13497,0.16232,0.20493,0.27123,0.35482,0.44645,0.53937,0.65175,0.77511,0.84919,0.82898,0.43062,0,0,0,0,0,0,0,0,0,0,0,0,0,0,0,0,0,0,0,0,0,0,0,0,0,0,0,0,0,0,0,0,0,0,0,0,0,0,0,0,0,0,0,0,0,0,0,0,0,0,0,0,0,0,0,0,0,0,0,0,0,0,0,0,0,0,0,0,0,0,0,0,0,0,0,0,-0.38005,-0.46222,-0.50517,-0.50633,-0.50121,-0.46168,-0.33059,-0.11668,0.11007,0.28165,0.37957,0.4284,0.45361,0.45757,0.42808,0.36644,0.29042,0.20744,0.142,0.12326,0.1446,0.17485,0.19363,0.18887,0.16101,0.12398,0.080882,0.029092,-0.012995,-0.005911,0.050292,0.13575,0.21055,0.1983,0.059812,-0.18425,-0.41173,-0.27126,0,0,0,0,0,-0.010092,-0.015416,-0.02223,-0.074638,-0.18585,-0.28489,-0.30241,-0.26085,-0.22991,-0.23238,-0.23472,-0.19912,-0.12344,-0.035141,0.046274,0.12195,0.18811,0.24459,0.29199,0.34125,0.38786,0.37128,0.23223,0.032969,-0.020162,-0.011109,0,0,0,0,0,0,0,0,0,0,0,0,-0.14173,-0.25389,-0.36894,-0.46525,-0.51856,-0.50376,0,0,0,-0.01112,-0.0061189,0,0,0,0,0,0,0,-0.51192,-0.7805,-1.059,-1.3242,-1.3825,-1.259,-1.0523,-0.84981,-0.67922,-0.55044,-0.45569,-0.37733,-0.31158,-0.25403,-0.23663,-0.24382,-0.24869,-0.26824,-0.29623,-0.32686,-0.3555,-0.37911,-0.39985,-0.42344,-0.45226,-0.48294,-0.50967,-0.5295,-0.54454,-0.5582,-0.57219,-0.58592,-0.59619,-0.59943,-0.59666,-0.59297,-0.58929,-0.58144,-0.56733,-0.53495,-0.4897,-0.46368,-0.4544,-0.44355,-0.42998,-0.4158,-0.40392,-0.39493,-0.38716,-0.37881,-0.36906,-0.35783,-0.34564,-0.33294,-0.31948,-0.30494,-0.28948,-0.27391,-0.25922,-0.24565,-0.23243,-0.21851,-0.20371,-0.18902,-0.17569,-0.16449,-0.15556,-0.14888,-0.14429,-0.14142,-0.14009,-0.14032,-0.14188,-0.1443,-0.1472,-0.15062,-0.1548,-0.15978,-0.16541,-0.17171,-0.17899,-0.18765,-0.19806,-0.2105,-0.22537,-0.24305,-0.26298,-0.28351,-0.30309,-0.044144,-0.058556,-0.34849,-0.35648,-0.35814,-0.35979,-0.3562,-0.34736,-0.33851,-0.32779,-0.31519,-0.30258,-0.29025,-0.27818,-0.26612,-0.25444,-0.24312,-0.2318,-0.22029,-0.20861,-0.19693,-0.18489,-0.17252,-0.16014,-0.14767,-0.1351,-0.12253,-0.1103,-0.098419,-0.086533,-0.075322,-0.064789,-0.054256,-0.044523,-0.035596,-0.026668,-0.018591,-0.011368,-0.004144,0.0021577,0.007535,0.012914,0.017354,0.020853,0.024353,0.027011,0.028825,0.030638,0.031821,0.032376,0.032931,0.033193,0.033161,0.03313,0.033001,0.032776,0.032551,0.032171,0.031637,0.031103,0.03032,0.029287,0.028255,0.026952,0.025378,0.023804,0.021968,0.019869,0.01777,0.015465,0.012953,0.010442,0.0078464,0.0051658,0.002485,-0.00015825,-0.0027643,-0.0053702,-0.0078031,-0.010063,-0.012323,-0.014248,-0.015838,-0.017429,-0.018503,-0.01906,-0.019618,-0.019416,-0.018455,-0.017494,-0.015459,-0.012349,-0.0092383,-0.0048048,0.00095203,0.006711,0.013454,0.02118,0.028906,0.036122,0.04283,0.049537,0.053721,0.055383,0.057044,0.055127,0.049631,0.044136,0.03449,0.020695,0.0069018
0,0,0,0,0,0,0,0,0,0,0,0,0,0,0,0,0,0,0,0,0,0,0,0,0,0,0,0,0,0,0,0,0,0,0,0,0,0,0,-0.033527,-0.05201,-0.070498,-0.1095,-0.16902,-0.22853,-0.27334,-0.30343,-0.3335,-0.36321,-0.39253,-0.42185,-0.4501,-0.47732,-0.50454,-0.53095,-0.55655,-0.58215,-0.60464,-0.62404,-0.64343,-0.67365,-0.71471,-0.75577,-0.78697,-0.80832,-0.82967,-0.81493,-0.76409,-0.71324,-0.64968,-0.57339,-0.4971,-0.43985,-0.40166,-0.36348,-0.33073,-0.30339,-0.27606,-0.25505,-0.24037,-0.22571,-0.20628,-0.18209,-0.1579,-0.13215,-0.10483,-0.077533,-0.0521,-0.028526,-0.004954,0.013297,0.026218,0.039139,0.048309,0.053726,0.059142,0.062952,0.065156,0.06736,0.070802,0.075481,0.080161,0.087871,0.098613,0.10935,0.12083,0.13305,0.14528,0.1532,0.15684,0.16047,0.15867,0.15141,0.14416,0.13055,0.11057,0.090586,0.070032,0.048901,0.027772,0.0045674,-0.020704,-0.045979,-0.072931,-0.10156,-0.13018,-0.16144,-0.19532,-0.22919,-0.26663,-0.30762,-0.34861,-0.39487,-0.4464,-0.49792,-0.54745,-0.59497,-0.64248,-0.68317,-0.71705,-0.75091,-0.76748,-0.76675,-0.76602,-0.76103,-0.75179,-0.74254,-0.74839,-0.7641,-0.76644,-0.74956,-0.73852,-0.75037,-0.75593,-0.72433,-0.65629,-0.59905,-0.58906,-0.59247,-0.51575,-0.32199,-0.15204,-0.20545,-0.42527,-0.52662,-0.36871,-0.093004,0.074765,0.086614,0.070468,0.13887,0.27164,0.38168,0.44671,0.49412,0.57566,0.72033,0.88339,0.99003,0.96932,0.47165,0.32958,0.19271,0,0,0,0,0,0,0,0,0,0,0,0,0,0,0,0,0,0,0,0,0,0,0,0,0,0,0,0,0,0,0,0,0,0,0,0,0,0,0,0,0,0,0,0,0,0,0,0,0,0,0,0,0,0,0,0,0,0,0,0,0,0,0,0,0,0,0,0,0,0,0,0,0,-0.41454,-0.52988,-0.59318,-0.58742,-0.55546,-0.49011,-0.33997,-0.10639,0.14545,0.33313,0.42934,0.46683,0.4788,0.47872,0.45904,0.4152,0.35304,0.27875,0.21741,0.19181,0.19768,0.20849,0.20511,0.18134,0.14257,0.10383,0.065069,0.029397,0.0035614,-0.0013257,0.025625,0.052231,0.034402,-0.028007,-0.10757,-0.20857,-0.29411,0,0,0,0,0,0,0,-0.023897,-0.065652,-0.12898,-0.20637,-0.271,-0.28716,-0.26739,-0.2571,-0.25709,-0.23315,-0.17045,-0.087805,-0.01286,0.045468,0.10242,0.16727,0.23512,0.29956,0.35529,0.38601,0.35462,0.23648,0.078378,-0.013415,-0.0090161,0,0,0,0,0,0,0,0,0,0,0,0,-0.11203,-0.14391,-0.24401,-0.37878,-0.50725,-0.56224,-0.2515,-0.16643,-0.089403,-0.059956,-0.025406,0,0,0,0,0,0,0,-0.43918,-0.68409,-0.99031,-1.2551,-1.3327,-1.2376,-1.0521,-0.85625,-0.6886,-0.56014,-0.47024,-0.39715,-0.3266,-0.26432,-0.24748,-0.25865,-0.26677,-0.28783,-0.31526,-0.34307,-0.36663,-0.38463,-0.40113,-0.4238,-0.45535,-0.49084,-0.5221,-0.54412,-0.55811,-0.56763,-0.57698,-0.58845,-0.59948,-0.6059,-0.60757,-0.60814,-0.60649,-0.59704,-0.57916,-0.52876,-0.48186,-0.46928,-0.45833,-0.44599,-0.4312,-0.41591,-0.40259,-0.39181,-0.38219,-0.37238,-0.36198,-0.35126,-0.34067,-0.32944,-0.31628,-0.3007,-0.28327,-0.26577,-0.25038,-0.23791,-0.22721,-0.21598,-0.20262,-0.18731,-0.17153,-0.15749,-0.14683,-0.13964,-0.13512,-0.13212,-0.1299,-0.12886,-0.12952,-0.13171,-0.13487,-0.13862,-0.14304,-0.14823,-0.15406,-0.16048,-0.16778,-0.17645,-0.18687,-0.19931,-0.21429,-0.23238,-0.25286,-0.27377,-0.29353,-0.039408,-0.054259,-0.34007,-0.34866,-0.35107,-0.35348,-0.35076,-0.34291,-0.33506,-0.32541,-0.31396,-0.30252,-0.29139,-0.28058,-0.26978,-0.25931,-0.24917,-0.23903,-0.22862,-0.21794,-0.20725,-0.19614,-0.1846,-0.17307,-0.16132,-0.14936,-0.13741,-0.12565,-0.11409,-0.10253,-0.091522,-0.081073,-0.070627,-0.060876,-0.051827,-0.042781,-0.034504,-0.026995,-0.019482,-0.012844,-0.0070855,-0.001329,0.0034921,0.0073787,0.011264,0.014264,0.016382,0.018499,0.01993,0.020676,0.021424,0.02182,0.021865,0.021911,0.02183,0.021622,0.021417,0.021082,0.020618,0.020155,0.019491,0.018625,0.017759,0.016674,0.01537,0.014066,0.012552,0.010827,0.0091019,0.0072106,0.005153,0.0030951,0.00098421,-0.0011799,-0.003344,-0.0054566,-0.0075178,-0.0095788,-0.011488,-0.013247,-0.015005,-0.01648,-0.017673,-0.018865,-0.01962,-0.019936,-0.020252,-0.019888,-0.018843,-0.017798,-0.015671,-0.01246,-0.0092484,-0.0045932,0.0015065,0.0076075,0.014785,0.023038,0.031291,0.038972,0.046082,0.053191,0.057678,0.059543,0.061408,0.059287,0.053176,0.047064,0.036675,0.022006,0.0073401
0,0,0,0,0,0,0,0,0,0,0,0,0,0,0,0,0,0,0,0,0,0,0,0,0,0,0,0,0,0,0,0,0,0,0,0,0,-0.0059701,-0.0099499,-0.037612,-0.059819,-0.082023,-0.11765,-0.1667,-0.21575,-0.25454,-0.28305,-0.31157,-0.33926,-0.36614,-0.39302,-0.41767,-0.44012,-0.46257,-0.48343,-0.5027,-0.52198,-0.53986,-0.55632,-0.57279,-0.6031,-0.64726,-0.69144,-0.7265,-0.75246,-0.77842,-0.77271,-0.73532,-0.69792,-0.64803,-0.58563,-0.52323,-0.47823,-0.45064,-0.42304,-0.39532,-0.36746,-0.33959,-0.31529,-0.29453,-0.27379,-0.25032,-0.22414,-0.19796,-0.16949,-0.13872,-0.10795,-0.078454,-0.050218,-0.021987,0.00077409,0.01805,0.03532,0.047705,0.055203,0.062703,0.066709,0.067218,0.067727,0.069254,0.071798,0.074341,0.081118,0.092131,0.10314,0.11615,0.13114,0.14614,0.15661,0.16257,0.16853,0.16775,0.16025,0.15275,0.13875,0.11826,0.09777,0.076256,0.053722,0.031189,0.007919,-0.016076,-0.04007,-0.06561,-0.092697,-0.11979,-0.14993,-0.18313,-0.21633,-0.25418,-0.29668,-0.33918,-0.38736,-0.44121,-0.49506,-0.54759,-0.5988,-0.65002,-0.69226,-0.72551,-0.75876,-0.77336,-0.76931,-0.76525,-0.75787,-0.74716,-0.73646,-0.74128,-0.75878,-0.76008,-0.73802,-0.71968,-0.72389,-0.72956,-0.70423,-0.64224,-0.59229,-0.60027,-0.61512,-0.5202,-0.28525,-0.11131,-0.23629,-0.54792,-0.65504,-0.43177,-0.11709,0.049671,0.037023,0.0046869,0.094077,0.28299,0.4422,0.50859,0.52624,0.55973,0.66545,0.84389,1.0207,1.1115,1.0489,0.81506,0.52397,0,0,0,0,0,0,0,0,0,0,0,0,0,0,0,0,0,0,0,0,0,0,0,0,0,0,0,0,0,0,0,0,0,0,0,0,0,0,0,0,0,0,0,0,0,0,0,0,0,0,0,0,0,0,0,0,0,0,0,0,0,0,0,0,0,0,0,0,0,0,0,0,0,-0.45188,-0.58803,-0.66988,-0.66821,-0.60087,-0.4772,-0.28855,-0.055682,0.1764,0.35244,0.45123,0.49033,0.49639,0.49084,0.47824,0.45058,0.4039,0.34762,0.29894,0.26901,0.25351,0.23681,0.20567,0.15926,0.10981,0.073841,0.048866,0.040201,0.039825,0.024049,0.0060132,-0.045074,-0.13929,-0.20731,-0.21146,-0.1957,-0.11526,0,0,0,0,0,0,0,-0.049065,-0.11608,-0.18573,-0.22837,-0.24537,-0.24891,-0.26065,-0.28459,-0.28897,-0.24637,-0.16157,-0.068116,0.0039784,0.05193,0.10197,0.16117,0.22498,0.29207,0.34493,0.37275,0.34777,0.25128,0.11897,0.029381,0.0072543,0.0048409,0,0,0,0,0,0,0,0,0,0,0,-0.13812,-0.15148,-0.22073,-0.31821,-0.46408,-0.56147,-0.51027,-0.37183,-0.22557,-0.13823,-0.074452,0,0,0,0,0,0,0,-0.40665,-0.62983,-0.91698,-1.1795,-1.2793,-1.217,-1.0541,-0.86476,-0.69915,-0.5715,-0.48858,-0.42271,-0.34828,-0.28107,-0.26408,-0.27763,-0.28726,-0.30995,-0.33773,-0.36363,-0.38321,-0.39641,-0.40926,-0.43002,-0.46055,-0.49687,-0.53189,-0.55829,-0.57373,-0.58036,-0.58423,-0.59149,-0.6018,-0.61147,-0.61946,-0.62553,-0.6249,-0.61218,-0.57413,-0.52107,-0.48884,-0.47518,-0.46258,-0.44848,-0.43265,-0.41669,-0.40203,-0.38917,-0.37747,-0.36599,-0.3548,-0.34497,-0.33648,-0.32708,-0.31391,-0.29561,-0.27376,-0.25228,-0.23517,-0.22393,-0.21693,-0.21039,-0.20044,-0.18548,-0.1672,-0.14959,-0.1362,-0.1279,-0.12337,-0.12063,-0.1183,-0.11649,-0.11609,-0.11744,-0.12029,-0.12429,-0.12933,-0.13526,-0.14164,-0.14826,-0.15555,-0.16424,-0.17473,-0.18725,-0.20244,-0.22097,-0.24201,-0.26339,-0.2833,-0.034362,-0.049723,-0.33111,-0.34036,-0.34359,-0.34681,-0.34502,-0.33822,-0.33141,-0.32288,-0.31262,-0.30236,-0.29246,-0.28294,-0.27341,-0.26423,-0.25537,-0.24652,-0.23733,-0.22779,-0.21825,-0.20818,-0.19756,-0.18693,-0.17595,-0.16462,-0.15329,-0.142,-0.13077,-0.11954,-0.10873,-0.098371,-0.088008,-0.078243,-0.069079,-0.059917,-0.051442,-0.043653,-0.035862,-0.028896,-0.022757,-0.01662,-0.011396,-0.0070899,-0.0027865,0.00062245,0.0031344,0.0056444,0.0074395,0.0085212,0.0096033,0.010281,0.010557,0.010833,0.010943,0.010886,0.01083,0.010651,0.010349,0.010047,0.0095661,0.0089062,0.0082461,0.0073913,0.0063424,0.0052943,0.0040808,0.002702,0.001323,-0.00016982,-0.0017769,-0.003384,-0.0050087,-0.0066516,-0.0082944,-0.0098706,-0.01138,-0.012889,-0.014256,-0.01548,-0.016704,-0.017687,-0.018429,-0.019172,-0.01956,-0.019595,-0.01963,-0.019076,-0.017931,-0.016786,-0.014568,-0.011276,-0.0079829,-0.0031542,0.0032109,0.0095765,0.017096,0.02577,0.034444,0.042509,0.049966,0.057423,0.062186,0.064254,0.066322,0.064394,0.058466,0.052538,0.041316,0.024792,0.008268
0,0,0,0,0,0,0,0,0,0,0,0,0,0,0,0,0,0,0,0,0,0,0,0,0,0,0,0,0,0,0,0,0,0,0,0,0,-0.010626,-0.017711,-0.03238,-0.054639,-0.076896,-0.1092,-0.15157,-0.19393,-0.22942,-0.25803,-0.28664,-0.31321,-0.33775,-0.3623,-0.38447,-0.40427,-0.42408,-0.44168,-0.45706,-0.47245,-0.48972,-0.50888,-0.52804,-0.55706,-0.59596,-0.63487,-0.66754,-0.69399,-0.72045,-0.72099,-0.69561,-0.67022,-0.63571,-0.59205,-0.5484,-0.51615,-0.4953,-0.47444,-0.45199,-0.42796,-0.40391,-0.37859,-0.35197,-0.32534,-0.29881,-0.27235,-0.24589,-0.21569,-0.18174,-0.14778,-0.11444,-0.081732,-0.049031,-0.021761,7.3257e-05,0.021904,0.037764,0.047652,0.057542,0.062359,0.062102,0.061845,0.062415,0.063813,0.06521,0.070995,0.081169,0.091344,0.10306,0.11631,0.12956,0.13922,0.14528,0.15134,0.15118,0.1448,0.13843,0.1261,0.1078,0.089511,0.069267,0.047077,0.02489,0.0030478,-0.018441,-0.039926,-0.062905,-0.087382,-0.11186,-0.13995,-0.17167,-0.20339,-0.24076,-0.28376,-0.32675,-0.3751,-0.4288,-0.48249,-0.53649,-0.5908,-0.64512,-0.68826,-0.7202,-0.75213,-0.76625,-0.76255,-0.75884,-0.75163,-0.7409,-0.73018,-0.74205,-0.75996,-0.75462,-0.73251,-0.70374,-0.69409,-0.69981,-0.69336,-0.6555,-0.60989,-0.60828,-0.63103,-0.57425,-0.37783,-0.20386,-0.28515,-0.55363,-0.65911,-0.44911,-0.1656,-0.049642,-0.067151,-0.046511,0.10033,0.33109,0.51767,0.58765,0.60279,0.62414,0.6819,0.8032,0.97062,1.129,1.1885,1.0839,0.83694,0.3446,0,0,0,0,0,0,0,0,0,0,0,0,0,0,0,0,0,0,0,0,0,0,0,0,0,0,0,0,0,0,0,0,0,0,0,0,0,0,0,0,0,0,0,0,0,0,0,0,0,0,0,0,0,0,0,0,0,0,0,0,0,0,0,0,0,0,0,0,0,0,0,0,-0.48516,-0.61724,-0.70118,-0.70204,-0.60677,-0.42849,-0.20657,0.0080149,0.19281,0.34005,0.44199,0.49599,0.51253,0.50937,0.49726,0.4757,0.44299,0.40363,0.36571,0.33294,0.30071,0.26086,0.20865,0.14596,0.084715,0.044945,0.028396,0.035094,0.047363,0.035762,-0.019118,-0.1291,-0.2432,-0.281,-0.23562,-0.17303,0,0,0,0,0,0,0,0,-0.068569,-0.15018,-0.21638,-0.2338,-0.21568,-0.21473,-0.25974,-0.31239,-0.31636,-0.256,-0.15369,-0.055071,0.0093459,0.047464,0.097169,0.16208,0.22407,0.28426,0.32883,0.35535,0.3511,0.2836,0.16654,0.065652,0.012561,0.0096864,0,0,0,0,0,0,0,0,0,0,0,-0.079969,-0.10554,-0.12969,-0.1524,-0.40406,-0.51263,-0.51378,-0.4371,-0.31698,-0.22152,-0.14468,0,0,0,0,0,0,0,-0.41435,-0.61554,-0.83646,-1.0971,-1.2246,-1.2008,-1.0612,-0.87713,-0.71282,-0.58915,-0.50956,-0.44634,-0.37333,-0.30592,-0.29007,-0.3039,-0.3115,-0.33345,-0.36138,-0.38657,-0.40399,-0.41454,-0.42492,-0.44268,-0.46951,-0.50347,-0.54009,-0.5706,-0.58835,-0.5939,-0.59467,-0.59873,-0.60714,-0.61811,-0.6312,-0.64228,-0.64231,-0.6259,-0.56714,-0.51062,-0.49339,-0.48042,-0.46778,-0.45269,-0.4354,-0.41775,-0.40132,-0.3866,-0.37303,-0.35987,-0.34798,-0.33927,-0.33359,-0.32703,-0.31386,-0.29143,-0.26277,-0.23465,-0.21353,-0.20259,-0.20032,-0.2008,-0.19661,-0.18371,-0.16369,-0.14202,-0.12441,-0.11351,-0.10829,-0.10595,-0.10425,-0.1026,-0.10145,-0.10156,-0.10348,-0.10742,-0.11328,-0.12035,-0.12759,-0.13461,-0.14204,-0.15087,-0.16158,-0.17439,-0.19001,-0.20903,-0.23042,-0.25207,-0.27228,-0.15812,-0.17403,-0.3216,-0.33158,-0.33568,-0.33978,-0.33898,-0.33327,-0.32756,-0.32019,-0.31115,-0.3021,-0.29346,-0.28524,-0.27702,-0.26918,-0.26172,-0.25426,-0.24641,-0.23818,-0.22995,-0.22102,-0.21138,-0.20174,-0.19157,-0.18087,-0.17017,-0.15936,-0.14846,-0.13755,-0.12696,-0.11668,-0.1064,-0.096623,-0.087347,-0.078068,-0.0694,-0.061343,-0.053286,-0.045998,-0.039478,-0.032953,-0.02731,-0.022552,-0.017793,-0.013914,-0.010919,-0.0079231,-0.0056457,-0.0040878,-0.0025306,-0.0014226,-0.0007622,-0.00010165,0.00034122,0.00056647,0.00079124,0.00087901,0.00082886,0.00077889,0.00054683,0.00013124,-0.00028407,-0.00089622,-0.0017051,-0.0025136,-0.0034478,-0.0045077,-0.0055672,-0.0066764,-0.0078356,-0.0089947,-0.010133,-0.011249,-0.012366,-0.013401,-0.014351,-0.015302,-0.016106,-0.016763,-0.017421,-0.017869,-0.018108,-0.018347,-0.018324,-0.018038,-0.017753,-0.016979,-0.015719,-0.014458,-0.012151,-0.0087965,-0.0054417,-0.00048824,0.0060641,0.012617,0.020388,0.029377,0.038367,0.046735,0.054484,0.062235,0.067245,0.069515,0.071785,0.070447,0.065503,0.060557,0.048405,0.029046,0.0096855
0,0,0,0,0,0,0,0,0,0,0,0,0,0,0,0,0,0,0,0,0,0,0,0,0,0,0,0,0,0,0,0,0,0,0,0,0,-0.0079956,-0.01333,-0.027146,-0.049449,-0.071758,-0.10075,-0.13644,-0.17212,-0.2043,-0.233,-0.2617,-0.28716,-0.30937,-0.33159,-0.35127,-0.36843,-0.38559,-0.39992,-0.41143,-0.42293,-0.4396,-0.46144,-0.48328,-0.51102,-0.54465,-0.57829,-0.60858,-0.63553,-0.66248,-0.66927,-0.6559,-0.64252,-0.62338,-0.59847,-0.57357,-0.55406,-0.53994,-0.52581,-0.50865,-0.48844,-0.46823,-0.44188,-0.40939,-0.3769,-0.3473,-0.32056,-0.29384,-0.2619,-0.22475,-0.18759,-0.15042,-0.11324,-0.076075,-0.044293,-0.017903,0.0084874,0.027824,0.040102,0.052382,0.058011,0.056988,0.055965,0.055579,0.055831,0.056083,0.060875,0.070211,0.079545,0.089967,0.10148,0.11299,0.12183,0.12799,0.13414,0.1346,0.12936,0.12411,0.11344,0.097347,0.081251,0.062279,0.040439,0.018598,-0.0018193,-0.0208,-0.039779,-0.060201,-0.082063,-0.10392,-0.12997,-0.16021,-0.19045,-0.22733,-0.27083,-0.31433,-0.36285,-0.4164,-0.46993,-0.52539,-0.58281,-0.64022,-0.68424,-0.71487,-0.7455,-0.75914,-0.75579,-0.75244,-0.74539,-0.73465,-0.72432,-0.73664,-0.75449,-0.74865,-0.72534,-0.69293,-0.67452,-0.67728,-0.6922,-0.68761,-0.64812,-0.62007,-0.64186,-0.65448,-0.5545,-0.38167,-0.32832,-0.46357,-0.55852,-0.40529,-0.19318,-0.17316,-0.22493,-0.12219,0.1372,0.41136,0.58315,0.64301,0.67026,0.72065,0.78239,0.84968,0.94699,1.091,1.2136,1.2592,1.1659,0.90792,0.33181,0,0,0,0,0,0,0,0,0,0,0,0,0,0,0,0,0,0,0,0,0,0,0,0,0,0,0,0,0,0,0,0,0,0,0,0,0,0,0,0,0,0,0,0,0,0,0,0,0,0,0,0,0,0,0,0,0,0,0,0,0,0,0,0,0,0,0,0,0,0,0,-0.52054,-0.64366,-0.71044,-0.68959,-0.57125,-0.37159,-0.14605,0.043809,0.19139,0.31587,0.41847,0.48771,0.52102,0.52761,0.51961,0.50222,0.47696,0.44622,0.41294,0.37677,0.33405,0.28195,0.22024,0.1515,0.083593,0.026266,-0.008281,-0.010859,0.0092529,0.015341,-0.033327,-0.14376,-0.25173,-0.28177,-0.24178,-0.18615,0,0,0,0,0,0,0,0,-0.089249,-0.16711,-0.21851,-0.2203,-0.20041,-0.21886,-0.28263,-0.33534,-0.32765,-0.25413,-0.14303,-0.042103,0.013535,0.037281,0.080904,0.15176,0.22191,0.27972,0.31051,0.32922,0.35215,0.33229,0.23634,0.11066,0.01826,0.0048455,0,0,0,0,0,0,0,0,0,0,0,0,0,0,0,-0.34836,-0.44084,-0.49338,-0.47713,-0.39531,-0.30583,-0.21793,0,0,0,0,0,0,0,-0.37203,-0.54675,-0.74449,-1.0048,-1.1648,-1.1821,-1.0705,-0.89562,-0.73162,-0.60752,-0.52659,-0.46479,-0.39827,-0.33758,-0.32529,-0.33798,-0.34121,-0.35948,-0.3859,-0.41131,-0.42863,-0.43862,-0.44742,-0.46082,-0.48275,-0.51364,-0.54919,-0.58078,-0.60016,-0.60661,-0.6078,-0.61073,-0.61653,-0.62676,-0.64237,-0.65622,-0.65648,-0.63749,-0.5742,-0.51377,-0.4958,-0.48478,-0.47454,-0.46029,-0.44162,-0.42119,-0.40172,-0.38433,-0.36863,-0.35393,-0.34134,-0.33356,-0.33109,-0.32861,-0.31702,-0.29075,-0.25307,-0.21473,-0.18698,-0.17532,-0.17772,-0.18599,-0.18939,-0.18062,-0.16012,-0.13463,-0.11214,-0.097308,-0.09014,-0.087785,-0.087175,-0.08651,-0.085334,-0.084325,-0.084929,-0.088408,-0.094931,-0.10326,-0.11166,-0.11941,-0.12719,-0.13627,-0.14736,-0.16066,-0.17685,-0.19643,-0.21824,-0.24028,-0.26099,-0.15259,-0.16911,-0.3121,-0.3228,-0.32777,-0.33274,-0.33293,-0.32833,-0.32372,-0.3175,-0.30967,-0.30184,-0.29447,-0.28755,-0.28063,-0.27413,-0.26806,-0.26199,-0.25549,-0.24857,-0.24164,-0.23386,-0.22521,-0.21656,-0.20719,-0.19712,-0.18705,-0.17672,-0.16614,-0.15557,-0.14518,-0.13499,-0.12479,-0.115,-0.10561,-0.09622,-0.087361,-0.079034,-0.070711,-0.0631,-0.056193,-0.049286,-0.043228,-0.038014,-0.0328,-0.028454,-0.024972,-0.021488,-0.01873,-0.016697,-0.014666,-0.013127,-0.012081,-0.011035,-0.010259,-0.0097533,-0.0092469,-0.0088927,-0.0086905,-0.0084881,-0.0084725,-0.0086432,-0.0088134,-0.0091828,-0.0097518,-0.010321,-0.010976,-0.011717,-0.012457,-0.013182,-0.013893,-0.014605,-0.015256,-0.015847,-0.016438,-0.01693,-0.017322,-0.017714,-0.017956,-0.018047,-0.018138,-0.018051,-0.017787,-0.017523,-0.017088,-0.016481,-0.015875,-0.014883,-0.013506,-0.012129,-0.0097327,-0.0063165,-0.0028997,0.0021781,0.008918,0.015659,0.023681,0.032985,0.042288,0.050961,0.059004,0.067048,0.072305,0.074777,0.077248,0.076501,0.072537,0.068573,0.055493,0.0333,0.011106
0,0,0,0,0,0,0,0,0,0,0,0,0,0,0,0,0,0,0,0,0,0,0,0,0,0,0,0,0,0,0,0,0,0,0,0,0,0.0014801,-0.0043353,-0.018054,-0.039682,-0.06132,-0.087573,-0.11845,-0.14932,-0.1788,-0.20691,-0.235,-0.25958,-0.28063,-0.30167,-0.32,-0.3356,-0.35121,-0.36364,-0.37289,-0.38214,-0.39818,-0.42102,-0.44386,-0.4694,-0.49764,-0.52589,-0.55291,-0.57869,-0.60448,-0.61552,-0.61181,-0.60811,-0.60074,-0.5897,-0.57865,-0.56898,-0.56068,-0.55238,-0.54003,-0.52364,-0.50726,-0.48383,-0.45338,-0.42293,-0.39497,-0.36953,-0.3441,-0.31126,-0.27098,-0.23071,-0.18929,-0.14671,-0.10413,-0.066926,-0.035096,-0.0032718,0.020099,0.035009,0.049917,0.056814,0.055702,0.054589,0.053595,0.05272,0.051846,0.055353,0.06324,0.071129,0.080079,0.090085,0.1001,0.1078,0.1132,0.1186,0.11954,0.11601,0.11249,0.1039,0.090257,0.076612,0.05995,0.040272,0.020593,0.0019238,-0.015728,-0.033378,-0.052797,-0.073982,-0.095165,-0.12082,-0.15094,-0.18106,-0.21761,-0.26056,-0.30352,-0.35104,-0.40311,-0.45519,-0.50948,-0.566,-0.62252,-0.66612,-0.69681,-0.72749,-0.74281,-0.74278,-0.74273,-0.73839,-0.72974,-0.72152,-0.73009,-0.74946,-0.75007,-0.72766,-0.69435,-0.66771,-0.66853,-0.69958,-0.72101,-0.69302,-0.64562,-0.65377,-0.70845,-0.693,-0.54291,-0.38416,-0.37348,-0.39335,-0.26421,-0.15202,-0.27722,-0.42377,-0.27255,0.12106,0.46656,0.61953,0.65515,0.68343,0.76556,0.87227,0.94352,0.98568,1.059,1.1775,1.3307,1.4304,1.3487,0.87679,0,0,0,0,0,0,0,0,0,0,0,0,0,0,0,0,0,0,0,0,0,0,0,0,0,0,0,0,0,0,0,0,0,0,0,0,0,0,0,0,0,0,0,0,0,0,0,0,0,0,0,0,0,0,0,0,0,0,0,0,0,0,0,0,0,0,0,0,0,0,-0.21385,-0.55786,-0.66707,-0.6958,-0.63851,-0.50698,-0.31868,-0.12086,0.039436,0.17002,0.2907,0.39546,0.4736,0.51935,0.53731,0.53739,0.52581,0.50557,0.47861,0.44526,0.40375,0.35342,0.29597,0.23381,0.17025,0.10672,0.031621,-0.035631,-0.067828,-0.056165,-0.036452,-0.049552,-0.10638,-0.19553,-0.2562,-0.26403,-0.23259,0,0,0,0,0,0,0,-0.021072,-0.12054,-0.18111,-0.20731,-0.20912,-0.22372,-0.27231,-0.32569,-0.34815,-0.32279,-0.24638,-0.13548,-0.029168,0.028168,0.043404,0.065068,0.12666,0.21234,0.27462,0.29315,0.30826,0.35676,0.38252,0.30835,0.15533,0.021829,0,0,0,0,0,0,0,0,0,0,0,0,0,0,0,0,-0.27036,-0.36699,-0.45337,-0.48477,-0.44141,-0.35139,-0.21544,-0.011992,-0.00051593,-0.004515,0,0,0,0,-0.17543,-0.25526,-0.64089,-0.91721,-1.1101,-1.1602,-1.0754,-0.91939,-0.76241,-0.63458,-0.54458,-0.47927,-0.42101,-0.3719,-0.36517,-0.37677,-0.37589,-0.38921,-0.41217,-0.43723,-0.45634,-0.46774,-0.47506,-0.48367,-0.50068,-0.5283,-0.56147,-0.59134,-0.61016,-0.6184,-0.62255,-0.62612,-0.62984,-0.63771,-0.65247,-0.66649,-0.66638,-0.64607,-0.57968,-0.51568,-0.49701,-0.48873,-0.4827,-0.47125,-0.45217,-0.42855,-0.4047,-0.38316,-0.36441,-0.34776,-0.33398,-0.32637,-0.32664,-0.32933,-0.32203,-0.2938,-0.24571,-0.19395,-0.15848,-0.1469,-0.15331,-0.16732,-0.17718,-0.17304,-0.15351,-0.12578,-0.099366,-0.080494,-0.070335,-0.06696,-0.067259,-0.068063,-0.067638,-0.066253,-0.065725,-0.068338,-0.074989,-0.084306,-0.093947,-0.10267,-0.11109,-0.12064,-0.13219,-0.14604,-0.16285,-0.18295,-0.20518,-0.22767,-0.24888,-0.017454,-0.034636,-0.30188,-0.31337,-0.31925,-0.32514,-0.32633,-0.32281,-0.3193,-0.31422,-0.3076,-0.30097,-0.29485,-0.28925,-0.28364,-0.27851,-0.27386,-0.2692,-0.2641,-0.25853,-0.25297,-0.24641,-0.23883,-0.23126,-0.2228,-0.21345,-0.20409,-0.19432,-0.18414,-0.17396,-0.16383,-0.15375,-0.14368,-0.13392,-0.12447,-0.11501,-0.10602,-0.097487,-0.088958,-0.081061,-0.073793,-0.066529,-0.060044,-0.054339,-0.048637,-0.043761,-0.039712,-0.035663,-0.032336,-0.029729,-0.027121,-0.025036,-0.023471,-0.021907,-0.020661,-0.019731,-0.018799,-0.018062,-0.01752,-0.016977,-0.01665,-0.016537,-0.016425,-0.016524,-0.016834,-0.017144,-0.017516,-0.017951,-0.018385,-0.018757,-0.019065,-0.019373,-0.019578,-0.01968,-0.019781,-0.019753,-0.019595,-0.019438,-0.019117,-0.018635,-0.018152,-0.017516,-0.016726,-0.015936,-0.01504,-0.014036,-0.013033,-0.01173,-0.010128,-0.008526,-0.0059622,-0.0024365,0.0010892,0.0062726,0.013114,0.019957,0.028119,0.037598,0.047078,0.055967,0.064266,0.072565,0.078044,0.080703,0.083362,0.082716,0.078766,0.074815,0.060704,0.03643,0.012149
0,0,0,0,0,0,0,0,0,0,0,0,0,0,0,0,0,0,0,0,0,0,0,0,0,0,0,0,0,0,0,0,0,0,0,0,0,0.017798,0.0092735,-0.0051018,-0.025335,-0.045577,-0.069666,-0.097598,-0.12553,-0.15291,-0.17973,-0.20655,-0.23048,-0.25152,-0.27256,-0.29065,-0.30579,-0.32093,-0.33282,-0.34146,-0.35009,-0.36548,-0.38762,-0.40977,-0.4322,-0.45492,-0.47765,-0.5005,-0.52348,-0.54645,-0.55975,-0.56337,-0.567,-0.56778,-0.56571,-0.56365,-0.56092,-0.55753,-0.55413,-0.54615,-0.53358,-0.52101,-0.50446,-0.48394,-0.46341,-0.44185,-0.41926,-0.39668,-0.36374,-0.32044,-0.27715,-0.23105,-0.18213,-0.13319,-0.089643,-0.051505,-0.013372,0.014588,0.032365,0.050142,0.058768,0.058242,0.057714,0.056459,0.054479,0.052498,0.054425,0.060261,0.066099,0.073389,0.08213,0.090874,0.097136,0.10092,0.1047,0.10598,0.10476,0.10355,0.097476,0.086538,0.075598,0.062277,0.046575,0.030873,0.014272,-0.0032239,-0.020719,-0.040692,-0.063143,-0.085592,-0.1125,-0.14386,-0.17523,-0.21159,-0.25296,-0.29433,-0.33967,-0.38897,-0.43828,-0.48876,-0.5404,-0.59206,-0.63393,-0.66603,-0.69812,-0.71728,-0.72351,-0.72972,-0.73061,-0.72619,-0.72176,-0.72927,-0.75112,-0.75267,-0.72964,-0.70512,-0.68439,-0.68872,-0.71924,-0.74106,-0.72282,-0.67802,-0.66732,-0.70818,-0.72251,-0.63686,-0.49523,-0.37803,-0.23217,-0.031645,-0.010322,-0.33511,-0.63745,-0.45922,0.059842,0.47874,0.61662,0.60523,0.6104,0.70483,0.8655,0.995,1.0604,1.0955,1.1567,1.3205,1.576,1.7186,1.3826,0,0,0,0,0,0,0,0,0,0,0,0,0,0,0,0,0,0,0,0,0,0,0,0,0,0,0,0,0,0,0,0,0.00071593,-0.015028,-0.031021,-0.035702,-0.025663,0,0,0,0,0,0,0,0,0,0,0,0,0,0,0,0,0,0,0,0,0,0,0,0,0,0,0,0,0,0,0,0,0,-0.43633,-0.56341,-0.63605,-0.63442,-0.55534,-0.42162,-0.26371,-0.11038,0.023761,0.15053,0.27396,0.38057,0.46064,0.5113,0.53763,0.54706,0.5439,0.52972,0.50495,0.46887,0.42101,0.36781,0.31102,0.2483,0.19103,0.13703,0.061145,-0.028376,-0.097328,-0.11995,-0.10238,-0.077008,-0.072757,-0.13005,-0.22924,-0.2959,-0.29145,-0.12958,0,0,0,0,0,0,-0.048804,-0.1404,-0.18373,-0.19525,-0.22272,-0.28215,-0.33909,-0.35741,-0.34251,-0.30816,-0.24358,-0.14019,-0.025031,0.046628,0.067238,0.073826,0.11695,0.20372,0.26837,0.2836,0.2985,0.35197,0.40776,0.37234,0.21639,0.039306,0,0,0,0,0,0,0,0,0,0,0,0,0,0,0,0,-0.10985,-0.30051,-0.40248,-0.45367,-0.43185,-0.33085,-0.16896,-0.042628,-0.010389,-0.016882,0,0,0,0,0,0,-0.53922,-0.84942,-1.0706,-1.1405,-1.0758,-0.94522,-0.80497,-0.67315,-0.56704,-0.49292,-0.4407,-0.40366,-0.40369,-0.41584,-0.41272,-0.42165,-0.44122,-0.46512,-0.48615,-0.49995,-0.50588,-0.5098,-0.52217,-0.54649,-0.57741,-0.60552,-0.62293,-0.63164,-0.63792,-0.64263,-0.64521,-0.6497,-0.66048,-0.67242,-0.67204,-0.65154,-0.60013,-0.5335,-0.49761,-0.49237,-0.49154,-0.48445,-0.46633,-0.43986,-0.411,-0.38404,-0.36042,-0.34014,-0.32437,-0.31639,-0.31843,-0.3258,-0.32394,-0.29616,-0.24002,-0.17609,-0.13281,-0.12119,-0.13109,-0.14734,-0.15873,-0.15725,-0.14029,-0.11324,-0.085386,-0.063861,-0.050964,-0.045753,-0.045845,-0.047746,-0.048586,-0.04777,-0.046854,-0.048573,-0.054685,-0.064294,-0.07483,-0.084552,-0.093839,-0.10409,-0.11619,-0.13059,-0.148,-0.16864,-0.19132,-0.21428,-0.23595,-0.011138,-0.029034,-0.29096,-0.30329,-0.31013,-0.31697,-0.31917,-0.31673,-0.31429,-0.31035,-0.30492,-0.29948,-0.29462,-0.29034,-0.28607,-0.28232,-0.27911,-0.2759,-0.27222,-0.26808,-0.26393,-0.25866,-0.25226,-0.24585,-0.23839,-0.22985,-0.22131,-0.21218,-0.20245,-0.19272,-0.1829,-0.17297,-0.16306,-0.15337,-0.1439,-0.13444,-0.12537,-0.1167,-0.10802,-0.099882,-0.092278,-0.084673,-0.077754,-0.071525,-0.065298,-0.059835,-0.055142,-0.05045,-0.046462,-0.043179,-0.039896,-0.037147,-0.034933,-0.032718,-0.030864,-0.029366,-0.027867,-0.026632,-0.025659,-0.024686,-0.023984,-0.023552,-0.023119,-0.022919,-0.02295,-0.022982,-0.023069,-0.023211,-0.023354,-0.023401,-0.023351,-0.023301,-0.0231,-0.022748,-0.022395,-0.02187,-0.021171,-0.020472,-0.019591,-0.018529,-0.017466,-0.016265,-0.014926,-0.013587,-0.012179,-0.010703,-0.0092277,-0.0075217,-0.0055853,-0.0036488,-0.00083955,0.0028423,0.0065245,0.011794,0.018651,0.02551,0.033699,0.043216,0.052732,0.06175,0.070269,0.078787,0.084462,0.087295,0.090127,0.089093,0.084191,0.079285,0.064031,0.038423,0.01281
0,0,0,0,0,0,0,0,0,0,0,0,0,0,0,0,0,0,0,0,0,0,0,0,0,0,0,0,0,0,0,0,0,0,0,0,0,0.034117,0.022886,0.0078547,-0.010985,-0.029823,-0.051741,-0.076742,-0.10175,-0.12702,-0.15256,-0.1781,-0.20138,-0.22241,-0.24345,-0.2613,-0.27597,-0.29065,-0.30201,-0.31003,-0.31806,-0.33279,-0.35424,-0.37568,-0.395,-0.41221,-0.42942,-0.44811,-0.46827,-0.48842,-0.50398,-0.51493,-0.52589,-0.53482,-0.54173,-0.54864,-0.55285,-0.55437,-0.55588,-0.55226,-0.54351,-0.53477,-0.52509,-0.5145,-0.50389,-0.48873,-0.46899,-0.44925,-0.41622,-0.3699,-0.3236,-0.27283,-0.21755,-0.16225,-0.11237,-0.067918,-0.02347,0.0090792,0.02972,0.050368,0.060722,0.06078,0.060837,0.059323,0.056236,0.053148,0.053496,0.057281,0.061065,0.066695,0.07417,0.081646,0.086464,0.088625,0.090785,0.092413,0.093512,0.09461,0.091044,0.082812,0.074581,0.064601,0.052876,0.041152,0.026616,0.0092752,-0.0080647,-0.028596,-0.052315,-0.076031,-0.10419,-0.13679,-0.16939,-0.20558,-0.24536,-0.28514,-0.32831,-0.37485,-0.42138,-0.46804,-0.51482,-0.5616,-0.60175,-0.63526,-0.66876,-0.69176,-0.70424,-0.71671,-0.72285,-0.72263,-0.72242,-0.72827,-0.74504,-0.74651,-0.72871,-0.71391,-0.71507,-0.73542,-0.75097,-0.74913,-0.7321,-0.70327,-0.67477,-0.66198,-0.6612,-0.65941,-0.61944,-0.45638,-0.13586,0.16794,0.12276,-0.34304,-0.73834,-0.56224,0.0035209,0.47275,0.60192,0.52344,0.47372,0.54769,0.7447,0.96689,1.1369,1.2028,1.1875,1.2693,1.579,1.8835,1.7785,0,0,0,0,0,0,0,0,0,0,0,0,0,0,0,0,0,0,0,0,0,0,0,0,0,0,0,0,0,-0.0028859,0.019266,0.036139,0.031291,-0.013628,-0.07142,-0.10165,-0.082375,0,0,0,0,0,0,0,0,0,0,0,0,0,0,0,0,0,0,0,0,0,0,0,0,0,0,0,0,0,0,0,-0.12733,-0.16939,-0.44485,-0.54329,-0.58249,-0.56152,-0.47288,-0.34475,-0.21036,-0.085345,0.031049,0.15078,0.26791,0.37114,0.45015,0.50228,0.53265,0.54873,0.55405,0.54704,0.52459,0.48567,0.43258,0.37877,0.32496,0.26641,0.21042,0.15406,0.084481,-0.0020909,-0.090415,-0.15009,-0.15356,-0.11357,-0.077528,-0.10829,-0.21073,-0.30395,-0.32306,-0.27242,0,0,0,0,0,0,-0.05636,-0.14838,-0.18487,-0.20702,-0.26797,-0.34546,-0.3783,-0.3546,-0.31393,-0.28574,-0.25029,-0.1702,-0.05201,0.054997,0.1115,0.12505,0.14132,0.18821,0.23903,0.26116,0.27776,0.32563,0.39742,0.41708,0.29908,0.08989,0,0,0,0,0,0,0,0,0,0,0,0,0,0,0,0,0,-0.27703,-0.34312,-0.39019,-0.37121,-0.28223,-0.16402,-0.072805,-0.031407,-0.029089,-0.009039,0,0,0,0,0,-0.46844,-0.81151,-1.0481,-1.1248,-1.076,-0.96865,-0.8427,-0.71207,-0.59407,-0.50984,-0.45931,-0.42938,-0.43641,-0.45205,-0.44933,-0.45425,-0.47016,-0.49361,-0.51755,-0.53406,-0.53873,-0.53766,-0.54432,-0.56546,-0.59545,-0.62286,-0.63958,-0.64769,-0.65341,-0.65752,-0.65911,-0.66134,-0.66797,-0.67613,-0.67483,-0.65513,-0.621,-0.55344,-0.50061,-0.49835,-0.50226,-0.49926,-0.48253,-0.45398,-0.42015,-0.38659,-0.35601,-0.3299,-0.31086,-0.3025,-0.30627,-0.31649,-0.31746,-0.29102,-0.23373,-0.16622,-0.11817,-0.10313,-0.11121,-0.12499,-0.13424,-0.13354,-0.11972,-0.095871,-0.069618,-0.047542,-0.032836,-0.025739,-0.024703,-0.026944,-0.029247,-0.029728,-0.029146,-0.030246,-0.035316,-0.044282,-0.055048,-0.065635,-0.075887,-0.086892,-0.099556,-0.11444,-0.1323,-0.15348,-0.17688,-0.20056,-0.22281,-0.0047168,-0.023411,-0.28004,-0.29321,-0.30101,-0.3088,-0.31202,-0.31065,-0.30929,-0.30648,-0.30224,-0.29799,-0.29439,-0.29144,-0.28849,-0.28613,-0.28436,-0.2826,-0.28035,-0.27762,-0.27489,-0.27091,-0.26568,-0.26044,-0.25397,-0.24625,-0.23853,-0.23003,-0.22076,-0.21148,-0.20196,-0.1922,-0.18243,-0.17281,-0.16334,-0.15387,-0.14472,-0.13591,-0.12709,-0.11871,-0.11076,-0.10282,-0.095468,-0.088712,-0.081955,-0.07591,-0.070574,-0.065237,-0.060588,-0.056629,-0.052671,-0.049259,-0.046395,-0.043531,-0.041066,-0.039001,-0.036935,-0.035202,-0.033799,-0.032396,-0.031319,-0.030566,-0.029813,-0.029313,-0.029065,-0.028819,-0.028622,-0.028473,-0.028323,-0.028045,-0.027637,-0.027228,-0.026621,-0.025815,-0.025009,-0.023986,-0.022746,-0.021506,-0.020065,-0.018422,-0.016779,-0.015014,-0.013125,-0.011237,-0.0093183,-0.0073702,-0.0054224,-0.0033129,-0.0010418,0.0012292,0.0042838,0.008122,0.01196,0.017316,0.02419,0.031065,0.03928,0.048834,0.058388,0.067533,0.076271,0.085008,0.09088,0.093886,0.096893,0.09547,0.089616,0.083758,0.067359,0.040418,0.0065701
0,0,0,0,0,0,0,0,0,0,0,0,0,0,0,0,0,0,0,0,0,0,0,0,0,0,0,0,0,0,0,0,0,0,0,0,0.037579,0.052583,0.040152,0.024911,0.0068636,-0.011181,-0.031628,-0.054479,-0.077332,-0.10099,-0.12546,-0.14993,-0.17272,-0.19384,-0.21496,-0.23298,-0.24791,-0.26284,-0.27454,-0.283,-0.29147,-0.30631,-0.32752,-0.34872,-0.36676,-0.38163,-0.3965,-0.41257,-0.42983,-0.44709,-0.46271,-0.47668,-0.49065,-0.5034,-0.51492,-0.52645,-0.53473,-0.53976,-0.54478,-0.54649,-0.54486,-0.54324,-0.54207,-0.54134,-0.54062,-0.5324,-0.51667,-0.50094,-0.47013,-0.42424,-0.37836,-0.32467,-0.26311,-0.20155,-0.14494,-0.093264,-0.041606,-0.0032734,0.021731,0.046737,0.059908,0.061246,0.062581,0.060793,0.055881,0.050967,0.048728,0.049161,0.049595,0.052091,0.056649,0.061207,0.064257,0.065799,0.067341,0.06959,0.072551,0.075513,0.074295,0.068901,0.063507,0.056636,0.04829,0.039944,0.027474,0.010883,-0.0057084,-0.02628,-0.050832,-0.075384,-0.10448,-0.13811,-0.17175,-0.2077,-0.24596,-0.28422,-0.32505,-0.36847,-0.41189,-0.45491,-0.49755,-0.5402,-0.57868,-0.61298,-0.64728,-0.67269,-0.68919,-0.70569,-0.71618,-0.72066,-0.72514,-0.73164,-0.7447,-0.74558,-0.73257,-0.72795,-0.7496,-0.78042,-0.78055,-0.75321,-0.72729,-0.70888,-0.66965,-0.61095,-0.58493,-0.63794,-0.68002,-0.50841,-0.10616,0.20673,0.089704,-0.37777,-0.70459,-0.52076,0.025323,0.47902,0.56156,0.42571,0.32389,0.37284,0.57372,0.86157,1.1568,1.3076,1.2483,1.2342,1.4836,1.8265,1.9119,0.86241,0,0,0,0,0,0,0,0,0,0,0,0,0,0,0,0,0,0,0,0,0,0,0,0,0,0,-0.013568,-0.021658,-0.0058696,0.065088,0.11778,0.10793,0.025978,-0.088512,-0.16059,-0.15125,0,0,0,0,0,0,0,0,0,0,0,0,0,0,0,0,0,0,0,0,0,0,0,0,0,0,0,0,0,0,0,-0.27238,-0.35738,-0.46293,-0.5414,-0.56172,-0.51743,-0.4164,-0.29383,-0.16707,-0.045186,0.062425,0.1638,0.26445,0.36126,0.44133,0.49618,0.52824,0.54621,0.55547,0.55316,0.53325,0.49391,0.43929,0.38632,0.33604,0.28383,0.22316,0.15604,0.095506,0.028372,-0.054223,-0.12935,-0.16236,-0.14865,-0.11779,-0.12843,-0.19428,-0.27163,-0.31154,-0.30087,-0.1399,-0.099679,-0.058864,-0.017318,0.020297,0.020233,-0.049475,-0.1428,-0.19853,-0.25076,-0.3253,-0.38174,-0.37586,-0.32154,-0.2714,-0.2597,-0.26389,-0.22475,-0.10878,0.058198,0.19166,0.2233,0.18931,0.16629,0.17914,0.20441,0.23373,0.28916,0.37304,0.42855,0.36158,0.15139,-0.022684,-0.06047,0,0,0,0,0,0,-0.00027308,-0.0028375,-0.0039182,0,0,0,0,0,0,-0.24313,-0.27469,-0.31201,-0.29743,-0.23652,-0.15718,-0.087735,-0.046285,-0.029343,-0.01023,0.020438,0.047018,0,0,0,-0.45317,-0.80802,-1.0467,-1.1227,-1.0831,-0.99181,-0.87984,-0.7599,-0.63807,-0.54132,-0.48223,-0.45024,-0.46194,-0.48371,-0.48447,-0.48635,-0.49766,-0.52096,-0.5494,-0.56915,-0.57264,-0.56688,-0.56722,-0.58478,-0.61466,-0.64222,-0.65896,-0.66623,-0.66943,-0.67113,-0.67117,-0.67111,-0.67375,-0.6779,-0.67543,-0.65765,-0.60832,-0.54236,-0.50951,-0.51071,-0.51756,-0.51612,-0.49905,-0.46782,-0.42884,-0.38828,-0.34996,-0.31713,-0.29439,-0.28603,-0.29132,-0.30116,-0.30029,-0.27485,-0.22357,-0.16287,-0.11604,-0.095396,-0.095312,-0.10271,-0.10835,-0.10665,-0.094782,-0.074775,-0.0518,-0.030875,-0.015495,-0.0070422,-0.0047945,-0.0067579,-0.010105,-0.012197,-0.012677,-0.013647,-0.017524,-0.025162,-0.035423,-0.046497,-0.057675,-0.069444,-0.082548,-0.09775,-0.11597,-0.13767,-0.16176,-0.18615,-0.20893,0.0021623,-0.0173,-0.26828,-0.28231,-0.29106,-0.29982,-0.30404,-0.30374,-0.30344,-0.30174,-0.29865,-0.29556,-0.29319,-0.29155,-0.2899,-0.28892,-0.28859,-0.28827,-0.28745,-0.28616,-0.28486,-0.28222,-0.27822,-0.27422,-0.26882,-0.26201,-0.25521,-0.24744,-0.23873,-0.23001,-0.2209,-0.21138,-0.20187,-0.1924,-0.18298,-0.17355,-0.16438,-0.15546,-0.14654,-0.13796,-0.12972,-0.12147,-0.11372,-0.10645,-0.09919,-0.092556,-0.086551,-0.080545,-0.075191,-0.070489,-0.065786,-0.061631,-0.058022,-0.054411,-0.051239,-0.048506,-0.045772,-0.04344,-0.041511,-0.039582,-0.03804,-0.036886,-0.035732,-0.034872,-0.034306,-0.03374,-0.033241,-0.03281,-0.032379,-0.031796,-0.031062,-0.030328,-0.029345,-0.028114,-0.026882,-0.025388,-0.023631,-0.021874,-0.019892,-0.017686,-0.015479,-0.01315,-0.010699,-0.0082472,-0.0057827,-0.0033056,-0.0008287,0.0017543,0.0044433,0.0071324,0.010494,0.014529,0.018564,0.024003,0.030846,0.03769,0.045839,0.055294,0.06475,0.073857,0.082616,0.091377,0.097346,0.10052,0.1037,0.10245,0.096775,0.0911,0.073558,0.044139,0
0,0,0,0,0,0,0,0,0,0,0,0,0,0,0,0,0,0,0,0,0,0,0,0,0,0,0,0,0,0,0,0,0,0,0,0,0.08531,0.073193,0.061067,0.046069,0.028208,0.010345,-0.0093297,-0.030807,-0.052285,-0.074829,-0.098441,-0.12205,-0.14451,-0.16581,-0.18712,-0.20571,-0.2216,-0.23749,-0.25041,-0.26037,-0.27033,-0.28603,-0.30746,-0.3289,-0.34747,-0.36317,-0.37886,-0.39386,-0.40815,-0.42245,-0.43593,-0.44861,-0.46128,-0.47351,-0.48529,-0.49708,-0.50656,-0.5137,-0.52085,-0.52883,-0.53764,-0.54644,-0.55539,-0.56449,-0.57359,-0.57286,-0.5623,-0.55174,-0.52545,-0.48343,-0.44142,-0.38656,-0.31882,-0.25107,-0.18729,-0.12753,-0.067781,-0.022471,0.0083857,0.039241,0.056326,0.059638,0.062945,0.060871,0.053415,0.045957,0.040121,0.035906,0.031693,0.029583,0.029574,0.029564,0.030524,0.032449,0.034375,0.037522,0.041889,0.046262,0.047235,0.044809,0.042382,0.038385,0.032822,0.027256,0.016851,0.0016061,-0.01364,-0.033738,-0.058692,-0.083649,-0.11336,-0.14782,-0.18229,-0.21792,-0.25474,-0.29154,-0.32991,-0.36985,-0.40979,-0.44938,-0.48862,-0.52787,-0.56473,-0.59921,-0.63369,-0.66007,-0.67836,-0.69664,-0.71061,-0.72026,-0.7299,-0.74181,-0.7523,-0.75284,-0.74591,-0.75144,-0.78142,-0.8081,-0.79528,-0.75055,-0.71586,-0.70042,-0.66848,-0.60296,-0.56125,-0.61137,-0.66126,-0.49717,-0.12261,0.10709,-0.07895,-0.46409,-0.61047,-0.34762,0.12339,0.44855,0.46807,0.34013,0.26307,0.30986,0.4703,0.74326,1.0878,1.3109,1.2901,1.252,1.4065,1.6934,1.8897,1.7886,0.80579,0.57297,0,0,0,0,0,0,0,0,0,0,0,0,0,0,0,0,0,0,0,0,0,0,0,0,-0.062687,-0.069714,0.00045757,0.12718,0.20973,0.18558,0.056607,-0.10503,-0.19976,-0.20036,0,0,0,0,0,0,0,0,0,0,0,0,0,0,0,0,0,0,0,0,0,0,0,0,0,0,0,0,-0.052002,-0.088974,-0.12578,-0.3013,-0.38443,-0.48282,-0.54793,-0.55682,-0.49893,-0.3885,-0.25992,-0.12872,-0.0040138,0.096009,0.17905,0.26237,0.35149,0.43286,0.49206,0.52693,0.54514,0.55321,0.55026,0.53135,0.49415,0.44289,0.39645,0.35285,0.29992,0.23427,0.16364,0.10709,0.054375,-0.009371,-0.08057,-0.14195,-0.17231,-0.16641,-0.156,-0.17479,-0.23239,-0.2948,-0.31102,-0.27377,-0.20478,-0.13657,-0.0736,-0.013312,0.0045311,-0.039792,-0.11571,-0.20144,-0.28941,-0.3608,-0.38383,-0.34676,-0.2811,-0.23703,-0.24233,-0.27278,-0.25828,-0.13816,0.063398,0.25686,0.33404,0.26872,0.17362,0.13354,0.14132,0.18085,0.25109,0.34199,0.40609,0.3755,0.20453,-0.0062716,-0.10112,0,0,0,0,0,0,-0.0069693,-0.015979,-0.013071,0,0,0,0,0,0,-0.162,-0.20554,-0.23988,-0.23518,-0.19611,-0.1398,-0.08497,-0.041988,-0.01146,0.020338,0.074531,0.13764,0.095068,0.039533,-0.078994,-0.47148,-0.81231,-1.0496,-1.1318,-1.0973,-1.0166,-0.92263,-0.8182,-0.69851,-0.5903,-0.51562,-0.47445,-0.48671,-0.51282,-0.51661,-0.51778,-0.52652,-0.54921,-0.58023,-0.60302,-0.60667,-0.59757,-0.5929,-0.60616,-0.63402,-0.66174,-0.67931,-0.68582,-0.68639,-0.68571,-0.68381,-0.6805,-0.67837,-0.67828,-0.67499,-0.66072,-0.5986,-0.53733,-0.52629,-0.52996,-0.53757,-0.5351,-0.51497,-0.47852,-0.43286,-0.38524,-0.34056,-0.30336,-0.27913,-0.27129,-0.27578,-0.28141,-0.2761,-0.25251,-0.21197,-0.16453,-0.12339,-0.097529,-0.086994,-0.085279,-0.084936,-0.080423,-0.069208,-0.052062,-0.032107,-0.013204,0.0015389,0.010532,0.013772,0.012442,0.0086912,0.0051642,0.0032316,0.0019142,-0.0010148,-0.007173,-0.016413,-0.027431,-0.03926,-0.051715,-0.06518,-0.08059,-0.09919,-0.12148,-0.14617,-0.17106,-0.19431,0.0093529,-0.01082,-0.25569,-0.27057,-0.28029,-0.29001,-0.29525,-0.296,-0.29675,-0.29613,-0.29416,-0.29219,-0.29102,-0.29067,-0.29032,-0.29069,-0.2918,-0.29291,-0.29354,-0.29369,-0.29384,-0.29257,-0.28988,-0.28719,-0.28294,-0.27715,-0.27135,-0.26442,-0.25637,-0.24831,-0.2397,-0.23053,-0.22137,-0.21213,-0.20281,-0.1935,-0.18435,-0.17536,-0.16637,-0.15763,-0.14913,-0.14063,-0.1325,-0.12475,-0.117,-0.10977,-0.10308,-0.096379,-0.090274,-0.084759,-0.079242,-0.074261,-0.069812,-0.065361,-0.061384,-0.057881,-0.054376,-0.051348,-0.048795,-0.046241,-0.044147,-0.042513,-0.040877,-0.039596,-0.03867,-0.037743,-0.036928,-0.036224,-0.03552,-0.034654,-0.033627,-0.0326,-0.031272,-0.029644,-0.028015,-0.026076,-0.023825,-0.021576,-0.019075,-0.01632,-0.013566,-0.010675,-0.0076474,-0.0046186,-0.0015728,0.00149,0.0045528,0.0076792,0.010869,0.01406,0.017791,0.022063,0.026335,0.031853,0.038618,0.045383,0.053376,0.062597,0.071817,0.080721,0.089308,0.097895,0.10386,0.1072,0.11054,0.11003,0.10567,0.10131,0.082614,0.049576,0.008715
0,0,0,0,0,0,0,0,0,0,0,0,0,0,0,0,0,0,0,0,0,0,0,0,0,0,0,0,0,0,0,0,0,0,0,0,0.10561,0.093805,0.081982,0.067227,0.04955,0.03187,0.012973,-0.0071319,-0.027239,-0.048667,-0.07142,-0.094178,-0.1163,-0.13779,-0.15928,-0.17845,-0.19529,-0.21214,-0.22628,-0.23774,-0.24919,-0.26575,-0.28742,-0.30909,-0.32818,-0.3447,-0.36123,-0.37516,-0.38648,-0.39781,-0.40916,-0.42053,-0.43191,-0.44362,-0.45566,-0.46772,-0.47838,-0.48765,-0.49693,-0.51118,-0.53041,-0.54964,-0.56871,-0.58763,-0.60654,-0.61331,-0.60791,-0.60253,-0.58076,-0.54261,-0.50447,-0.44846,-0.37453,-0.30059,-0.22966,-0.16181,-0.093953,-0.041662,-0.0049556,0.031755,0.052748,0.058028,0.063307,0.060948,0.050948,0.040947,0.031515,0.022655,0.013794,0.0070769,0.002502,-0.0020726,-0.003206,-0.00089969,0.0014087,0.0054525,0.011229,0.017009,0.020173,0.020715,0.021255,0.020131,0.01735,0.014567,0.0062233,-0.0076761,-0.021576,-0.041203,-0.066561,-0.091921,-0.12224,-0.15753,-0.19282,-0.22815,-0.26351,-0.29886,-0.33477,-0.37123,-0.40769,-0.44384,-0.47969,-0.51554,-0.55079,-0.58545,-0.6201,-0.64746,-0.66754,-0.68761,-0.70505,-0.71986,-0.73467,-0.75344,-0.76461,-0.76546,-0.76702,-0.77836,-0.8042,-0.81838,-0.79389,-0.74547,-0.70988,-0.69639,-0.67988,-0.63379,-0.58591,-0.58434,-0.58013,-0.44312,-0.18381,-0.059851,-0.24497,-0.50468,-0.48843,-0.18686,0.14228,0.32338,0.35481,0.33137,0.34149,0.3948,0.48654,0.67518,0.96395,1.1958,1.2456,1.2459,1.3595,1.5825,1.7998,1.8607,1.6892,1.2905,0.50991,0.32521,0.17608,0.075899,0,0,0,0,0,0,0,0,0,0,0,0,0,0,-0.067586,-0.062387,-0.033875,-0.006981,-0.01008,-0.03982,-0.11432,-0.096757,0.027787,0.20157,0.29306,0.22441,0.042257,-0.12412,-0.18846,-0.19039,-0.10376,-0.11829,-0.11176,-0.087648,0,0,0,0,0,0,0,0,0,0,0,0,0,0,0,0,0,0,0,0,0,0,0,0,-0.11351,-0.18672,-0.25771,-0.31637,-0.38868,-0.46851,-0.52179,-0.53313,-0.4824,-0.36258,-0.21464,-0.081044,0.026896,0.10778,0.17963,0.25658,0.34172,0.42334,0.48701,0.52663,0.54562,0.54997,0.54293,0.5237,0.49478,0.45453,0.41133,0.36865,0.31467,0.24787,0.17711,0.11825,0.073734,0.027985,-0.034765,-0.10932,-0.17024,-0.19065,-0.17751,-0.1702,-0.21756,-0.28289,-0.28643,-0.24176,-0.19265,-0.16491,-0.15465,-0.1304,-0.085452,-0.059666,-0.096708,-0.191,-0.29401,-0.35731,-0.35952,-0.31367,-0.25789,-0.22903,-0.23484,-0.25018,-0.22225,-0.10943,0.067276,0.25779,0.37553,0.3362,0.21286,0.12668,0.10239,0.13123,0.20175,0.2959,0.36436,0.36189,0.26615,0.096348,-0.033822,0,0,0,0,0,0,-0.014863,-0.041285,-0.02764,0,0,0,0,0,0,-0.076531,-0.13832,-0.18313,-0.18803,-0.16246,-0.11799,-0.067444,-0.020125,0.022501,0.07031,0.13932,0.20975,0.20735,0.082443,-0.15717,-0.47385,-0.79625,-1.0388,-1.1416,-1.1188,-1.0439,-0.96161,-0.87,-0.75697,-0.64772,-0.56334,-0.51049,-0.51758,-0.54336,-0.54736,-0.54783,-0.55599,-0.57868,-0.61032,-0.63489,-0.63945,-0.62936,-0.62246,-0.63106,-0.65394,-0.67988,-0.69782,-0.70435,-0.70364,-0.70108,-0.69731,-0.69111,-0.68436,-0.67995,-0.6762,-0.66664,-0.61188,-0.55694,-0.54871,-0.55253,-0.55957,-0.55451,-0.52831,-0.48318,-0.42849,-0.37451,-0.32804,-0.29274,-0.27102,-0.2622,-0.26101,-0.25978,-0.25105,-0.23138,-0.20274,-0.16918,-0.13522,-0.10579,-0.084631,-0.071877,-0.063986,-0.056272,-0.045148,-0.029619,-0.011698,0.0052878,0.01887,0.027818,0.03163,0.030777,0.026935,0.022556,0.019511,0.017645,0.015156,0.010202,0.0020933,-0.0085426,-0.020651,-0.033592,-0.047409,-0.063033,-0.081992,-0.1049,-0.13027,-0.15576,-0.17956,0.016609,-0.0043217,-0.2431,-0.25884,-0.26952,-0.28021,-0.28646,-0.28826,-0.29005,-0.29053,-0.28967,-0.28882,-0.28886,-0.28979,-0.29073,-0.29247,-0.29501,-0.29755,-0.29962,-0.30122,-0.30282,-0.30292,-0.30154,-0.30015,-0.29706,-0.29227,-0.28749,-0.2814,-0.27401,-0.26662,-0.25851,-0.24968,-0.24086,-0.23185,-0.22264,-0.21344,-0.20431,-0.19526,-0.1862,-0.1773,-0.16854,-0.15979,-0.15129,-0.14305,-0.1348,-0.12699,-0.1196,-0.11221,-0.10536,-0.099028,-0.0927,-0.086891,-0.081601,-0.076312,-0.071529,-0.067254,-0.062981,-0.059256,-0.056079,-0.052901,-0.050253,-0.048138,-0.046022,-0.044321,-0.043033,-0.041745,-0.040614,-0.039637,-0.03866,-0.037512,-0.036192,-0.034872,-0.033199,-0.031173,-0.029148,-0.026763,-0.024021,-0.021278,-0.018257,-0.014955,-0.011654,-0.0082008,-0.0045957,-0.00098991,0.0026372,0.0062858,0.0099342,0.013604,0.017296,0.020988,0.025088,0.029597,0.034106,0.039703,0.046389,0.053076,0.060912,0.069898,0.078884,0.087584,0.095998,0.10441,0.11037,0.11388,0.11738,0.11761,0.11456,0.11151,0.091664,0.05501,0.008715
0,0,0,0,0,0,0,0,0,0,0,0,0,0,0,0,0,0,0,0,0,0,0,0,0,0,0,0,0,0,0,0,0,0,0.049303,0.062444,0.1243,0.11329,0.10226,0.088084,0.070776,0.053465,0.035116,0.01573,-0.0036523,-0.024391,-0.04648,-0.068563,-0.090411,-0.11202,-0.13362,-0.15335,-0.17121,-0.18907,-0.20457,-0.2177,-0.23084,-0.2498,-0.27457,-0.29935,-0.32086,-0.3391,-0.35734,-0.37063,-0.37896,-0.38728,-0.39538,-0.40324,-0.4111,-0.41999,-0.42992,-0.43984,-0.45105,-0.46353,-0.476,-0.49486,-0.52012,-0.54537,-0.57145,-0.59836,-0.62527,-0.63943,-0.64084,-0.64224,-0.62545,-0.59045,-0.55544,-0.49941,-0.42237,-0.34531,-0.27025,-0.19724,-0.12423,-0.066653,-0.024513,0.017628,0.042922,0.05137,0.059814,0.058779,0.048264,0.037746,0.026156,0.013499,0.00084355,-0.010026,-0.019108,-0.028188,-0.032535,-0.032145,-0.031752,-0.028668,-0.022889,-0.017107,-0.01301,-0.010602,-0.0081971,-0.007099,-0.0073055,-0.0075137,-0.013594,-0.025544,-0.037493,-0.055766,-0.080368,-0.10497,-0.1347,-0.16955,-0.2044,-0.23926,-0.2741,-0.30894,-0.34418,-0.37981,-0.41544,-0.45043,-0.48478,-0.51914,-0.55343,-0.58766,-0.62189,-0.64957,-0.6707,-0.69183,-0.71149,-0.7297,-0.7479,-0.76463,-0.77693,-0.78494,-0.79393,-0.80642,-0.81786,-0.81321,-0.78454,-0.74529,-0.71655,-0.70344,-0.69228,-0.66716,-0.62114,-0.56378,-0.49353,-0.38799,-0.26777,-0.23098,-0.32818,-0.4253,-0.34568,-0.12658,0.048416,0.13719,0.22806,0.36062,0.48376,0.55164,0.59348,0.68752,0.86352,1.0376,1.1274,1.1811,1.3076,1.5038,1.6906,1.8006,1.7441,1.5002,1.1688,0.80368,0.4808,0.26315,0.10809,0,0,0,0,0,0,0,0,0,0,0,-0.054135,-0.077686,-0.16038,-0.14245,-0.079616,-0.025515,-0.033718,-0.10013,-0.14955,-0.09617,0.071385,0.25649,0.30351,0.16162,-0.043865,-0.12845,-0.10643,-0.12782,-0.21021,-0.26653,-0.24357,-0.16119,0,0,0,0,0,0,0,0,0,0,0,0,-0.01494,-0.026821,0,0,0,0,0,0,0,0,0,0,-0.1316,-0.19964,-0.26184,-0.31384,-0.38026,-0.44346,-0.48294,-0.50671,-0.46958,-0.33691,-0.16036,-0.026639,0.047315,0.096903,0.15975,0.24273,0.33086,0.41322,0.48007,0.52412,0.54448,0.54656,0.53651,0.52011,0.49775,0.46341,0.42152,0.37797,0.32634,0.26215,0.19379,0.13632,0.09365,0.052653,-0.0027081,-0.073432,-0.14016,-0.17809,-0.1885,-0.19912,-0.24337,-0.27973,-0.24673,-0.18588,-0.15993,-0.18507,-0.22652,-0.2301,-0.17881,-0.11818,-0.11703,-0.18633,-0.27206,-0.31761,-0.31125,-0.2802,-0.25314,-0.23663,-0.2226,-0.19597,-0.13442,-0.029444,0.098063,0.22792,0.32442,0.32931,0.24435,0.14394,0.091296,0.099562,0.15209,0.23302,0.31148,0.3499,0.32199,0.20355,0.058742,0.0096159,0.0096724,0.02091,0,0,0,-0.032848,-0.060955,-0.043689,-0.010388,-0.0075724,-0.0045865,0,0,0,-0.028466,-0.090752,-0.13946,-0.15416,-0.13796,-0.096373,-0.043922,0.0089226,0.05997,0.11972,0.19367,0.25062,0.22264,0.08003,-0.1497,-0.43419,-0.73898,-1,-1.1395,-1.1449,-1.0793,-1.0014,-0.9156,-0.81589,-0.71381,-0.62285,-0.56122,-0.54759,-0.5674,-0.57917,-0.57788,-0.58594,-0.6091,-0.63989,-0.66352,-0.66926,-0.6622,-0.65615,-0.66018,-0.67654,-0.69866,-0.71537,-0.72176,-0.72096,-0.71782,-0.71272,-0.70362,-0.6927,-0.68522,-0.68178,-0.67631,-0.62722,-0.57633,-0.56929,-0.57286,-0.59287,-0.58456,-0.53646,-0.47992,-0.41588,-0.35879,-0.31675,-0.29054,-0.27531,-0.26331,-0.25022,-0.23734,-0.22509,-0.21069,-0.19164,-0.1674,-0.13916,-0.1093,-0.081764,-0.060499,-0.045925,-0.034828,-0.023123,-0.0085637,0.0079926,0.023899,0.036921,0.045801,0.049819,0.049185,0.045423,0.040769,0.037095,0.03465,0.03208,0.027725,0.020488,0.010387,-0.0017115,-0.014987,-0.029171,-0.045089,-0.064444,-0.087948,-0.11396,-0.14004,-0.16438,0.024055,0.0024678,-0.22981,-0.24631,-0.25788,-0.26944,-0.27664,-0.27947,-0.2823,-0.28383,-0.28407,-0.2843,-0.2855,-0.28767,-0.28983,-0.29287,-0.2968,-0.30073,-0.30422,-0.30727,-0.31031,-0.31182,-0.31179,-0.31176,-0.3099,-0.30622,-0.30254,-0.2974,-0.2908,-0.2842,-0.27672,-0.26838,-0.26003,-0.25135,-0.24232,-0.2333,-0.22424,-0.21515,-0.20605,-0.19701,-0.18803,-0.17905,-0.17021,-0.16152,-0.15283,-0.14445,-0.13638,-0.1283,-0.12069,-0.11352,-0.10636,-0.099701,-0.093533,-0.087369,-0.081737,-0.07664,-0.071543,-0.067058,-0.063186,-0.059312,-0.056045,-0.053388,-0.050731,-0.048562,-0.046879,-0.045197,-0.043717,-0.042439,-0.041162,-0.039708,-0.038076,-0.036445,-0.034415,-0.031989,-0.029563,-0.026733,-0.023501,-0.020269,-0.01673,-0.012885,-0.0090392,-0.0050218,-0.00083254,0.0033576,0.0075695,0.011803,0.016037,0.020242,0.024416,0.028591,0.033044,0.037776,0.042508,0.048158,0.054728,0.061299,0.068908,0.077555,0.086202,0.094578,0.10269,0.11079,0.11663,0.1202,0.12376,0.12444,0.12224,0.12003,0.09911,0.059473,0
0,0,0,0,0,0,0,0,0,0,0,0,0,0,0,0,0,0,0,0,0,0,0,0,0,0,0,0,0,0,0,0,0,0,0.11751,0.13667,0.14138,0.13163,0.12188,0.10863,0.091882,0.075126,0.057091,0.037775,0.018461,-0.0020029,-0.023617,-0.045227,-0.066859,-0.088509,-0.11015,-0.13043,-0.14936,-0.16829,-0.18526,-0.20027,-0.21528,-0.23817,-0.26893,-0.2997,-0.3255,-0.34634,-0.36719,-0.38027,-0.38557,-0.39087,-0.39459,-0.39672,-0.39884,-0.40262,-0.40805,-0.41347,-0.42456,-0.44132,-0.45808,-0.47989,-0.50675,-0.53362,-0.5636,-0.59669,-0.62978,-0.65124,-0.66107,-0.6709,-0.65952,-0.62692,-0.59432,-0.53945,-0.46233,-0.38523,-0.30905,-0.23385,-0.15864,-0.097462,-0.050295,-0.0031296,0.026858,0.039666,0.05247,0.054369,0.045363,0.036353,0.024044,0.0084398,-0.0071622,-0.021728,-0.035257,-0.048785,-0.057462,-0.061284,-0.065105,-0.06483,-0.060459,-0.056085,-0.052308,-0.049139,-0.04597,-0.043303,-0.041142,-0.038983,-0.042601,-0.051994,-0.061386,-0.077425,-0.10011,-0.1228,-0.15072,-0.18387,-0.21703,-0.25124,-0.28651,-0.32178,-0.35814,-0.39559,-0.43303,-0.46913,-0.50389,-0.53863,-0.57261,-0.60582,-0.63904,-0.66638,-0.68784,-0.7093,-0.72994,-0.74977,-0.76626,-0.77954,-0.79157,-0.80452,-0.82066,-0.82943,-0.82204,-0.80325,-0.77839,-0.75614,-0.73754,-0.71787,-0.70397,-0.68892,-0.64631,-0.56179,-0.45437,-0.36837,-0.33694,-0.34492,-0.34175,-0.29359,-0.20586,-0.12006,-0.083676,-0.039141,0.11552,0.36151,0.5711,0.66634,0.69932,0.74566,0.82589,0.91312,0.99995,1.107,1.2557,1.4188,1.5386,1.6193,1.6465,1.5885,1.4165,1.0944,0.75303,0.50921,0.33275,0.14703,0,0,0,0,0,-0.052841,-0.062313,-0.066469,-0.06814,-0.06741,-0.12475,-0.15891,-0.18135,-0.15168,-0.076358,-0.020893,-0.042512,-0.13778,-0.1939,-0.095142,0.11441,0.25117,0.18009,-0.028425,-0.15808,-0.089355,-0.0030212,-0.073919,-0.22444,-0.30403,-0.25682,-0.14888,0,0,0,0,0,0,0,0,0,0,0,-0.014026,-0.037249,-0.063556,-0.046069,0,0,0,0,0,0,-0.05155,-0.042591,-0.048889,-0.14884,-0.20619,-0.25412,-0.30283,-0.36841,-0.41427,-0.43966,-0.47142,-0.45011,-0.31255,-0.11512,0.014385,0.056828,0.075604,0.12865,0.22107,0.31794,0.40398,0.47241,0.51842,0.54097,0.54453,0.53419,0.51556,0.48698,0.4545,0.42192,0.38291,0.33646,0.28085,0.22123,0.16578,0.11757,0.072192,0.021826,-0.03706,-0.096779,-0.14733,-0.19326,-0.24258,-0.28256,-0.27774,-0.21841,-0.16208,-0.16527,-0.2152,-0.25869,-0.25976,-0.22004,-0.17225,-0.16043,-0.19634,-0.24212,-0.25841,-0.25099,-0.24832,-0.25841,-0.24939,-0.19688,-0.11351,-0.015047,0.078656,0.13876,0.18139,0.22728,0.26719,0.25789,0.18616,0.11415,0.087791,0.11539,0.17853,0.2596,0.32775,0.33829,0.26637,0.14626,0.061232,0.0363,0.032857,0.0011234,-0.014236,-0.024764,-0.049158,-0.055179,-0.04517,-0.030569,-0.028447,-0.01518,0,0,0,-0.012965,-0.070202,-0.11223,-0.13582,-0.12231,-0.077176,-0.022243,0.033228,0.086275,0.14821,0.22243,0.2707,0.22932,0.085593,-0.11874,-0.36016,-0.64054,-0.91948,-1.1076,-1.163,-1.1213,-1.0447,-0.95822,-0.86964,-0.77589,-0.6842,-0.6225,-0.5915,-0.58845,-0.60254,-0.61074,-0.61865,-0.64034,-0.66769,-0.68883,-0.69764,-0.69624,-0.69195,-0.69215,-0.70153,-0.71807,-0.73267,-0.73893,-0.73879,-0.73613,-0.73027,-0.71926,-0.70629,-0.69734,-0.69329,-0.68898,-0.64184,-0.59159,-0.58382,-0.60159,-0.63333,-0.61757,-0.54839,-0.47021,-0.40036,-0.34612,-0.31413,-0.29921,-0.28863,-0.27044,-0.24341,-0.21723,-0.19992,-0.18856,-0.17492,-0.15492,-0.12952,-0.10138,-0.073574,-0.049232,-0.030186,-0.015606,-0.0026708,0.011187,0.026569,0.042067,0.055327,0.064482,0.068733,0.068299,0.064669,0.060072,0.056181,0.053267,0.050313,0.045933,0.039127,0.029614,0.017777,0.0043209,-0.010286,-0.02669,-0.046599,-0.07072,-0.097309,-0.12391,-0.14877,0.031716,0.0095929,-0.21582,-0.23299,-0.24535,-0.2577,-0.2658,-0.26964,-0.27347,-0.27604,-0.27734,-0.27865,-0.28096,-0.28429,-0.28762,-0.29192,-0.29718,-0.30245,-0.30733,-0.31183,-0.31633,-0.31926,-0.32064,-0.32202,-0.32147,-0.31899,-0.31651,-0.31243,-0.30675,-0.30107,-0.29435,-0.28661,-0.27888,-0.27063,-0.26186,-0.25309,-0.24415,-0.23503,-0.22591,-0.21676,-0.20759,-0.19842,-0.18928,-0.18018,-0.17108,-0.16215,-0.1534,-0.14465,-0.13626,-0.12825,-0.12023,-0.11269,-0.10561,-0.098533,-0.092009,-0.086037,-0.080065,-0.074757,-0.070116,-0.065474,-0.061522,-0.058263,-0.055003,-0.052318,-0.050207,-0.048096,-0.046237,-0.04463,-0.043024,-0.04124,-0.039279,-0.037319,-0.034923,-0.032091,-0.029259,-0.025984,-0.022266,-0.018548,-0.014496,-0.01011,-0.0057226,-0.0011389,0.0036418,0.0084236,0.013224,0.018043,0.022862,0.027591,0.03223,0.03687,0.04166,0.0466,0.05154,0.057218,0.063634,0.070051,0.077362,0.085566,0.093771,0.10171,0.10937,0.11704,0.12264,0.12616,0.12969,0.13053,0.1287,0.12686,0.10496,0.062981,0
0,0,0,0,0,0,0,0,0,0,0,0,0,0,0,0,0,0,0,0,0,0,0,0,0,0,0,0,0,0,0,0,0,0,0.15531,0.16023,0.15846,0.14998,0.14151,0.12918,0.11298,0.096784,0.079065,0.059819,0.040572,0.020386,-0.00074922,-0.021892,-0.04331,-0.064999,-0.086683,-0.10752,-0.12751,-0.1475,-0.16595,-0.18284,-0.19973,-0.22654,-0.26329,-0.30004,-0.33014,-0.35359,-0.37704,-0.38991,-0.39219,-0.39446,-0.3938,-0.3902,-0.38659,-0.38525,-0.38618,-0.38711,-0.39809,-0.41912,-0.44016,-0.46492,-0.4934,-0.52189,-0.55576,-0.59502,-0.63429,-0.66305,-0.6813,-0.69955,-0.69358,-0.66339,-0.6332,-0.5795,-0.50231,-0.42513,-0.34783,-0.27044,-0.19305,-0.12826,-0.076069,-0.023881,0.010789,0.027954,0.045121,0.049956,0.042458,0.034956,0.021931,0.0033855,-0.015163,-0.033426,-0.051402,-0.069377,-0.082383,-0.090417,-0.098455,-0.10099,-0.098022,-0.095054,-0.091602,-0.08767,-0.083736,-0.079503,-0.074976,-0.070449,-0.071606,-0.078444,-0.08528,-0.099085,-0.11986,-0.14064,-0.16675,-0.1982,-0.22965,-0.26322,-0.29892,-0.33462,-0.3721,-0.41137,-0.45063,-0.48784,-0.52299,-0.55813,-0.5918,-0.624,-0.65619,-0.68319,-0.70499,-0.72678,-0.74839,-0.76984,-0.78795,-0.80187,-0.8105,-0.82342,-0.84182,-0.8433,-0.82462,-0.80033,-0.78429,-0.77687,-0.76162,-0.73786,-0.718,-0.69808,-0.65727,-0.57623,-0.47015,-0.39129,-0.3721,-0.37137,-0.31832,-0.21541,-0.14007,-0.13693,-0.16564,-0.12523,0.065754,0.33478,0.54337,0.65358,0.71022,0.76728,0.83729,0.87721,0.91029,1.0174,1.1765,1.3203,1.3894,1.3945,1.4548,1.551,1.516,1.3108,1.0469,0.81109,0.6049,0.41708,0.17534,0.096764,0.034017,-0.0055562,-0.031276,-0.10156,-0.1267,-0.13941,-0.1406,-0.13862,-0.14573,-0.15973,-0.16155,-0.12565,-0.04679,0.010656,-0.021248,-0.13717,-0.19647,-0.072834,0.11828,0.1427,-0.045341,-0.23599,-0.20176,-0.018259,0.042267,-0.083249,-0.24306,-0.29026,-0.22636,-0.14799,-0.064838,-0.064399,0,0,0,0,0,0,0.014397,-0.0039719,-0.024534,-0.054684,-0.069384,-0.090754,-0.11102,-0.07247,-0.070705,-0.064355,0,0,0,-0.079382,-0.08453,-0.11148,-0.16363,-0.20839,-0.25031,-0.30618,-0.36176,-0.38128,-0.38926,-0.42146,-0.41714,-0.28986,-0.097979,0.023371,0.053632,0.055035,0.098081,0.19448,0.30119,0.39326,0.46173,0.50647,0.53041,0.53642,0.52601,0.50125,0.46841,0.44057,0.41931,0.38809,0.34335,0.29455,0.24517,0.19444,0.14337,0.094472,0.046355,-0.0047844,-0.061123,-0.12356,-0.19058,-0.24836,-0.27019,-0.24905,-0.21726,-0.20934,-0.23043,-0.25253,-0.24937,-0.22922,-0.20675,-0.19322,-0.19802,-0.21273,-0.21718,-0.21117,-0.21238,-0.2344,-0.26497,-0.25046,-0.15351,-0.015558,0.10211,0.15882,0.14689,0.12533,0.14031,0.20828,0.26789,0.24434,0.16529,0.098705,0.10359,0.15747,0.21996,0.28004,0.30863,0.28036,0.21019,0.13588,0.071055,0.009245,-0.035979,-0.057181,-0.054175,-0.03351,-0.019268,-0.021796,-0.037447,-0.050296,-0.02698,0,0,0,0,-0.031299,-0.091658,-0.11945,-0.10873,-0.061305,-0.007122,0.045275,0.094852,0.15039,0.22062,0.26904,0.2289,0.093923,-0.083221,-0.2819,-0.52559,-0.80337,-1.0363,-1.1549,-1.1551,-1.0885,-1.0003,-0.91331,-0.8265,-0.74204,-0.68434,-0.6509,-0.62815,-0.622,-0.63694,-0.65305,-0.67032,-0.69396,-0.71425,-0.72698,-0.73058,-0.72766,-0.72494,-0.72815,-0.73864,-0.75068,-0.75711,-0.75746,-0.75461,-0.74839,-0.73808,-0.7265,-0.71716,-0.71014,-0.70237,-0.67195,-0.63917,-0.6281,-0.63932,-0.64968,-0.61476,-0.54247,-0.46193,-0.39299,-0.34632,-0.32486,-0.31453,-0.29933,-0.27194,-0.23648,-0.20403,-0.18236,-0.16884,-0.15494,-0.13542,-0.11087,-0.08445,-0.058684,-0.034884,-0.014193,0.0026835,0.016736,0.03014,0.04449,0.059558,0.073237,0.083115,0.087937,0.087855,0.084492,0.080169,0.076341,0.073127,0.069721,0.06502,0.058319,0.049272,0.037795,0.024281,0.0091861,-0.0079214,-0.028508,-0.053233,-0.080411,-0.1076,-0.13306,0.039421,0.016732,-0.20183,-0.21968,-0.23282,-0.24596,-0.25496,-0.2598,-0.26464,-0.26825,-0.27062,-0.27299,-0.27642,-0.28091,-0.28541,-0.29095,-0.29756,-0.30417,-0.31045,-0.31639,-0.32234,-0.3267,-0.32949,-0.33227,-0.33303,-0.33176,-0.33048,-0.32746,-0.3227,-0.31793,-0.31198,-0.30485,-0.29772,-0.2899,-0.28139,-0.27287,-0.26405,-0.2549,-0.24576,-0.23651,-0.22715,-0.21779,-0.20835,-0.19884,-0.18932,-0.17985,-0.17042,-0.16099,-0.15185,-0.14298,-0.13411,-0.12568,-0.11769,-0.1097,-0.10228,-0.095434,-0.088587,-0.082458,-0.077047,-0.071636,-0.066999,-0.063137,-0.059275,-0.056074,-0.053534,-0.050994,-0.048757,-0.046821,-0.044886,-0.042773,-0.040483,-0.038193,-0.03543,-0.032193,-0.028955,-0.025235,-0.021031,-0.016828,-0.012262,-0.0073341,-0.0024061,0.002744,0.0081164,0.01349,0.018878,0.024283,0.029686,0.03494,0.040044,0.045148,0.050275,0.055423,0.060572,0.066278,0.072539,0.078802,0.085815,0.093577,0.10134,0.10883,0.11606,0.12329,0.12864,0.13213,0.13561,0.13662,0.13516,0.13369,0.11081,0.066496,0
0,0,0,0,0,0,0,0,0,0,0,0,0,0,0,0,0,0,0,0,0,0,0,0,0,0,0,0,0,0,0,0,0,0,0.18507,0.18216,0.17659,0.16838,0.16017,0.14809,0.13212,0.11616,0.09849,0.07911,0.059728,0.03954,0.018535,-0.002474,-0.023888,-0.045707,-0.067524,-0.088874,-0.10976,-0.13064,-0.15072,-0.17,-0.18929,-0.21985,-0.26169,-0.30354,-0.3367,-0.36116,-0.38562,-0.39864,-0.4002,-0.40176,-0.39844,-0.39025,-0.38205,-0.37691,-0.37483,-0.37274,-0.38292,-0.40537,-0.42781,-0.45557,-0.48863,-0.5217,-0.55942,-0.6018,-0.64418,-0.67576,-0.69655,-0.71732,-0.71314,-0.68398,-0.65481,-0.60297,-0.52844,-0.45389,-0.37817,-0.3013,-0.22442,-0.15891,-0.1048,-0.050694,-0.013198,0.0076876,0.028573,0.037173,0.033487,0.029797,0.018775,0.00041779,-0.017943,-0.037491,-0.058225,-0.078961,-0.095349,-0.10739,-0.11943,-0.12537,-0.12521,-0.12504,-0.12322,-0.11975,-0.11627,-0.11196,-0.10683,-0.10171,-0.10193,-0.10749,-0.11305,-0.12498,-0.14328,-0.16157,-0.18561,-0.21542,-0.24522,-0.27851,-0.31528,-0.35205,-0.39122,-0.4328,-0.47438,-0.5135,-0.55014,-0.58678,-0.6207,-0.6519,-0.6831,-0.70983,-0.73212,-0.75439,-0.7757,-0.79605,-0.81639,-0.82484,-0.82997,-0.84505,-0.85594,-0.85163,-0.8311,-0.8058,-0.79499,-0.79141,-0.77878,-0.75873,-0.73296,-0.70292,-0.662,-0.59823,-0.51384,-0.43567,-0.38699,-0.35262,-0.29616,-0.217,-0.16255,-0.15887,-0.15613,-0.084528,0.098557,0.3137,0.45508,0.54001,0.62301,0.73399,0.85064,0.89767,0.87976,0.92184,1.0669,1.221,1.2734,1.2214,1.2229,1.3484,1.4524,1.4365,1.3142,1.1345,0.93194,0.7035,0.4899,0.30473,0.14605,0.035968,-0.038301,-0.08831,-0.12382,-0.1418,-0.14184,-0.13908,-0.14807,-0.15848,-0.15645,-0.12083,-0.039439,0.026757,0.015767,-0.060647,-0.089362,0.0026692,0.068789,-0.057365,-0.28723,-0.35603,-0.16183,0.040902,0.029894,-0.11716,-0.22772,-0.23195,-0.18357,-0.15235,-0.15329,-0.15179,-0.068696,-0.053126,-0.043149,-0.018505,0.017021,0.042248,0.046507,-0.011657,-0.075421,-0.11825,-0.12985,-0.13767,-0.1562,-0.17179,-0.17032,-0.15565,0,0,0,-0.082454,-0.1077,-0.14217,-0.18033,-0.21839,-0.2643,-0.32425,-0.36421,-0.35856,-0.34983,-0.37341,-0.3688,-0.26139,-0.10026,0.0081508,0.041934,0.04775,0.088296,0.18055,0.28649,0.37743,0.44394,0.48583,0.50898,0.51431,0.50071,0.47518,0.45221,0.44,0.42724,0.39385,0.34392,0.29583,0.25381,0.21215,0.16687,0.11928,0.07029,0.017595,-0.042759,-0.10983,-0.16974,-0.20231,-0.2048,-0.20887,-0.24679,-0.29722,-0.31102,-0.277,-0.22505,-0.19026,-0.18585,-0.20236,-0.2175,-0.21531,-0.195,-0.17749,-0.18457,-0.219,-0.24752,-0.21474,-0.096086,0.058752,0.15818,0.16781,0.12575,0.093796,0.11105,0.18916,0.27038,0.28566,0.23456,0.16034,0.13246,0.15355,0.1849,0.21528,0.23297,0.23357,0.21888,0.17042,0.070546,-0.056163,-0.14168,-0.13863,-0.065332,0.012974,0.046069,0.029925,-0.018006,-0.056911,-0.033964,0,0,0,0,0,-0.074546,-0.10221,-0.094495,-0.04902,-0.00078337,0.044118,0.086789,0.1346,0.1971,0.2425,0.20918,0.091751,-0.058242,-0.21611,-0.41395,-0.66679,-0.92433,-1.1056,-1.1654,-1.1283,-1.0437,-0.95565,-0.87402,-0.79875,-0.7433,-0.70641,-0.68082,-0.65865,-0.66827,-0.69049,-0.70035,-0.71953,-0.74028,-0.75626,-0.76361,-0.7621,-0.75704,-0.75583,-0.76137,-0.76978,-0.77538,-0.77639,-0.77417,-0.76917,-0.76145,-0.75226,-0.74199,-0.72977,-0.7147,-0.69759,-0.68141,-0.66809,-0.6576,-0.64541,-0.59567,-0.52627,-0.46472,-0.40331,-0.36334,-0.34408,-0.3277,-0.30192,-0.26751,-0.2312,-0.19906,-0.174,-0.15455,-0.13564,-0.11344,-0.088228,-0.062488,-0.03823,-0.016057,0.0039124,0.021102,0.035592,0.048852,0.062549,0.077073,0.090899,0.10148,0.10703,0.10759,0.10487,0.10104,0.097388,0.093936,0.090044,0.085,0.078324,0.06957,0.058344,0.044729,0.029084,0.011153,-0.010222,-0.035502,-0.063093,-0.09077,-0.11683,0.047358,0.024148,-0.1872,-0.20564,-0.21947,-0.23329,-0.2431,-0.24888,-0.25465,-0.25925,-0.26266,-0.26607,-0.27057,-0.27616,-0.28175,-0.28847,-0.29632,-0.30418,-0.31178,-0.31914,-0.3265,-0.33229,-0.33653,-0.34077,-0.34291,-0.34295,-0.34299,-0.34114,-0.33741,-0.33369,-0.32861,-0.32219,-0.31576,-0.30847,-0.30031,-0.29214,-0.2835,-0.27438,-0.26526,-0.25593,-0.24636,-0.2368,-0.22706,-0.21714,-0.20723,-0.19725,-0.1872,-0.17716,-0.1673,-0.15763,-0.14796,-0.13868,-0.1298,-0.12091,-0.1126,-0.10487,-0.097145,-0.090184,-0.083987,-0.077791,-0.072447,-0.067953,-0.063459,-0.0597,-0.056676,-0.053652,-0.050975,-0.048644,-0.046313,-0.043815,-0.041151,-0.038487,-0.035324,-0.031661,-0.027997,-0.023809,-0.019098,-0.014387,-0.0092907,-0.0038108,0.0016692,0.0073772,0.013313,0.01925,0.02518,0.031104,0.037028,0.042735,0.048225,0.053716,0.059105,0.064394,0.069683,0.075352,0.081403,0.087453,0.094114,0.10138,0.10865,0.11568,0.12245,0.12923,0.13429,0.13762,0.14095,0.14189,0.14043,0.13897,0.1152,0.069133,0.011673
0,0,0,0,0,0,0,0,0,0,0,0,0,0,0,0,0,0,0,0,0,0,0,0,0,0,0,0,0,0,0,0,0,0.11138,0.20681,0.20245,0.19579,0.18682,0.17786,0.16535,0.1493,0.13325,0.11537,0.095648,0.075928,0.05546,0.034236,0.013014,-0.0086124,-0.030648,-0.052681,-0.074495,-0.096089,-0.11768,-0.13958,-0.16177,-0.18397,-0.21808,-0.26413,-0.31019,-0.34516,-0.36906,-0.39295,-0.40647,-0.40962,-0.41275,-0.4085,-0.39687,-0.38523,-0.3776,-0.37399,-0.37038,-0.37907,-0.40005,-0.42103,-0.45182,-0.49244,-0.53304,-0.57457,-0.61701,-0.65946,-0.68939,-0.70681,-0.72422,-0.71818,-0.68868,-0.65917,-0.60984,-0.54068,-0.4715,-0.40007,-0.32643,-0.25277,-0.18945,-0.1365,-0.083548,-0.045089,-0.021127,0.0028343,0.016029,0.018454,0.020879,0.014573,-0.00046583,-0.015508,-0.033928,-0.055734,-0.077543,-0.096364,-0.1122,-0.12804,-0.13798,-0.14202,-0.14606,-0.14718,-0.14538,-0.14358,-0.14069,-0.13672,-0.13276,-0.13357,-0.13914,-0.14471,-0.15512,-0.17035,-0.18559,-0.20731,-0.23553,-0.26373,-0.29708,-0.33557,-0.37406,-0.41549,-0.45988,-0.50426,-0.54608,-0.58533,-0.62457,-0.65931,-0.68952,-0.71974,-0.74631,-0.76922,-0.79214,-0.81186,-0.8284,-0.84493,-0.85097,-0.85528,-0.86473,-0.8676,-0.86004,-0.84037,-0.8172,-0.80369,-0.79803,-0.79021,-0.77547,-0.74937,-0.71381,-0.67187,-0.62108,-0.55623,-0.48078,-0.40905,-0.3516,-0.30509,-0.26176,-0.22131,-0.18077,-0.11466,0.0032791,0.16641,0.31411,0.38489,0.40996,0.47586,0.62061,0.79015,0.89252,0.88128,0.86972,0.96183,1.1115,1.2164,1.1755,1.0569,1.0587,1.2242,1.3898,1.429,1.3518,1.2104,1.0151,0.78323,0.54517,0.33078,0.1691,0.05018,-0.034919,-0.087581,-0.11065,-0.11074,-0.10946,-0.13367,-0.17896,-0.21607,-0.18471,-0.075629,0.023277,0.057719,0.058515,0.0879,0.12424,0.020585,-0.24164,-0.43235,-0.33649,-0.051978,0.10218,0.029656,-0.098897,-0.15845,-0.16949,-0.18224,-0.20561,-0.21827,-0.19717,-0.15299,-0.12343,-0.10654,-0.061194,0.015475,0.076837,0.069737,-0.0076211,-0.10909,-0.18234,-0.2051,-0.20969,-0.22495,-0.2389,-0.23783,-0.22153,-0.112,-0.094397,-0.08785,-0.1443,-0.16134,-0.17981,-0.20146,-0.22354,-0.26703,-0.32462,-0.34893,-0.33019,-0.313,-0.32006,-0.29647,-0.20918,-0.095854,-0.015007,0.023493,0.04999,0.099507,0.18217,0.27687,0.36106,0.42461,0.46381,0.48338,0.48258,0.46209,0.44077,0.44042,0.45139,0.43905,0.39522,0.34016,0.29091,0.25258,0.21957,0.18321,0.13916,0.087583,0.028934,-0.035516,-0.097208,-0.13881,-0.1503,-0.15347,-0.19179,-0.27351,-0.34267,-0.34038,-0.27722,-0.21188,-0.1844,-0.19449,-0.21513,-0.21534,-0.18885,-0.14974,-0.12861,-0.13886,-0.16813,-0.1814,-0.13479,-0.028435,0.083846,0.12827,0.10331,0.073816,0.073806,0.11364,0.18575,0.24554,0.27016,0.27053,0.23376,0.18059,0.16335,0.16975,0.15902,0.13529,0.1476,0.10303,0.086151,0.026119,-0.053461,-0.30303,-0.24938,-0.071321,0.079978,0.13225,0.10496,0.025514,-0.027489,-0.017577,0,0,0,0,0,-0.065674,-0.08883,-0.080415,-0.042002,-0.0035867,0.032135,0.066901,0.10473,0.15391,0.19858,0.18904,0.10504,-0.018391,-0.14992,-0.30955,-0.52856,-0.79084,-1.0197,-1.1422,-1.1487,-1.0809,-0.993,-0.91839,-0.85706,-0.80261,-0.76198,-0.73362,-0.7091,-0.71646,-0.73392,-0.73483,-0.74679,-0.76582,-0.78373,-0.79343,-0.7934,-0.78804,-0.78407,-0.78483,-0.78904,-0.7933,-0.79508,-0.79415,-0.79128,-0.78664,-0.77907,-0.76653,-0.7483,-0.72635,-0.70458,-0.68647,-0.67231,-0.65866,-0.62589,-0.57414,-0.52712,-0.4791,-0.42848,-0.39058,-0.36372,-0.33503,-0.29942,-0.26188,-0.22777,-0.1978,-0.17068,-0.14543,-0.12048,-0.094181,-0.066696,-0.039942,-0.015724,0.0055108,0.024139,0.04046,0.05483,0.068094,0.081348,0.095176,0.10867,0.11953,0.12582,0.12743,0.12577,0.12265,0.11918,0.11546,0.11115,0.10588,0.099206,0.090544,0.079364,0.065509,0.049264,0.030516,0.0083269,-0.017502,-0.045424,-0.073525,-0.10013,0.055558,0.031888,-0.17191,-0.19087,-0.20528,-0.21969,-0.23021,-0.23686,-0.2435,-0.24904,-0.25347,-0.2579,-0.26343,-0.27004,-0.27666,-0.28447,-0.29347,-0.30247,-0.31134,-0.32007,-0.3288,-0.33603,-0.34177,-0.3475,-0.3511,-0.35256,-0.35402,-0.35347,-0.3509,-0.34833,-0.34424,-0.33862,-0.333,-0.32633,-0.31861,-0.31088,-0.30249,-0.29345,-0.28441,-0.275,-0.26522,-0.25545,-0.24541,-0.2351,-0.2248,-0.21434,-0.20374,-0.19314,-0.18263,-0.1722,-0.16178,-0.1517,-0.14193,-0.13217,-0.12297,-0.11435,-0.10574,-0.097933,-0.090936,-0.083941,-0.077866,-0.07271,-0.067555,-0.063196,-0.059633,-0.05607,-0.052892,-0.050098,-0.047304,-0.044366,-0.041285,-0.038204,-0.034607,-0.030496,-0.026384,-0.021708,-0.016467,-0.011226,-0.0055848,0.00045906,0.0065026,0.01276,0.019231,0.025704,0.03213,0.038509,0.044888,0.050976,0.056774,0.062572,0.068151,0.073511,0.078871,0.084442,0.090223,0.096004,0.10226,0.10899,0.11572,0.12224,0.12856,0.13488,0.13957,0.14264,0.1457,0.14633,0.14451,0.14269,0.11815,0.070903,0.023644
0,0,0,0,0,0,0,0,0,0,0,0,0,0,0,0,0,0,0,0,0,0,0,0,0,0,0,0,0,0,0,0.0623,0.10382,0.23434,0.22854,0.22274,0.21498,0.20526,0.19555,0.18262,0.16648,0.15034,0.13225,0.11219,0.092129,0.071381,0.049942,0.028505,0.0066637,-0.015586,-0.03784,-0.060119,-0.082424,-0.10473,-0.12844,-0.15354,-0.17864,-0.21632,-0.26657,-0.31683,-0.35362,-0.37695,-0.40028,-0.41431,-0.41903,-0.42375,-0.41857,-0.40348,-0.3884,-0.37829,-0.37316,-0.36802,-0.37522,-0.39474,-0.41426,-0.4481,-0.49625,-0.5444,-0.58972,-0.63222,-0.67473,-0.70302,-0.71707,-0.73112,-0.72323,-0.69338,-0.66352,-0.6167,-0.5529,-0.4891,-0.42198,-0.35155,-0.28112,-0.22001,-0.16821,-0.11641,-0.07699,-0.049944,-0.022913,-0.0051263,0.0034154,0.011955,0.010365,-0.0013559,-0.013078,-0.030373,-0.053249,-0.076128,-0.097381,-0.11702,-0.13665,-0.15059,-0.15883,-0.16707,-0.17113,-0.171,-0.17088,-0.16942,-0.16662,-0.16381,-0.1652,-0.17079,-0.17637,-0.18525,-0.19743,-0.20962,-0.22902,-0.25563,-0.28225,-0.31565,-0.35585,-0.39606,-0.43976,-0.48696,-0.53415,-0.57867,-0.62052,-0.66236,-0.69791,-0.72715,-0.75639,-0.78278,-0.80633,-0.82988,-0.84801,-0.86074,-0.87377,-0.87993,-0.88073,-0.88276,-0.88043,-0.86934,-0.85106,-0.83088,-0.81412,-0.80376,-0.79738,-0.78808,-0.76805,-0.73456,-0.69191,-0.6441,-0.58813,-0.5204,-0.4477,-0.38473,-0.34072,-0.31051,-0.27649,-0.21676,-0.11128,0.045223,0.21458,0.33316,0.36029,0.33903,0.36643,0.47267,0.6424,0.81137,0.89031,0.89039,0.90899,1.0225,1.1953,1.2589,1.0923,0.88691,0.90042,1.1084,1.3176,1.3962,1.3647,1.2498,1.0457,0.79798,0.56654,0.3726,0.21387,0.090982,0.0084685,-0.028394,-0.030442,-0.0348,-0.089076,-0.197,-0.30516,-0.31195,-0.1853,-0.033899,0.06435,0.14438,0.23369,0.23637,0.033499,-0.271,-0.37838,-0.1677,0.12031,0.20665,0.10815,-0.002092,-0.072806,-0.15293,-0.24422,-0.29511,-0.2791,-0.22307,-0.17236,-0.14603,-0.13115,-0.10286,-0.04325,0.032335,0.061862,0.0035013,-0.11365,-0.22306,-0.27516,-0.28954,-0.30538,-0.31806,-0.31674,-0.30378,-0.27334,-0.238,-0.21688,-0.21377,-0.2205,-0.2242,-0.21665,-0.21017,-0.24988,-0.30415,-0.3181,-0.29933,-0.28136,-0.26519,-0.22093,-0.16025,-0.10304,-0.051221,0.002976,0.061563,0.12344,0.19008,0.26285,0.33569,0.39859,0.44252,0.46033,0.4468,0.4178,0.41145,0.43651,0.45453,0.43615,0.38997,0.33562,0.28718,0.24965,0.21905,0.1862,0.14421,0.091727,0.031214,-0.031093,-0.083859,-0.11592,-0.12961,-0.14739,-0.19229,-0.25513,-0.29612,-0.28822,-0.2485,-0.21811,-0.21756,-0.23151,-0.23247,-0.20464,-0.14904,-0.084715,-0.057654,-0.070314,-0.091031,-0.094963,-0.053788,0.0164,0.063128,0.055935,0.021325,0.018185,0.061681,0.1238,0.17262,0.18704,0.19128,0.222,0.24419,0.22643,0.20278,0.17884,0.12411,0.066093,0.093179,0,0,0,0,-0.41012,-0.35252,-0.080392,0.13748,0.2183,0.18361,0.084532,0,0,0,0,0,0,0,-0.056803,-0.073822,-0.068508,-0.042835,-0.014634,0.011566,0.038353,0.06808,0.10528,0.14551,0.16053,0.11806,0.02548,-0.085005,-0.21561,-0.40186,-0.6521,-0.9031,-1.0767,-1.1357,-1.1013,-1.0303,-0.96271,-0.91107,-0.86271,-0.81808,-0.78726,-0.76226,-0.75286,-0.76638,-0.77589,-0.77947,-0.79247,-0.80845,-0.81868,-0.82057,-0.81713,-0.81245,-0.8098,-0.8105,-0.81283,-0.81392,-0.81315,-0.81167,-0.80901,-0.80176,-0.78677,-0.7644,-0.73861,-0.71431,-0.69443,-0.67837,-0.66134,-0.60841,-0.55527,-0.53178,-0.49929,-0.45939,-0.41803,-0.37762,-0.33629,-0.29474,-0.25685,-0.22442,-0.19558,-0.16752,-0.13896,-0.10983,-0.079984,-0.049742,-0.020821,0.0048913,0.026695,0.045005,0.060771,0.074884,0.088092,0.10102,0.11389,0.12634,0.13704,0.14417,0.14711,0.14675,0.1444,0.14112,0.13734,0.13294,0.12758,0.12083,0.11206,0.10068,0.086443,0.069605,0.050119,0.027234,0.00088295,-0.027514,-0.056183,-0.083398,0.063771,0.039649,-0.15663,-0.1761,-0.19109,-0.20608,-0.21733,-0.22484,-0.23234,-0.23882,-0.24428,-0.24973,-0.25628,-0.26392,-0.27156,-0.28046,-0.29062,-0.30077,-0.3109,-0.321,-0.3311,-0.33977,-0.347,-0.35424,-0.35929,-0.36218,-0.36506,-0.3658,-0.36439,-0.36297,-0.35986,-0.35505,-0.35024,-0.3442,-0.33691,-0.32962,-0.32149,-0.31252,-0.30355,-0.29407,-0.28409,-0.2741,-0.26375,-0.25306,-0.24236,-0.23144,-0.22028,-0.20911,-0.19795,-0.18678,-0.17561,-0.16471,-0.15407,-0.14342,-0.13334,-0.12384,-0.11433,-0.10568,-0.097884,-0.090089,-0.083283,-0.077466,-0.07165,-0.066691,-0.06259,-0.058489,-0.054809,-0.051552,-0.048295,-0.044917,-0.041419,-0.037921,-0.033892,-0.029331,-0.024771,-0.019606,-0.013836,-0.0080657,-0.001878,0.0047293,0.011336,0.018143,0.02515,0.032158,0.039079,0.045913,0.052747,0.059217,0.065323,0.071428,0.077197,0.082629,0.08806,0.093532,0.099043,0.10455,0.1104,0.11659,0.12278,0.1288,0.13466,0.14052,0.14486,0.14766,0.15046,0.15077,0.14859,0.14641,0.1211,0.072674,0.024233
0,0,0,0,0,0,0,0,0,0,0,0,0,0,0,0,0,0,0,0,0,0,0,0,0,0,0,0,0,0,0,0.14071,0.21277,0.24683,0.24287,0.2389,0.23184,0.22169,0.21153,0.19814,0.18151,0.16488,0.14628,0.1257,0.10513,0.083927,0.062108,0.04029,0.018113,-0.004428,-0.026974,-0.049654,-0.072469,-0.095285,-0.12109,-0.14987,-0.17865,-0.21858,-0.26966,-0.32073,-0.35846,-0.38284,-0.40722,-0.42215,-0.42764,-0.43312,-0.42804,-0.41241,-0.39677,-0.38675,-0.38236,-0.37797,-0.38576,-0.40573,-0.42571,-0.46146,-0.513,-0.56454,-0.61016,-0.64986,-0.68956,-0.71345,-0.72154,-0.72962,-0.7183,-0.68756,-0.65681,-0.61193,-0.55291,-0.49389,-0.43325,-0.37099,-0.30872,-0.25361,-0.20566,-0.15771,-0.11915,-0.089956,-0.060787,-0.03915,-0.02505,-0.010955,-0.0072535,-0.013956,-0.020662,-0.034525,-0.055549,-0.076574,-0.09774,-0.11905,-0.14036,-0.15704,-0.16909,-0.18113,-0.18867,-0.1917,-0.19473,-0.19589,-0.1952,-0.1945,-0.19666,-0.20166,-0.20666,-0.21414,-0.2241,-0.23406,-0.25175,-0.27719,-0.30262,-0.3362,-0.37793,-0.41966,-0.46543,-0.51523,-0.56503,-0.61187,-0.65573,-0.69959,-0.73582,-0.76439,-0.79297,-0.81812,-0.83985,-0.86157,-0.87705,-0.8863,-0.89585,-0.89976,-0.8997,-0.89908,-0.89249,-0.87938,-0.86209,-0.84358,-0.82513,-0.80948,-0.80206,-0.79792,-0.7859,-0.76003,-0.72019,-0.67196,-0.61769,-0.55622,-0.49046,-0.42882,-0.3794,-0.3439,-0.3107,-0.25184,-0.13689,0.036897,0.22097,0.33837,0.35813,0.3312,0.33337,0.36471,0.47357,0.67568,0.86031,0.92142,0.90498,0.96546,1.1572,1.3396,1.2432,0.90176,0.67926,0.77476,1.0491,1.2599,1.3382,1.3172,1.2001,1.0232,0.827,0.62309,0.43216,0.27376,0.15354,0.090571,0.075703,0.062346,-0.0037897,-0.14443,-0.31706,-0.42252,-0.37494,-0.20225,-0.011574,0.1467,0.25307,0.23151,0.060584,-0.11159,-0.08783,0.13734,0.34082,0.36001,0.251,0.11997,-0.021032,-0.18376,-0.31184,-0.34752,-0.3043,-0.23684,-0.18397,-0.14875,-0.12683,-0.12102,-0.10669,-0.050089,0.00317,-0.018006,-0.118,-0.23983,-0.32057,-0.35635,-0.37618,-0.38588,-0.38265,-0.37386,-0.3587,-0.33899,-0.3116,-0.28022,-0.26618,-0.27331,-0.23986,-0.20498,-0.23805,-0.28428,-0.29902,-0.28251,-0.25596,-0.2158,-0.16809,-0.1434,-0.13246,-0.091865,-0.009625,0.081871,0.14849,0.19368,0.23656,0.29536,0.3666,0.42292,0.43808,0.4109,0.38287,0.39584,0.43039,0.4418,0.4208,0.37918,0.32978,0.28298,0.24307,0.20748,0.17087,0.12904,0.080328,0.02628,-0.027502,-0.073238,-0.10721,-0.13419,-0.16119,-0.18622,-0.19877,-0.19402,-0.18337,-0.18653,-0.21205,-0.24757,-0.26957,-0.25931,-0.20908,-0.12372,-0.028972,0.025765,0.019614,-0.01043,-0.025233,-0.011855,0.016893,0.03126,0.017382,-0.0034674,0.011296,0.068993,0.12476,0.1381,0.11718,0.10467,0.13462,0.19835,0.24536,0.24095,0.18045,0.095491,0.053521,0.086084,0,0,0,0,-0.46574,-0.45775,-0.1173,0.18496,0.29964,0.24581,0.14846,0,0,0,0,0,0,0,-0.043634,-0.054911,-0.058198,-0.049041,-0.031577,-0.016804,0.0011783,0.02723,0.061589,0.098345,0.12295,0.11093,0.052009,-0.034827,-0.14068,-0.29322,-0.51663,-0.76827,-0.97633,-1.0882,-1.1005,-1.0663,-1.0133,-0.96672,-0.92345,-0.87428,-0.84061,-0.81562,-0.79105,-0.78467,-0.80477,-0.81858,-0.8227,-0.83166,-0.83978,-0.84352,-0.84306,-0.84017,-0.83704,-0.83528,-0.83447,-0.83337,-0.83207,-0.83112,-0.82858,-0.82011,-0.80266,-0.77743,-0.74947,-0.72407,-0.70365,-0.68681,-0.66827,-0.61174,-0.5563,-0.538,-0.51657,-0.48279,-0.43444,-0.38085,-0.33213,-0.29082,-0.25518,-0.22322,-0.19304,-0.16303,-0.13248,-0.10125,-0.069329,-0.037175,-0.0063094,0.021365,0.044782,0.064181,0.080673,0.095252,0.10856,0.12116,0.13324,0.14468,0.15492,0.16263,0.16675,0.16752,0.16591,0.16298,0.15941,0.15516,0.14977,0.14284,0.13382,0.1221,0.10745,0.090116,0.069999,0.046487,0.019668,-0.009079,-0.038167,-0.065911,0.07239,0.047797,-0.14059,-0.16059,-0.17617,-0.19174,-0.20368,-0.21199,-0.2203,-0.22765,-0.23404,-0.24044,-0.24795,-0.25657,-0.26518,-0.27511,-0.28635,-0.2976,-0.30892,-0.32033,-0.33174,-0.3418,-0.3505,-0.35919,-0.36571,-0.37004,-0.37437,-0.37645,-0.37626,-0.37608,-0.37401,-0.37008,-0.36614,-0.36077,-0.35399,-0.3472,-0.33938,-0.33054,-0.3217,-0.3122,-0.30204,-0.29187,-0.28127,-0.27024,-0.2592,-0.24786,-0.23623,-0.22459,-0.21285,-0.20102,-0.18919,-0.17754,-0.16608,-0.15462,-0.14371,-0.13336,-0.123,-0.11353,-0.10494,-0.096354,-0.088805,-0.082295,-0.075786,-0.070183,-0.065488,-0.060794,-0.05656,-0.052787,-0.049014,-0.045141,-0.041169,-0.037196,-0.032686,-0.027635,-0.022584,-0.016903,-0.01059,-0.004277,0.0024588,0.0096182,0.016778,0.024102,0.03159,0.03908,0.046423,0.05362,0.060816,0.067568,0.073878,0.080187,0.086041,0.091441,0.096841,0.10214,0.10733,0.11252,0.11794,0.12358,0.12923,0.13472,0.14007,0.14542,0.14936,0.15189,0.15442,0.15458,0.15237,0.15015,0.12421,0.074537,0.02485
0,0,0,0,0,0,0,0,0,0,0,0,0,0,0,0,0,0,0,0,0,0,0,0,0,0,0,0,0,0,0.074984,0.17295,0.22303,0.24865,0.2498,0.25094,0.24637,0.23609,0.22581,0.21191,0.1944,0.17687,0.15747,0.1362,0.11493,0.093101,0.070728,0.048356,0.025722,0.0028228,-0.020074,-0.043087,-0.066218,-0.089344,-0.11752,-0.15076,-0.18399,-0.22487,-0.27339,-0.32191,-0.35969,-0.38674,-0.41378,-0.43001,-0.43544,-0.44086,-0.43692,-0.42362,-0.41033,-0.40298,-0.40159,-0.40021,-0.41068,-0.43302,-0.45535,-0.49191,-0.5427,-0.59348,-0.63588,-0.66991,-0.70393,-0.7207,-0.72022,-0.71973,-0.7034,-0.67123,-0.63905,-0.59555,-0.54072,-0.48589,-0.4339,-0.38473,-0.33556,-0.29027,-0.24885,-0.20743,-0.17154,-0.14116,-0.11077,-0.086026,-0.066925,-0.047828,-0.03827,-0.038261,-0.038255,-0.046379,-0.062631,-0.078885,-0.097446,-0.11831,-0.13917,-0.15734,-0.1728,-0.18826,-0.19982,-0.20747,-0.21512,-0.22012,-0.22247,-0.22483,-0.22792,-0.23175,-0.23558,-0.24178,-0.25034,-0.25891,-0.27552,-0.30018,-0.32485,-0.35872,-0.40179,-0.44487,-0.49251,-0.54471,-0.59692,-0.64567,-0.69096,-0.73626,-0.77302,-0.80125,-0.82948,-0.85231,-0.86976,-0.8872,-0.89897,-0.90508,-0.91118,-0.91299,-0.91227,-0.91072,-0.90343,-0.89012,-0.87269,-0.85422,-0.83603,-0.81762,-0.80379,-0.79354,-0.77896,-0.76869,-0.74643,-0.69977,-0.64563,-0.58635,-0.52292,-0.45963,-0.40295,-0.35737,-0.31665,-0.2563,-0.1467,0.01423,0.18562,0.30932,0.35492,0.3443,0.32744,0.32186,0.36917,0.53502,0.76349,0.89278,0.90806,0.93864,1.0958,1.3108,1.3179,1.0164,0.67798,0.61604,0.80908,1.0087,1.1237,1.2029,1.2352,1.1881,1.0622,0.88012,0.67641,0.47824,0.31387,0.23188,0.21091,0.18497,0.1177,-0.0071571,-0.19276,-0.39712,-0.50796,-0.42137,-0.19311,0.019032,0.098959,0.05417,0.0076754,0.091501,0.31123,0.52065,0.58939,0.51967,0.38102,0.21105,0.0086678,-0.19216,-0.33963,-0.38985,-0.35559,-0.28029,-0.19466,-0.14293,-0.13075,-0.13297,-0.13287,-0.11635,-0.08544,-0.084591,-0.1476,-0.24654,-0.33407,-0.39118,-0.42281,-0.43524,-0.42926,-0.41815,-0.41187,-0.41257,-0.4067,-0.38287,-0.3599,-0.33312,-0.26313,-0.21248,-0.23199,-0.2754,-0.29572,-0.27178,-0.22002,-0.16135,-0.12814,-0.13227,-0.13934,-0.092736,0.0034063,0.090812,0.13295,0.15146,0.18984,0.26613,0.35977,0.42009,0.41935,0.38819,0.37956,0.40137,0.42004,0.41674,0.39508,0.35992,0.31653,0.27091,0.22584,0.18169,0.13911,0.098355,0.058043,0.018401,-0.021866,-0.063067,-0.10166,-0.13701,-0.16339,-0.16678,-0.14074,-0.10115,-0.080035,-0.10111,-0.16137,-0.23464,-0.2873,-0.28948,-0.22566,-0.11022,0.011884,0.091551,0.1029,0.075626,0.049522,0.032466,0.026689,0.022662,0.020582,0.025855,0.041121,0.065838,0.085131,0.08503,0.074488,0.074062,0.094686,0.15062,0.21498,0.22692,0.15865,0.085112,0.086127,0.10476,0,0,0,0,-0.53281,-0.53606,-0.13865,0.23259,0.36811,0.28394,0.1913,0,0,0,0,0,0,0,-0.017452,-0.021475,-0.026205,-0.052259,-0.050316,-0.05095,-0.044238,-0.021116,0.017072,0.060922,0.090733,0.094417,0.063577,-0.00059433,-0.07892,-0.19559,-0.38711,-0.62822,-0.85547,-1.0096,-1.0747,-1.0831,-1.0598,-1.027,-0.98287,-0.93053,-0.89526,-0.87065,-0.84539,-0.81774,-0.83405,-0.86025,-0.85528,-0.8558,-0.86005,-0.86448,-0.86689,-0.8668,-0.86477,-0.86149,-0.85744,-0.8537,-0.85083,-0.8486,-0.84496,-0.83523,-0.81593,-0.78851,-0.75898,-0.73353,-0.71421,-0.69803,-0.67912,-0.62069,-0.56302,-0.54444,-0.52334,-0.48759,-0.43451,-0.37698,-0.32852,-0.29026,-0.25641,-0.2235,-0.19067,-0.15786,-0.1253,-0.092904,-0.060227,-0.027415,0.0043836,0.033487,0.058758,0.080233,0.098668,0.1147,0.12859,0.14093,0.1527,0.16401,0.17404,0.18189,0.18666,0.18812,0.18703,0.1845,0.18125,0.17722,0.17185,0.1647,0.1554,0.14336,0.1284,0.11071,0.090132,0.066064,0.038794,0.0098102,-0.019544,-0.047705,0.0059426,-0.019143,-0.12382,-0.14434,-0.16051,-0.17667,-0.18927,-0.19831,-0.20735,-0.21551,-0.22277,-0.23004,-0.23844,-0.24798,-0.25751,-0.26842,-0.28068,-0.29295,-0.30542,-0.31807,-0.33072,-0.34211,-0.35224,-0.36237,-0.37034,-0.37615,-0.38196,-0.38542,-0.38653,-0.38764,-0.38669,-0.38369,-0.38068,-0.37606,-0.36983,-0.3636,-0.35615,-0.3475,-0.33884,-0.32937,-0.31907,-0.30878,-0.29797,-0.28664,-0.27531,-0.26363,-0.2516,-0.23956,-0.22734,-0.21492,-0.2025,-0.19019,-0.17798,-0.16576,-0.15407,-0.14291,-0.13175,-0.12148,-0.11211,-0.10274,-0.094432,-0.087195,-0.07996,-0.073672,-0.068328,-0.062987,-0.058146,-0.053804,-0.049462,-0.045039,-0.040536,-0.036033,-0.030989,-0.025406,-0.019824,-0.013598,-0.0067299,0.00013866,0.0074243,0.015126,0.022828,0.030637,0.038552,0.046468,0.054159,0.061626,0.069093,0.07603,0.082439,0.088847,0.094684,0.099949,0.10521,0.11025,0.11507,0.11989,0.12485,0.12996,0.13506,0.14001,0.14479,0.14957,0.15309,0.15535,0.15761,0.15777,0.15585,0.15393,0.12748,0.076498,0.025509
0,0,0,0,0,0,0,0,0,0,0,0,0,0,0,0,0,0,0,0,0,0,0,0,0,0,0,0,0,0,0.17707,0.20518,0.2333,0.25048,0.25673,0.26298,0.2609,0.25049,0.24008,0.22567,0.20727,0.18886,0.16867,0.1467,0.12473,0.10227,0.079344,0.05642,0.033331,0.010076,-0.013175,-0.03652,-0.059964,-0.083402,-0.11396,-0.15164,-0.18933,-0.23116,-0.27712,-0.32308,-0.36092,-0.39064,-0.42034,-0.43787,-0.44324,-0.4486,-0.4458,-0.43484,-0.42388,-0.41921,-0.42083,-0.42245,-0.43561,-0.4603,-0.485,-0.52236,-0.57239,-0.62242,-0.66161,-0.68995,-0.71829,-0.72794,-0.71889,-0.70984,-0.6885,-0.6549,-0.62129,-0.57917,-0.52854,-0.4779,-0.43454,-0.39846,-0.36239,-0.32692,-0.29204,-0.25715,-0.22393,-0.19235,-0.16077,-0.13292,-0.10881,-0.084704,-0.069286,-0.062569,-0.055854,-0.058236,-0.06972,-0.081204,-0.097155,-0.11757,-0.13799,-0.15764,-0.17652,-0.19539,-0.21097,-0.22324,-0.23551,-0.24434,-0.24975,-0.25515,-0.25918,-0.26184,-0.26451,-0.26942,-0.27659,-0.28376,-0.29929,-0.32319,-0.34708,-0.38124,-0.42565,-0.47007,-0.51959,-0.57419,-0.6288,-0.67947,-0.72619,-0.77292,-0.81023,-0.8381,-0.86598,-0.8865,-0.89967,-0.91283,-0.9209,-0.92385,-0.92681,-0.92403,-0.91926,-0.9178,-0.91272,-0.90039,-0.88239,-0.86367,-0.84648,-0.82909,-0.80993,-0.78926,-0.76607,-0.75033,-0.72497,-0.69563,-0.66012,-0.60114,-0.53721,-0.47102,-0.4096,-0.35578,-0.30143,-0.22938,-0.12499,0.0074519,0.14567,0.26518,0.34055,0.35675,0.33768,0.3114,0.31891,0.43362,0.64368,0.82415,0.89097,0.93255,1.0486,1.2132,1.2973,1.1588,0.87763,0.70136,0.70184,0.74872,0.81624,0.97489,1.1531,1.2302,1.191,1.0745,0.88269,0.63879,0.44591,0.37733,0.38271,0.34754,0.2572,0.1657,0.045668,-0.15937,-0.39476,-0.50251,-0.39721,-0.21348,-0.15049,-0.19008,-0.10596,0.2232,0.63184,0.85117,0.7996,0.61865,0.43896,0.2693,0.079843,-0.14673,-0.39554,-0.53623,-0.49204,-0.33044,-0.17274,-0.13364,-0.17177,-0.17469,-0.13517,-0.1154,-0.12929,-0.15579,-0.20063,-0.26415,-0.32859,-0.38346,-0.42286,-0.45189,-0.46234,-0.4532,-0.44434,-0.44356,-0.45471,-0.46938,-0.45765,-0.38439,-0.28098,-0.22899,-0.25179,-0.3042,-0.31408,-0.25584,-0.16791,-0.10148,-0.088917,-0.1145,-0.064694,-0.038283,0.0095129,0.044759,0.050263,0.042542,0.11019,0.25065,0.38447,0.43801,0.41705,0.3922,0.4009,0.41503,0.40906,0.38931,0.36165,0.32917,0.29065,0.24447,0.19584,0.14903,0.10763,0.072154,0.040801,0.013272,-0.014105,-0.046679,-0.084321,-0.12282,-0.14967,-0.14816,-0.11293,-0.059576,-0.01946,-0.023305,-0.083945,-0.18284,-0.26937,-0.2905,-0.22689,-0.10361,0.020284,0.10005,0.13163,0.13194,0.11847,0.098165,0.07745,0.060251,0.057107,0.065294,0.058868,0.028388,0.0079502,0.027744,0.068596,0.097109,0.10992,0.13765,0.17828,0.18248,0.13677,0.11157,0.14296,0.14571,0,0,0,-0.16364,-0.56206,-0.54276,-0.11172,0.27264,0.40817,0.3121,0.17856,0.026846,0,0,0,0,0,0,0,0,0,-0.049669,-0.063555,-0.082898,-0.09128,-0.072098,-0.02699,0.028922,0.070901,0.08205,0.067461,0.029038,-0.028878,-0.12156,-0.28103,-0.50004,-0.72953,-0.91356,-1.0266,-1.0805,-1.0922,-1.0678,-1.0279,-0.98561,-0.9503,-0.9257,-0.89831,-0.86577,-0.87807,-0.89957,-0.88706,-0.88051,-0.88075,-0.88543,-0.89011,-0.89224,-0.89134,-0.88719,-0.88088,-0.87452,-0.86867,-0.8634,-0.85786,-0.84785,-0.82862,-0.80047,-0.76968,-0.7437,-0.7253,-0.71004,-0.69093,-0.63188,-0.57263,-0.54963,-0.52165,-0.48083,-0.42846,-0.37531,-0.3299,-0.29214,-0.2575,-0.22283,-0.18756,-0.15235,-0.11795,-0.084465,-0.05151,-0.018944,0.01271,0.042404,0.069295,0.093185,0.11401,0.13176,0.14676,0.15977,0.17191,0.18349,0.19367,0.20156,0.20646,0.20807,0.20718,0.20502,0.20221,0.19847,0.19316,0.18587,0.17632,0.16414,0.1491,0.13125,0.11038,0.085947,0.058277,0.028856,-0.00094949,-0.029575,0.014861,-0.010671,-0.10706,-0.1281,-0.14485,-0.1616,-0.17486,-0.18464,-0.19441,-0.20337,-0.2115,-0.21963,-0.22893,-0.23939,-0.24984,-0.26172,-0.27502,-0.28831,-0.3019,-0.3158,-0.3297,-0.34243,-0.35399,-0.36555,-0.37497,-0.38226,-0.38954,-0.39438,-0.39679,-0.3992,-0.39937,-0.3973,-0.39523,-0.39136,-0.38568,-0.38,-0.37293,-0.36446,-0.35599,-0.34654,-0.33611,-0.32568,-0.31465,-0.30303,-0.29141,-0.27939,-0.26696,-0.25453,-0.24182,-0.22881,-0.21582,-0.20284,-0.18988,-0.17691,-0.16444,-0.15246,-0.14049,-0.12943,-0.11927,-0.10912,-0.10006,-0.092093,-0.084133,-0.077159,-0.071169,-0.065181,-0.059731,-0.05482,-0.049909,-0.044937,-0.039902,-0.034868,-0.029293,-0.023178,-0.017063,-0.010294,-0.0028685,0.0045554,0.01239,0.020634,0.028879,0.037173,0.045515,0.053857,0.061896,0.069634,0.07737,0.084492,0.091,0.097508,0.10333,0.10846,0.11359,0.11837,0.12282,0.12726,0.13177,0.13633,0.1409,0.14529,0.14951,0.15373,0.15683,0.15881,0.16079,0.16097,0.15933,0.1577,0.13075,0.078466,0.026169
0,0,0,0,0,0,0,0,0,0,0,0,0,0,0,0,0,0,0,0,0,0,0,0,0,0,0,0,0.067717,0.09138,0.20918,0.22551,0.24184,0.25437,0.26309,0.27182,0.27116,0.26113,0.2511,0.23654,0.21746,0.19837,0.17746,0.15474,0.13201,0.10888,0.085359,0.061842,0.038295,0.014725,-0.0088444,-0.032674,-0.056761,-0.080849,-0.1136,-0.15501,-0.19643,-0.23909,-0.283,-0.3269,-0.36396,-0.39419,-0.4244,-0.44274,-0.44919,-0.45563,-0.45567,-0.4493,-0.44294,-0.44203,-0.44659,-0.45115,-0.4666,-0.49294,-0.51929,-0.55597,-0.60299,-0.65002,-0.68419,-0.70551,-0.72682,-0.72986,-0.7146,-0.69934,-0.67361,-0.63741,-0.60121,-0.56034,-0.51479,-0.46925,-0.43358,-0.40779,-0.38201,-0.35611,-0.33007,-0.30402,-0.27566,-0.24498,-0.21431,-0.18517,-0.15758,-0.13,-0.10977,-0.096906,-0.084041,-0.080641,-0.086714,-0.092788,-0.10515,-0.12379,-0.14244,-0.16217,-0.18299,-0.2038,-0.22206,-0.23776,-0.25346,-0.26532,-0.27335,-0.28138,-0.28681,-0.28964,-0.29247,-0.29735,-0.30429,-0.31122,-0.3265,-0.35011,-0.37372,-0.40787,-0.45256,-0.49726,-0.54716,-0.60228,-0.6574,-0.70842,-0.75534,-0.80227,-0.8394,-0.86674,-0.89408,-0.91291,-0.92323,-0.93356,-0.93894,-0.93939,-0.93926,-0.93196,-0.92322,-0.92149,-0.91868,-0.90816,-0.89107,-0.87352,-0.85834,-0.84302,-0.82396,-0.79996,-0.77108,-0.73567,-0.69066,-0.65586,-0.61493,-0.57461,-0.53255,-0.4668,-0.40415,-0.34348,-0.27533,-0.19012,-0.088355,0.019331,0.12405,0.22438,0.30807,0.34876,0.34765,0.31192,0.30533,0.38584,0.53957,0.72379,0.84679,0.92571,1.005,1.1013,1.2225,1.2714,1.1619,0.92948,0.68618,0.53016,0.53603,0.72313,0.95755,1.1045,1.166,1.1414,0.98786,0.73696,0.55106,0.52522,0.55467,0.50469,0.39303,0.32834,0.29646,0.18222,-0.060645,-0.32851,-0.44168,-0.38983,-0.34157,-0.34713,-0.19392,0.26756,0.80007,1.0413,0.9035,0.61853,0.4057,0.30119,0.18904,-0.1081,-0.5322,-0.75655,-0.60147,-0.26936,-0.079762,-0.12519,-0.2372,-0.24352,-0.14778,-0.074419,-0.099581,-0.17979,-0.25236,-0.29896,-0.32544,-0.35073,-0.3858,-0.4341,-0.47551,-0.4899,-0.47995,-0.46444,-0.46262,-0.47391,-0.47374,-0.41524,-0.31683,-0.27196,-0.31241,-0.36489,-0.34392,-0.23516,-0.11571,-0.056438,-0.034479,-0.053533,0,0,0,0,-0.047088,-0.085392,0.026032,0.23012,0.4016,0.4545,0.43406,0.41854,0.42131,0.41727,0.3986,0.36845,0.32769,0.28376,0.23756,0.18918,0.14749,0.11534,0.089272,0.063221,0.036966,0.016514,0.0038901,-0.010384,-0.039364,-0.08052,-0.11663,-0.12948,-0.10787,-0.055913,0.00302,0.029423,-0.0087736,-0.10281,-0.19827,-0.23632,-0.19621,-0.10297,-0.012243,0.046199,0.085015,0.11565,0.14982,0.17287,0.16437,0.14012,0.11583,0.08748,0.038743,-0.031627,-0.073348,-0.029296,0.065683,0.12946,0.14619,0.15095,0.15264,0.13855,0.12386,0.14751,0.19474,0.18046,0,0,0,-0.27272,-0.51352,-0.4859,-0.054529,0.29903,0.42075,0.32777,0.13954,-0.031878,-0.081515,0,0,0,0,0,0,0,0,-0.023804,-0.061475,-0.098165,-0.12391,-0.1132,-0.064241,0.001678,0.060585,0.078966,0.066549,0.047085,0.0028575,-0.077606,-0.20866,-0.39577,-0.61061,-0.80963,-0.96039,-1.0546,-1.0949,-1.0866,-1.065,-1.0377,-1.0018,-0.97462,-0.948,-0.91469,-0.92144,-0.93583,-0.91657,-0.90399,-0.90074,-0.90596,-0.91315,-0.91683,-0.91564,-0.91077,-0.90372,-0.89493,-0.8854,-0.87657,-0.86877,-0.85891,-0.84052,-0.81222,-0.78101,-0.75513,-0.73715,-0.72177,-0.70202,-0.6428,-0.58196,-0.55372,-0.51957,-0.4767,-0.42781,-0.37922,-0.33487,-0.29498,-0.25766,-0.22085,-0.18385,-0.14714,-0.11131,-0.076631,-0.043186,-0.010934,0.020078,0.049641,0.077486,0.1033,0.12649,0.14634,0.16293,0.17716,0.18997,0.2018,0.21226,0.22041,0.22539,0.22704,0.22629,0.22444,0.222,0.21851,0.21329,0.20595,0.19628,0.18412,0.16924,0.15149,0.13059,0.10601,0.078049,0.04817,0.017938,-0.010991,0.099528,0.073555,-0.089721,-0.1113,-0.12866,-0.14601,-0.15994,-0.17043,-0.18091,-0.19062,-0.19954,-0.20847,-0.21861,-0.22995,-0.24129,-0.2541,-0.26837,-0.28264,-0.29729,-0.31232,-0.32735,-0.34132,-0.3542,-0.36709,-0.37787,-0.38656,-0.39524,-0.40143,-0.40512,-0.40882,-0.41012,-0.40905,-0.40797,-0.40491,-0.39986,-0.39482,-0.3882,-0.38002,-0.37183,-0.36251,-0.35205,-0.34159,-0.33045,-0.31861,-0.30676,-0.29444,-0.28165,-0.26886,-0.25569,-0.24216,-0.22862,-0.21503,-0.20139,-0.18775,-0.17456,-0.16183,-0.1491,-0.13728,-0.12636,-0.11545,-0.10565,-0.096971,-0.088293,-0.080626,-0.073971,-0.067317,-0.061229,-0.055707,-0.050187,-0.044622,-0.039013,-0.033404,-0.027264,-0.020595,-0.013925,-0.0066066,0.0013619,0.0093298,0.017687,0.026435,0.035184,0.043917,0.052635,0.061354,0.06968,0.077611,0.08554,0.092755,0.099255,0.10575,0.11146,0.11637,0.12127,0.12575,0.12979,0.13383,0.13786,0.14189,0.14592,0.14976,0.15341,0.15706,0.15972,0.16141,0.1631,0.1633,0.16201,0.16072,0.13341,0.080058,0.013247
0,0,0,0,0,0,0,0,0,0,0,0,0,0,0,0,0,0,0,0,0,0,0,0,0,0,0,0.071794,0.15424,0.19264,0.2192,0.23393,0.24865,0.2603,0.26888,0.27746,0.27717,0.26802,0.25887,0.24452,0.22495,0.20537,0.18383,0.16031,0.13678,0.11294,0.088774,0.064619,0.040613,0.016766,-0.0070799,-0.031544,-0.056614,-0.081683,-0.11643,-0.16085,-0.20527,-0.24866,-0.29101,-0.33336,-0.36882,-0.3974,-0.42598,-0.44461,-0.45329,-0.46196,-0.46653,-0.467,-0.46748,-0.47143,-0.47886,-0.48629,-0.50364,-0.53092,-0.5582,-0.59273,-0.63449,-0.67626,-0.70362,-0.71657,-0.72952,-0.72644,-0.70734,-0.68824,-0.65872,-0.61878,-0.57883,-0.53907,-0.49951,-0.45996,-0.43102,-0.41273,-0.39444,-0.37785,-0.36294,-0.34802,-0.32673,-0.29906,-0.2714,-0.24279,-0.21325,-0.18371,-0.15971,-0.14126,-0.1228,-0.11358,-0.11361,-0.11363,-0.12142,-0.13698,-0.15253,-0.17095,-0.19222,-0.2135,-0.23311,-0.25105,-0.26898,-0.28306,-0.29329,-0.30351,-0.31079,-0.31513,-0.31946,-0.32556,-0.33343,-0.3413,-0.35714,-0.38096,-0.40477,-0.43862,-0.48251,-0.52641,-0.57522,-0.62896,-0.68271,-0.73252,-0.77841,-0.8243,-0.86055,-0.88716,-0.91377,-0.93154,-0.94046,-0.94937,-0.95312,-0.95169,-0.94969,-0.94,-0.92876,-0.92533,-0.92209,-0.91302,-0.89888,-0.88457,-0.87204,-0.85842,-0.83933,-0.81237,-0.77764,-0.73583,-0.68676,-0.6298,-0.56539,-0.51999,-0.49652,-0.45237,-0.38816,-0.32142,-0.24491,-0.15459,-0.05743,0.034926,0.11703,0.19124,0.26155,0.32037,0.35298,0.35287,0.34894,0.38373,0.47382,0.61124,0.7576,0.8676,0.92952,0.99178,1.13,1.3238,1.3908,1.1706,0.76501,0.44839,0.3843,0.52527,0.72829,0.88895,1.0033,1.0478,0.9768,0.81702,0.67752,0.6383,0.63401,0.58436,0.50577,0.46225,0.46206,0.43373,0.28444,0.011432,-0.24134,-0.34139,-0.35331,-0.35755,-0.20739,0.25021,0.82048,1.0956,0.9088,0.51503,0.26687,0.27328,0.25666,-0.12855,-0.7154,-0.92819,-0.55021,-0.055469,0.075986,-0.09585,-0.26798,-0.28199,-0.17463,-0.074432,-0.0758,-0.16729,-0.269,-0.32363,-0.32768,-0.32287,-0.35162,-0.41317,-0.47501,-0.5124,-0.51379,-0.49844,-0.48441,-0.4705,-0.46615,-0.43976,-0.38147,-0.34715,-0.35044,-0.36906,-0.33741,-0.21283,-0.090817,-0.04357,0,0,0,0,0,0,-0.084288,-0.14501,-0.022316,0.18745,0.36859,0.44689,0.45797,0.44799,0.42848,0.40718,0.38631,0.35465,0.30265,0.23437,0.16446,0.11418,0.094249,0.092965,0.090068,0.071858,0.043453,0.027776,0.035152,0.046039,0.033357,-0.0090637,-0.061807,-0.098631,-0.10124,-0.062523,0.00465,0.059505,0.061908,0.0072969,-0.07355,-0.1342,-0.13746,-0.09159,-0.041461,-0.0078817,0.025341,0.071885,0.14363,0.2159,0.23785,0.22374,0.19209,0.12693,0.02954,-0.070313,-0.12416,-0.083994,0.031755,0.13978,0.18379,0.16955,0.13372,0.10559,0.10971,0.15645,0.2019,0.15509,0.010646,0,0,-0.16362,-0.39436,-0.38387,0.012023,0.30122,0.39455,0.30971,0.10295,-0.14484,-0.24016,0,0,0,0,0,0,0,0,0,-0.027728,-0.084006,-0.1257,-0.12833,-0.085163,-0.017734,0.050424,0.073205,0.056811,0.041562,0.007733,-0.060101,-0.16795,-0.32325,-0.51297,-0.7038,-0.87211,-1.0009,-1.0735,-1.0985,-1.0908,-1.0717,-1.0472,-1.0179,-0.99223,-0.96165,-0.96476,-0.96986,-0.94214,-0.92504,-0.92103,-0.92696,-0.93548,-0.93963,-0.93742,-0.93185,-0.92403,-0.91284,-0.90009,-0.88846,-0.87902,-0.8689,-0.8514,-0.82475,-0.79508,-0.7698,-0.75093,-0.73362,-0.71171,-0.66718,-0.60477,-0.55733,-0.5205,-0.47795,-0.43182,-0.38546,-0.34106,-0.29895,-0.25851,-0.21911,-0.18051,-0.14276,-0.10598,-0.070349,-0.036166,-0.0036656,0.027122,0.056459,0.084641,0.11156,0.13659,0.15872,0.1773,0.19266,0.20582,0.21766,0.22837,0.23705,0.24258,0.24475,0.24445,0.24283,0.2405,0.23714,0.232,0.2247,0.21515,0.20316,0.18853,0.17112,0.15052,0.12604,0.097919,0.067747,0.037264,0.0081352,0.10906,0.082633,-0.071833,-0.093953,-0.11194,-0.12992,-0.1445,-0.15567,-0.16684,-0.17725,-0.18691,-0.19656,-0.20749,-0.21967,-0.23186,-0.24555,-0.26075,-0.27595,-0.29158,-0.30764,-0.3237,-0.33878,-0.35288,-0.36697,-0.37903,-0.38905,-0.39907,-0.40656,-0.41153,-0.4165,-0.41897,-0.41893,-0.4189,-0.41671,-0.41238,-0.40805,-0.40198,-0.39417,-0.38637,-0.37727,-0.3669,-0.35653,-0.34534,-0.33336,-0.32136,-0.3088,-0.29567,-0.28254,-0.26896,-0.25494,-0.24091,-0.22678,-0.21252,-0.19827,-0.18443,-0.171,-0.15757,-0.14503,-0.13338,-0.12174,-0.11122,-0.10183,-0.092435,-0.084071,-0.076734,-0.069394,-0.06264,-0.056467,-0.050296,-0.044097,-0.037869,-0.031642,-0.024905,-0.017656,-0.010408,-0.002536,0.0059616,0.01446,0.023316,0.032528,0.041741,0.05087,0.059915,0.068961,0.077509,0.085556,0.093601,0.10082,0.1072,0.11359,0.11908,0.12368,0.12828,0.13238,0.13598,0.13958,0.14314,0.14664,0.15014,0.15342,0.15649,0.15956,0.16179,0.16316,0.16454,0.16478,0.16388,0.16298,0.13546,0.08129,0
0,0,0,0,0,0,0,0,0,0,0,0,0,0,0,0,0,0,0,0,0,0,0,0,0,0,0,0.17132,0.19186,0.2124,0.22923,0.24235,0.25547,0.26624,0.27467,0.2831,0.28318,0.27491,0.26665,0.25249,0.23244,0.21238,0.1902,0.16587,0.14155,0.11699,0.09219,0.067394,0.042932,0.018804,-0.0053184,-0.030411,-0.056469,-0.082522,-0.11926,-0.16669,-0.21412,-0.25822,-0.29902,-0.33982,-0.37368,-0.40062,-0.42756,-0.44648,-0.45739,-0.46829,-0.47739,-0.48471,-0.49202,-0.50082,-0.51113,-0.52143,-0.54068,-0.5689,-0.59712,-0.62948,-0.66599,-0.7025,-0.72305,-0.72763,-0.73221,-0.72303,-0.70009,-0.67714,-0.64382,-0.60013,-0.55645,-0.51781,-0.48424,-0.45067,-0.42848,-0.41767,-0.40688,-0.39959,-0.3958,-0.39202,-0.3778,-0.35314,-0.32848,-0.30042,-0.26892,-0.23742,-0.20965,-0.18561,-0.16156,-0.14653,-0.14051,-0.13449,-0.1377,-0.15017,-0.16263,-0.17973,-0.20146,-0.2232,-0.24416,-0.26433,-0.2845,-0.3008,-0.31322,-0.32564,-0.33477,-0.34061,-0.34645,-0.35377,-0.36257,-0.37137,-0.38778,-0.4118,-0.43582,-0.46937,-0.51247,-0.55556,-0.60329,-0.65565,-0.70801,-0.75662,-0.80147,-0.84632,-0.88169,-0.90758,-0.93347,-0.95016,-0.95768,-0.96518,-0.96729,-0.96399,-0.9606,-0.95063,-0.93871,-0.93247,-0.92624,-0.91719,-0.90643,-0.89637,-0.88637,-0.87291,-0.85257,-0.82342,-0.78514,-0.7388,-0.68585,-0.62736,-0.56438,-0.49782,-0.46666,-0.43623,-0.36859,-0.2971,-0.21765,-0.12946,-0.039912,0.040596,0.10672,0.16174,0.21937,0.28876,0.35332,0.39321,0.40886,0.41618,0.4468,0.52707,0.64789,0.76289,0.83263,0.88792,1.0277,1.2791,1.4597,1.3334,0.93313,0.54574,0.38044,0.42398,0.56622,0.70757,0.80483,0.86596,0.90797,0.89828,0.78785,0.62464,0.53141,0.53875,0.57624,0.56852,0.5367,0.53592,0.50008,0.34384,0.11622,-0.063253,-0.18098,-0.24345,-0.13282,0.256,0.77364,1.0471,0.83893,0.37479,0.11564,0.19697,0.2099,-0.24183,-0.83904,-0.89113,-0.32249,0.21218,0.25683,0.00054752,-0.20759,-0.2576,-0.21055,-0.14813,-0.12934,-0.1762,-0.25736,-0.314,-0.32043,-0.31365,-0.34032,-0.40022,-0.46156,-0.49985,-0.50936,-0.49873,-0.48861,-0.48259,-0.47534,-0.46648,-0.45178,-0.42582,-0.37927,-0.34502,-0.29639,-0.18929,-0.10218,-0.048893,0,0,0,0,0,0,-0.041575,-0.15267,-0.065567,0.10489,0.28413,0.41137,0.46554,0.45564,0.41855,0.39026,0.37203,0.34492,0.29097,0.20682,0.11788,0.062968,0.059195,0.081271,0.091267,0.076095,0.048526,0.03696,0.051753,0.069942,0.06225,0.01835,-0.040741,-0.086744,-0.10781,-0.09443,-0.040871,0.034062,0.090013,0.090656,0.02768,-0.052759,-0.051644,-0.040495,-0.023218,-0.028532,0.0070327,0.05483,0.11892,0.19288,0.24549,0.27075,0.26891,0.21137,0.096007,-0.033306,-0.12268,-0.12345,-0.023623,0.11328,0.19184,0.18373,0.13523,0.096348,0.095738,0.13057,0.16091,0.060121,0.010646,0,0,-0.054533,-0.16415,-0.30667,0.032361,0.26324,0.32252,0.24932,0.059735,-0.17881,-0.35048,0,0,0,0,0,0,0,0,0,0,-0.034285,-0.080964,-0.10055,-0.082869,-0.029621,0.037693,0.073283,0.057937,0.032835,0.0039903,-0.052666,-0.14227,-0.26892,-0.42842,-0.60125,-0.77328,-0.92648,-1.0379,-1.0998,-1.106,-1.0971,-1.0847,-1.0555,-1.0297,-1.0012,-1.0024,-0.99989,-0.96529,-0.94509,-0.94155,-0.94786,-0.95553,-0.9592,-0.95754,-0.95204,-0.94222,-0.92773,-0.91234,-0.89993,-0.89052,-0.88011,-0.86311,-0.83779,-0.80974,-0.78551,-0.76546,-0.7452,-0.71998,-0.6888,-0.62487,-0.56025,-0.52284,-0.48107,-0.4366,-0.39171,-0.34768,-0.30436,-0.2615,-0.21943,-0.17878,-0.13975,-0.10221,-0.065934,-0.030974,0.0023437,0.033732,0.06332,0.091589,0.11883,0.14483,0.16879,0.1895,0.20621,0.21952,0.23091,0.24149,0.25073,0.25728,0.26063,0.26123,0.26004,0.25776,0.25432,0.24919,0.24206,0.23278,0.2211,0.20686,0.18998,0.16995,0.14586,0.11774,0.087299,0.056537,0.0272,0.11855,0.09169,-0.053938,-0.076593,-0.095216,-0.11383,-0.12907,-0.14092,-0.15277,-0.16388,-0.17426,-0.18465,-0.19636,-0.2094,-0.22243,-0.23701,-0.25313,-0.26926,-0.28587,-0.30296,-0.32005,-0.33625,-0.35155,-0.36686,-0.38019,-0.39154,-0.40289,-0.41169,-0.41794,-0.42418,-0.42781,-0.42881,-0.42982,-0.42852,-0.4249,-0.42128,-0.41576,-0.40833,-0.4009,-0.39203,-0.38175,-0.37146,-0.36024,-0.3481,-0.33596,-0.32316,-0.30968,-0.29621,-0.28223,-0.26772,-0.25321,-0.23852,-0.22366,-0.20879,-0.1943,-0.18016,-0.16603,-0.15277,-0.1404,-0.12802,-0.11679,-0.10669,-0.096581,-0.087519,-0.079496,-0.07147,-0.064049,-0.057227,-0.050405,-0.043573,-0.036725,-0.02988,-0.022545,-0.014718,-0.0068913,0.0015358,0.010563,0.019591,0.028944,0.038621,0.048298,0.057822,0.067195,0.076568,0.085338,0.0935,0.10166,0.10888,0.11515,0.12142,0.1267,0.13099,0.13528,0.13901,0.14218,0.14534,0.14841,0.15138,0.15435,0.15708,0.15958,0.16207,0.16385,0.16491,0.16597,0.16625,0.16575,0.16525,0.13751,0.082517,0.013854
0,0,0,0,0,0,0,0,0,0,0,0,0,0,0,0,0,0,0,0,0,0,0,0,0,0.055459,0.092439,0.21275,0.22314,0.23353,0.24458,0.25627,0.26797,0.27737,0.28448,0.29159,0.291,0.28272,0.27445,0.26005,0.23954,0.21903,0.19621,0.17106,0.14592,0.12058,0.09504,0.069498,0.044481,0.01999,-0.0044937,-0.031017,-0.059581,-0.088143,-0.12671,-0.1753,-0.22388,-0.26771,-0.30679,-0.34587,-0.37843,-0.40448,-0.43052,-0.45014,-0.46334,-0.47654,-0.48908,-0.50093,-0.51279,-0.52545,-0.53892,-0.55239,-0.5732,-0.60135,-0.62951,-0.65909,-0.69008,-0.72107,-0.73518,-0.73239,-0.7296,-0.71528,-0.68943,-0.66357,-0.62858,-0.58446,-0.54034,-0.50421,-0.47609,-0.44797,-0.43169,-0.42724,-0.42279,-0.42252,-0.42643,-0.43034,-0.42155,-0.40006,-0.37858,-0.35213,-0.32071,-0.28928,-0.26006,-0.23301,-0.20597,-0.1872,-0.17669,-0.16618,-0.16547,-0.17454,-0.18363,-0.19846,-0.21906,-0.23965,-0.26028,-0.28093,-0.30158,-0.31876,-0.33247,-0.34617,-0.35682,-0.36441,-0.372,-0.381,-0.3914,-0.4018,-0.41909,-0.44326,-0.46744,-0.50013,-0.54132,-0.5825,-0.6279,-0.6775,-0.7271,-0.77352,-0.81675,-0.85999,-0.89451,-0.92033,-0.94614,-0.96272,-0.97007,-0.97742,-0.97887,-0.97444,-0.96991,-0.96053,-0.94939,-0.94126,-0.93244,-0.92288,-0.91456,-0.90791,-0.89937,-0.88475,-0.86232,-0.83199,-0.79352,-0.74672,-0.6925,-0.6329,-0.57067,-0.50777,-0.46764,-0.42531,-0.35668,-0.2841,-0.20493,-0.12002,-0.036637,0.03527,0.092463,0.14299,0.20037,0.27201,0.34977,0.41561,0.45656,0.46475,0.46438,0.49047,0.56451,0.66311,0.73281,0.78746,0.90673,1.1318,1.3451,1.3455,1.0817,0.72527,0.48591,0.44097,0.52565,0.60836,0.63675,0.6924,0.85439,0.9836,0.85533,0.54312,0.36463,0.4324,0.5779,0.60701,0.54128,0.53224,0.56597,0.5475,0.44628,0.27877,0.086847,-0.034132,0.033413,0.33523,0.7364,0.94771,0.74478,0.31031,0.084522,0.13319,0.043816,-0.41548,-0.80889,-0.62371,-0.025447,0.40844,0.40554,0.14931,-0.086938,-0.21303,-0.26033,-0.25637,-0.2332,-0.23466,-0.27023,-0.30155,-0.30465,-0.30701,-0.33487,-0.38177,-0.42565,-0.44888,-0.45115,-0.44391,-0.43908,-0.45369,-0.47246,-0.48278,-0.49246,-0.4803,-0.42991,-0.35598,-0.26688,-0.17896,-0.1274,-0.026276,0,0,0,0,0,0,0,-0.12657,-0.1307,0.0075622,0.19215,0.35948,0.44234,0.43593,0.39829,0.37186,0.35755,0.33677,0.29119,0.2157,0.12843,0.061352,0.04262,0.057829,0.067084,0.059074,0.043762,0.037877,0.041571,0.036291,0.012521,0.0023636,-0.025529,-0.046754,-0.059772,-0.060803,-0.041031,-0.0030196,0.068931,0.10571,0.049887,-0.015813,0,0,0,-0.017748,0.0041636,0.06936,0.10209,0.13759,0.19338,0.25424,0.28997,0.2765,0.20037,0.083137,-0.042962,-0.10713,-0.057377,0.058731,0.15497,0.1755,0.07068,0.048559,0.0445,0.081815,0.099858,0,0,0,0,0,0,-0.26167,-0.013225,0.15371,0.19813,0.15866,0.022616,-0.1784,-0.37351,0,0,0,0,0,0,0,0,0,0,0,0.0092568,-0.017495,-0.053501,-0.035498,0.021141,0.078244,0.08023,0.039138,0.0052479,-0.039556,-0.114,-0.21558,-0.34306,-0.49446,-0.66315,-0.83123,-0.97524,-1.0734,-1.1152,-1.1179,-1.1094,-1.0895,-1.0596,-1.0289,-1.0279,-1.023,-0.98753,-0.96639,-0.96207,-0.96702,-0.97237,-0.97535,-0.97531,-0.97042,-0.95848,-0.94033,-0.92249,-0.9111,-0.90429,-0.89468,-0.8759,-0.82965,-0.80098,-0.79677,-0.77756,-0.75492,-0.72593,-0.67741,-0.61341,-0.56434,-0.52709,-0.48583,-0.44215,-0.39811,-0.35436,-0.31054,-0.26636,-0.22235,-0.17959,-0.13886,-0.1002,-0.063189,-0.027423,0.0069697,0.039498,0.069855,0.0983,0.12558,0.15222,0.1776,0.19989,0.21756,0.23099,0.24216,0.25265,0.26222,0.26968,0.27435,0.27625,0.27586,0.27375,0.27016,0.265,0.25808,0.24911,0.23787,0.22423,0.20806,0.18877,0.16525,0.13729,0.10658,0.075504,0.046072,0.128,0.10077,-0.035965,-0.059078,-0.078267,-0.097452,-0.11331,-0.12584,-0.13836,-0.15018,-0.1613,-0.17243,-0.18491,-0.19876,-0.2126,-0.228,-0.24497,-0.26194,-0.27942,-0.29741,-0.3154,-0.33258,-0.34895,-0.36531,-0.37976,-0.39231,-0.40486,-0.41486,-0.42232,-0.42977,-0.43454,-0.43662,-0.4387,-0.43834,-0.43552,-0.43271,-0.42784,-0.42091,-0.41398,-0.40546,-0.39537,-0.38528,-0.37411,-0.36187,-0.34963,-0.33662,-0.32282,-0.30903,-0.29465,-0.27968,-0.26471,-0.24951,-0.23409,-0.21866,-0.20356,-0.18879,-0.17402,-0.16011,-0.14705,-0.134,-0.12209,-0.1113,-0.10051,-0.090763,-0.082051,-0.07334,-0.065244,-0.057762,-0.050281,-0.042814,-0.035363,-0.027913,-0.020002,-0.011629,-0.0032565,0.0056928,0.015218,0.024743,0.034555,0.044652,0.054749,0.064622,0.07427,0.083919,0.092851,0.10107,0.10928,0.11643,0.12252,0.1286,0.13362,0.13756,0.14151,0.14484,0.14757,0.1503,0.1529,0.15537,0.15784,0.16007,0.16207,0.16407,0.16541,0.16609,0.16677,0.16673,0.16597,0.16521,0.13737,0.082433,0.027485
0,0,0,0,0,0,0,0,0,0,0,0,0,0,0,0,0,0,0,0,0,0,0,0,0,0.11807,0.19679,0.24013,0.24809,0.25604,0.26524,0.27569,0.28614,0.29368,0.2983,0.30292,0.30064,0.29145,0.28227,0.26721,0.24626,0.22532,0.20186,0.17588,0.1499,0.12371,0.097319,0.070929,0.045262,0.020329,-0.0046012,-0.03336,-0.065949,-0.098535,-0.13877,-0.18665,-0.23454,-0.2771,-0.31432,-0.35153,-0.38308,-0.40896,-0.43485,-0.45558,-0.47116,-0.48674,-0.50158,-0.51569,-0.5298,-0.54531,-0.56225,-0.57918,-0.60119,-0.62829,-0.65539,-0.68155,-0.70677,-0.73198,-0.74001,-0.73086,-0.7217,-0.7032,-0.67537,-0.64753,-0.61299,-0.57174,-0.53049,-0.49826,-0.47506,-0.45187,-0.44065,-0.44142,-0.44219,-0.44665,-0.45482,-0.46298,-0.45798,-0.43982,-0.42166,-0.39793,-0.36861,-0.3393,-0.31092,-0.28347,-0.25602,-0.23558,-0.22215,-0.20871,-0.20469,-0.2101,-0.21551,-0.22714,-0.245,-0.26286,-0.28147,-0.30084,-0.32021,-0.33694,-0.35102,-0.3651,-0.37694,-0.38652,-0.3961,-0.40723,-0.4199,-0.43257,-0.45105,-0.47535,-0.49965,-0.53088,-0.56906,-0.60724,-0.64905,-0.69451,-0.73997,-0.78323,-0.82427,-0.86531,-0.89902,-0.9254,-0.95178,-0.9692,-0.97763,-0.98607,-0.98787,-0.98303,-0.9782,-0.96917,-0.95833,-0.9494,-0.93958,-0.93018,-0.9233,-0.91784,-0.909,-0.8926,-0.86824,-0.83759,-0.80133,-0.75831,-0.70723,-0.64857,-0.58523,-0.52117,-0.47184,-0.42185,-0.35647,-0.28812,-0.21316,-0.1309,-0.047682,0.026491,0.088922,0.14713,0.20861,0.27598,0.35078,0.42676,0.4826,0.50294,0.50148,0.50379,0.54395,0.60479,0.65314,0.69803,0.77829,0.93801,1.126,1.2084,1.0988,0.85573,0.63527,0.55433,0.577,0.56173,0.50786,0.59055,0.85349,1.0259,0.83808,0.44998,0.25599,0.35957,0.54058,0.59006,0.53331,0.50706,0.53964,0.59175,0.60835,0.53001,0.36783,0.23285,0.25137,0.45518,0.7151,0.82825,0.6616,0.35849,0.18937,0.10143,-0.16045,-0.53407,-0.62761,-0.28797,0.19124,0.47217,0.47081,0.26563,-0.0034155,-0.21525,-0.32333,-0.34081,-0.32397,-0.31751,-0.32298,-0.31462,-0.29269,-0.29033,-0.31808,-0.35458,-0.37568,-0.37322,-0.36092,-0.35757,-0.36055,-0.38485,-0.42832,-0.47384,-0.51345,-0.52087,-0.47993,-0.39406,-0.2836,-0.20085,-0.15292,0,0,0,0,0,0,0,0,-0.10383,-0.18379,-0.050875,0.14128,0.3198,0.41208,0.41564,0.38205,0.35247,0.33646,0.32084,0.29263,0.24759,0.18252,0.10567,0.049906,0.03153,0.037236,0.047193,0.043257,0.027948,0.018998,0.012133,-0.012572,0,0,0,0,0,0,-0.0039767,0.027421,0.050039,0.02238,0,0,0,0,0,0,0.093538,0.10442,0.10246,0.12674,0.19251,0.25489,0.28094,0.26219,0.19812,0.089321,-0.019439,-0.04679,0.011881,0.099038,0.13914,0,0,0,0.048902,0.052105,0,0,0,0,0,0,-0.21585,-0.089863,0.011175,0.061825,0.063588,-0.0049722,-0.13895,-0.32864,-0.28389,-0.40785,-0.30314,0,0,0,0,0,0,0,0,0.031531,0.11516,0.0076344,-0.033479,-0.0035559,0.062591,0.09719,0.058008,0.0034478,-0.040197,-0.10282,-0.18173,-0.27732,-0.39864,-0.55076,-0.72388,-0.88799,-1.0194,-1.1009,-1.1281,-1.137,-1.1232,-1.083,-1.0442,-1.0417,-1.0391,-1.0071,-0.98821,-0.98322,-0.98549,-0.98783,-0.98899,-0.98937,-0.98539,-0.97259,-0.95205,-0.93214,-0.92125,-0.91744,-0.90935,-0.88792,-0.83755,-0.80628,-0.80179,-0.78358,-0.7605,-0.72969,-0.66536,-0.60245,-0.56993,-0.53337,-0.49222,-0.44841,-0.40425,-0.36052,-0.31665,-0.27207,-0.22711,-0.18285,-0.14036,-0.10012,-0.061925,-0.025209,0.010221,0.043914,0.075298,0.10446,0.13236,0.15977,0.18597,0.20883,0.22681,0.24056,0.25221,0.26306,0.27281,0.28077,0.28644,0.28959,0.29016,0.28845,0.2849,0.27972,0.2729,0.26426,0.2536,0.2407,0.22537,0.2069,0.18399,0.15625,0.12546,0.094281,0.064831,0.13739,0.10987,-0.017922,-0.041414,-0.061095,-0.080779,-0.097225,-0.11042,-0.12362,-0.13615,-0.14802,-0.15989,-0.17313,-0.18774,-0.20236,-0.21853,-0.23625,-0.25399,-0.27224,-0.291,-0.30977,-0.32778,-0.34505,-0.36232,-0.37776,-0.39137,-0.40498,-0.41609,-0.42468,-0.43328,-0.43917,-0.44235,-0.44553,-0.44616,-0.44425,-0.44234,-0.43823,-0.43193,-0.42561,-0.41756,-0.40777,-0.39798,-0.38694,-0.37466,-0.36238,-0.34918,-0.33508,-0.32098,-0.30623,-0.29083,-0.27542,-0.25975,-0.24381,-0.22788,-0.21223,-0.19689,-0.18154,-0.16703,-0.15336,-0.13968,-0.12712,-0.11567,-0.10422,-0.093802,-0.084403,-0.075003,-0.066227,-0.058074,-0.049921,-0.041824,-0.033784,-0.025744,-0.01728,-0.0083916,0.00049688,0.0099364,0.019926,0.029915,0.040146,0.050621,0.061096,0.071269,0.081141,0.091013,0.10005,0.10825,0.11646,0.12347,0.1293,0.13514,0.13983,0.14339,0.14695,0.14987,0.15216,0.15445,0.15659,0.15859,0.16059,0.16239,0.16397,0.16555,0.16646,0.1667,0.16693,0.16622,0.16455,0.16288,0.13504,0.081043,0.027031
0,0,0,0,0,0,0,0,0,0,0,0,0,0,0,0,0,0,0,0,0,0,0,0,0,0.13238,0.22063,0.26752,0.27303,0.27854,0.2859,0.29511,0.30432,0.30999,0.31212,0.31426,0.31028,0.30018,0.29009,0.27436,0.25299,0.23161,0.20752,0.18069,0.15387,0.12684,0.099598,0.072355,0.046042,0.020667,-0.0047106,-0.035703,-0.07231,-0.10892,-0.15082,-0.19802,-0.24521,-0.28648,-0.32183,-0.35718,-0.38772,-0.41345,-0.43917,-0.46101,-0.47897,-0.49692,-0.51408,-0.53044,-0.5468,-0.56517,-0.58557,-0.60596,-0.62918,-0.65522,-0.68126,-0.70401,-0.72345,-0.74289,-0.74485,-0.72932,-0.71379,-0.69113,-0.66131,-0.6315,-0.59741,-0.55902,-0.52064,-0.49231,-0.47404,-0.45576,-0.44962,-0.4556,-0.46158,-0.47078,-0.4832,-0.49562,-0.49441,-0.47957,-0.46474,-0.44371,-0.4165,-0.3893,-0.36178,-0.33392,-0.30607,-0.28396,-0.26761,-0.25125,-0.24393,-0.24566,-0.24739,-0.25582,-0.27094,-0.28607,-0.30267,-0.32076,-0.33885,-0.35512,-0.36958,-0.38404,-0.39705,-0.40862,-0.4202,-0.43346,-0.4484,-0.46334,-0.48302,-0.50744,-0.53185,-0.56164,-0.5968,-0.63196,-0.67021,-0.71152,-0.75284,-0.79293,-0.83177,-0.87062,-0.90352,-0.93047,-0.95743,-0.97567,-0.9852,-0.99472,-0.99686,-0.99163,-0.98639,-0.9772,-0.9661,-0.95664,-0.94673,-0.93791,-0.93128,-0.92473,-0.9139,-0.89554,-0.86977,-0.83887,-0.80456,-0.76631,-0.72149,-0.66748,-0.60459,-0.5372,-0.48007,-0.42519,-0.36236,-0.29913,-0.2308,-0.15316,-0.067571,0.01841,0.098098,0.16977,0.23375,0.29454,0.36093,0.43224,0.49172,0.52262,0.52862,0.53427,0.56292,0.59974,0.61857,0.6365,0.68349,0.78098,0.91492,1.0102,0.99708,0.88683,0.76786,0.70879,0.6644,0.55188,0.46232,0.60037,0.90253,1.0047,0.73476,0.35341,0.20454,0.33563,0.52911,0.60392,0.57011,0.51682,0.49916,0.54008,0.62007,0.65905,0.59776,0.49257,0.46765,0.56898,0.69013,0.70045,0.5826,0.44327,0.33426,0.10972,-0.26256,-0.48699,-0.3391,0.020598,0.3103,0.44468,0.43334,0.26342,-0.019598,-0.2766,-0.38459,-0.37894,-0.37191,-0.38776,-0.38048,-0.33485,-0.28492,-0.27046,-0.29127,-0.31738,-0.31903,-0.29489,-0.26567,-0.25053,-0.26133,-0.30087,-0.36396,-0.44321,-0.51746,-0.5588,-0.54826,-0.48007,-0.37046,-0.11042,-0.083597,0,0,0,0,0,0,0,0,-0.10277,-0.1785,-0.042083,0.14562,0.31066,0.40185,0.41119,0.3664,0.31685,0.28933,0.27759,0.27011,0.25926,0.22876,0.16326,0.078884,0.020125,0.015084,0.034427,0.025194,-0.018387,0.0031708,0.0074878,0,0,0,0,0,0,0,-0.0013251,0,0,0,0,0,0,0,0,0,0.10458,0.11316,0.1066,0.10696,0.1436,0.19498,0.24267,0.2631,0.24902,0.20223,0.096533,0.0016959,-0.0059518,0.0451,0.07913,0,0,0,0.037194,0.030739,0,0,0,0,0,0,-0.16863,-0.13724,-0.095161,-0.05758,-0.034622,-0.031741,-0.073684,-0.22417,-0.50013,-0.76307,-0.60507,0,0,0,0,0,0,0,0,0,0.28436,0.10315,-0.022852,-0.035981,0.028083,0.097696,0.083469,0.010295,-0.048744,-0.10385,-0.16346,-0.23354,-0.32633,-0.45294,-0.61192,-0.77959,-0.94106,-1.0672,-1.1375,-1.1686,-1.1519,-1.1024,-1.0539,-1.0494,-1.0508,-1.0231,-1.0076,-1.0035,-1.0046,-1.0046,-1.0027,-1.0013,-0.99806,-0.98609,-0.96489,-0.94334,-0.93105,-0.92719,-0.91971,-0.8974,-0.86257,-0.82847,-0.80362,-0.78405,-0.76115,-0.73179,-0.6688,-0.60678,-0.57524,-0.53987,-0.49946,-0.4556,-0.41081,-0.36652,-0.32243,-0.27787,-0.23287,-0.18801,-0.14415,-0.10208,-0.062162,-0.024157,0.012205,0.046749,0.079123,0.10949,0.13861,0.16695,0.19359,0.21658,0.23477,0.24902,0.26132,0.27264,0.28276,0.29122,0.29763,0.30163,0.30301,0.30187,0.2986,0.29351,0.28677,0.27845,0.26842,0.25638,0.24198,0.22432,0.20195,0.17451,0.14394,0.11294,0.083527,0.14674,0.11897,0.00012523,-0.023749,-0.043929,-0.064109,-0.081138,-0.095012,-0.10888,-0.12212,-0.13474,-0.14735,-0.16135,-0.17673,-0.19212,-0.20906,-0.22754,-0.24604,-0.26506,-0.28459,-0.30413,-0.32299,-0.34115,-0.35932,-0.37575,-0.39042,-0.4051,-0.41731,-0.42705,-0.43679,-0.4438,-0.44808,-0.45236,-0.45399,-0.45298,-0.45197,-0.44862,-0.44294,-0.43725,-0.42966,-0.42017,-0.41068,-0.39977,-0.38745,-0.37512,-0.36175,-0.34734,-0.33293,-0.31781,-0.30197,-0.28612,-0.26998,-0.25353,-0.23709,-0.22091,-0.20498,-0.18906,-0.17395,-0.15965,-0.14535,-0.13215,-0.12004,-0.10794,-0.096843,-0.086755,-0.076666,-0.067211,-0.058386,-0.049561,-0.040834,-0.032205,-0.023575,-0.014559,-0.0051543,0.0042504,0.014179,0.024633,0.035085,0.045737,0.05659,0.067441,0.077914,0.08801,0.098105,0.10725,0.11544,0.12363,0.13051,0.13609,0.14167,0.14604,0.14922,0.15239,0.1549,0.15675,0.1586,0.16029,0.16182,0.16335,0.1647,0.16587,0.16704,0.16752,0.16731,0.1671,0.1657,0.16312,0.16055,0.13272,0.079651,0.02656
0,0,0,0,0,0,0,0,0,0,0,0,0,0,0,0,0,0,0,0,0,0,0,0,0,0.14675,0.24458,0.29552,0.29957,0.3036,0.30949,0.31722,0.32496,0.32876,0.32864,0.32851,0.32271,0.31123,0.29975,0.28293,0.26077,0.23862,0.21369,0.18598,0.15827,0.13036,0.10224,0.074121,0.047115,0.021221,-0.0046774,-0.036993,-0.075723,-0.11446,-0.15704,-0.20344,-0.24983,-0.28987,-0.32353,-0.35719,-0.38679,-0.41232,-0.43784,-0.46056,-0.48048,-0.5004,-0.51973,-0.53849,-0.55724,-0.57796,-0.60065,-0.62334,-0.64697,-0.67155,-0.69612,-0.71573,-0.73039,-0.74505,-0.74236,-0.72232,-0.70228,-0.67725,-0.64723,-0.61721,-0.58488,-0.55024,-0.51559,-0.49112,-0.47682,-0.46252,-0.45975,-0.46852,-0.47729,-0.48821,-0.50128,-0.51435,-0.51575,-0.50547,-0.49519,-0.47834,-0.45493,-0.43152,-0.40719,-0.38193,-0.35667,-0.3357,-0.31905,-0.3024,-0.29346,-0.29224,-0.29102,-0.29608,-0.30746,-0.31883,-0.33215,-0.34743,-0.36271,-0.37718,-0.39086,-0.40453,-0.41781,-0.43069,-0.44357,-0.45834,-0.47499,-0.49164,-0.51203,-0.53615,-0.56026,-0.58836,-0.62043,-0.65251,-0.6872,-0.72451,-0.76182,-0.7988,-0.83546,-0.87213,-0.90416,-0.93157,-0.95898,-0.97804,-0.98877,-0.9995,-1.0022,-0.997,-0.99182,-0.98222,-0.97055,-0.96147,-0.95255,-0.94405,-0.93634,-0.92744,-0.91385,-0.89351,-0.86666,-0.83501,-0.8005,-0.76404,-0.72407,-0.67675,-0.61901,-0.55249,-0.49207,-0.43301,-0.36775,-0.30437,-0.23906,-0.16717,-0.084542,0.0084247,0.10427,0.19201,0.26407,0.32345,0.38059,0.43849,0.49037,0.52782,0.54679,0.55847,0.58025,0.61077,0.62137,0.62708,0.65133,0.70299,0.7801,0.83883,0.85408,0.84085,0.8364,0.83111,0.75108,0.58668,0.50836,0.68109,0.94771,0.9588,0.64926,0.31183,0.21491,0.35226,0.54205,0.64202,0.63207,0.55922,0.48924,0.49223,0.58987,0.70763,0.7452,0.69837,0.65316,0.65725,0.65626,0.59914,0.53241,0.50278,0.42273,0.15435,-0.17906,-0.25236,-0.015113,0.26352,0.39157,0.39453,0.31777,0.1351,-0.13971,-0.35947,-0.4212,-0.40134,-0.41073,-0.44216,-0.42117,-0.34937,-0.28455,-0.26105,-0.26477,-0.26593,-0.24855,-0.21514,-0.18024,-0.16231,-0.17345,-0.21714,-0.29241,-0.39331,-0.49824,-0.57899,-0.6132,-0.58568,-0.49178,0,0,0,0,0,0,0,0,0,0,-0.0584,-0.10502,0.016278,0.1807,0.31784,0.39325,0.39596,0.33702,0.2679,0.22638,0.21568,0.2233,0.23439,0.23149,0.19086,0.10931,0.029879,0.000496,0.010777,0.0018419,-0.028183,0,0,0,0,0,0,0,0,0,0,0,0,0,0,0,0,0,0,0,0.1031,0.11258,0.12023,0.12904,0.14496,0.16054,0.19743,0.24344,0.26241,0.26018,0.18707,0.064295,-0.0015505,0.0095451,0.033962,0,0,0,0.024391,0.020293,0,0,0,0,-0.014028,-0.035431,-0.11605,-0.13159,-0.16096,-0.17994,-0.16004,-0.090553,-0.030648,-0.082872,-0.29126,-0.52246,-0.56732,0,0,0,-0.19587,-0.1776,0,0,0,0,0.48873,0.20927,-0.0075574,-0.070821,-0.013101,0.07966,0.10566,0.036412,-0.043805,-0.096644,-0.14397,-0.19697,-0.26459,-0.35933,-0.49325,-0.66168,-0.84713,-1.0195,-1.1364,-1.1751,-1.1601,-1.1177,-1.0651,-1.0602,-1.0636,-1.0364,-1.0222,-1.0207,-1.0233,-1.0218,-1.0172,-1.0134,-1.0094,-0.99844,-0.97784,-0.9557,-0.94138,-0.93402,-0.92385,-0.90131,-0.86735,-0.83297,-0.80564,-0.78299,-0.75935,-0.73213,-0.68671,-0.62552,-0.57938,-0.54585,-0.50764,-0.46453,-0.41883,-0.37291,-0.32786,-0.28351,-0.23917,-0.19448,-0.14982,-0.10606,-0.064097,-0.024449,0.012835,0.047957,0.081198,0.11294,0.14359,0.17311,0.20036,0.22368,0.24223,0.25687,0.2695,0.28123,0.29203,0.30129,0.3083,0.31274,0.31458,0.314,0.31122,0.30641,0.29989,0.29195,0.28258,0.27144,0.25798,0.24108,0.21925,0.19221,0.16196,0.13115,0.10184,0.15593,0.12794,0.017941,-0.0062499,-0.026873,-0.047496,-0.06507,-0.079596,-0.094119,-0.10806,-0.12141,-0.13477,-0.14951,-0.16563,-0.18174,-0.19938,-0.21855,-0.23771,-0.2574,-0.27758,-0.29777,-0.3173,-0.33619,-0.35508,-0.3723,-0.38787,-0.40343,-0.41662,-0.42742,-0.43823,-0.44632,-0.45169,-0.45706,-0.45972,-0.45967,-0.45962,-0.45711,-0.45215,-0.44719,-0.44016,-0.43106,-0.42197,-0.41126,-0.39895,-0.38664,-0.37314,-0.35847,-0.34379,-0.32832,-0.31207,-0.29581,-0.27922,-0.2623,-0.24538,-0.2287,-0.21226,-0.19582,-0.18017,-0.1653,-0.15043,-0.13663,-0.1239,-0.11117,-0.099425,-0.088672,-0.07792,-0.06781,-0.058341,-0.048873,-0.039544,-0.030355,-0.021168,-0.011639,-0.0017672,0.0081054,0.018466,0.029317,0.040168,0.05117,0.062325,0.073478,0.084181,0.094432,0.10468,0.11388,0.12202,0.13016,0.13688,0.14219,0.1475,0.15154,0.15432,0.1571,0.15921,0.16063,0.16206,0.16332,0.16443,0.16553,0.16647,0.16724,0.16802,0.1681,0.16749,0.16687,0.16502,0.16192,0.15883,0.13108,0.078655,0.02622
0,0,0,0,0,0,0,0,0,0,0,0,0,0,0,0,0,0,0,0,0,0,0,0,0,0.16119,0.26865,0.32416,0.3277,0.33122,0.336,0.34202,0.34805,0.34999,0.34784,0.34568,0.33793,0.32458,0.31123,0.29292,0.26963,0.24633,0.22037,0.19173,0.16309,0.13426,0.10524,0.076224,0.048475,0.021988,-0.0044992,-0.037226,-0.076191,-0.11516,-0.15741,-0.20291,-0.24841,-0.28724,-0.3194,-0.35155,-0.38028,-0.40557,-0.43086,-0.45424,-0.4757,-0.49716,-0.51855,-0.53984,-0.56114,-0.58369,-0.60751,-0.63133,-0.65459,-0.67727,-0.69996,-0.71673,-0.72759,-0.73845,-0.73254,-0.70985,-0.68715,-0.66158,-0.63312,-0.60466,-0.57542,-0.54537,-0.51533,-0.49468,-0.4834,-0.47214,-0.47106,-0.48018,-0.48931,-0.49893,-0.50906,-0.51919,-0.52201,-0.51751,-0.51302,-0.50181,-0.48389,-0.46596,-0.44715,-0.42749,-0.40782,-0.39082,-0.37649,-0.36217,-0.35329,-0.34983,-0.34637,-0.34794,-0.35454,-0.36114,-0.36991,-0.38085,-0.39178,-0.40312,-0.41486,-0.4266,-0.43922,-0.45272,-0.46622,-0.48187,-0.49967,-0.51748,-0.53808,-0.56149,-0.58489,-0.61105,-0.63996,-0.66887,-0.70004,-0.73346,-0.76688,-0.80084,-0.83534,-0.86983,-0.90095,-0.92869,-0.95642,-0.97632,-0.98837,-1.0004,-1.004,-0.99915,-0.99445,-0.98474,-0.97241,-0.96334,-0.95479,-0.94593,-0.93668,-0.92524,-0.90896,-0.88684,-0.85913,-0.82649,-0.79014,-0.75173,-0.71197,-0.66903,-0.61917,-0.55997,-0.49789,-0.43231,-0.36714,-0.30239,-0.23152,-0.15989,-0.086154,-0.0037252,0.092269,0.19404,0.28527,0.35487,0.40426,0.44471,0.48515,0.52313,0.55193,0.57286,0.59288,0.61111,0.62243,0.63411,0.65421,0.69601,0.74536,0.74833,0.73376,0.76343,0.83035,0.8672,0.79224,0.64599,0.60432,0.7589,0.93877,0.89159,0.61324,0.34766,0.28307,0.392,0.5479,0.6566,0.67473,0.60831,0.51891,0.49215,0.57187,0.71318,0.81941,0.83833,0.79185,0.7156,0.62409,0.54461,0.52295,0.53562,0.45491,0.22693,0.024489,0.051046,0.25982,0.43369,0.45577,0.35486,0.18071,-0.032107,-0.24953,-0.39006,-0.43787,-0.46457,-0.48689,-0.48492,-0.43533,-0.35225,-0.28884,-0.26318,-0.24164,-0.20572,-0.10441,-0.086569,-0.070043,-0.063802,-0.069839,-0.090793,-0.22095,-0.32218,-0.44601,-0.56032,-0.63475,-0.656,-0.59233,0,0,0,0,-0.012758,-0.0054223,-0.00053833,0,0,0,-0.0012009,0.0067112,0.09782,0.21999,0.31969,0.36271,0.34942,0.2967,0.23244,0.18514,0.17031,0.18078,0.19735,0.20361,0.17953,0.12122,0.05392,-0.0016302,0,0,0,0,0,0,0,0,0,0,0,0,0,0,0,0,0,0,0,0,0,0,0.050823,0.10964,0.12495,0.14873,0.17558,0.18177,0.18999,0.23214,0.27049,0.27439,0.21137,0.097086,0.019295,-0.00030174,0.012172,0,0,0,0.014633,0.012364,0,0,0,0,-0.014028,-0.035431,-0.044682,-0.05979,-0.11435,-0.18745,-0.25719,-0.22016,-0.067006,0.026155,-0.024563,-0.19365,-0.42501,-0.23851,-0.23782,-0.26634,-0.54047,-0.62535,-0.26647,0,0,0,0.66854,0.28988,0.0035552,-0.098051,-0.050479,0.049755,0.10439,0.054693,-0.02827,-0.083019,-0.13063,-0.17242,-0.21427,-0.2745,-0.37916,-0.54292,-0.75351,-0.96365,-1.1175,-1.1688,-1.159,-1.1295,-1.0809,-1.0789,-1.0807,-1.0484,-1.0326,-1.0336,-1.0392,-1.0384,-1.0323,-1.0267,-1.0213,-1.0102,-0.99067,-0.96893,-0.95224,-0.93978,-0.92503,-0.9025,-0.87256,-0.84045,-0.81075,-0.78454,-0.75944,-0.73259,-0.70284,-0.64196,-0.58182,-0.55094,-0.51582,-0.47424,-0.42779,-0.38002,-0.33363,-0.28912,-0.24541,-0.20136,-0.15655,-0.11155,-0.067714,-0.02636,0.011947,0.047674,0.081747,0.11483,0.14704,0.17781,0.20592,0.22999,0.24924,0.26422,0.27685,0.28876,0.30028,0.31052,0.31824,0.32298,0.32509,0.32498,0.32275,0.31842,0.31235,0.30499,0.29636,0.2861,0.27352,0.25735,0.23608,0.20947,0.17951,0.14889,0.11974,0.16492,0.13677,0.035534,0.011089,-0.0099226,-0.030932,-0.049016,-0.064172,-0.079328,-0.093956,-0.10805,-0.12216,-0.13761,-0.15442,-0.17122,-0.1895,-0.20926,-0.22903,-0.24926,-0.26996,-0.29067,-0.31073,-0.33014,-0.34957,-0.36742,-0.38371,-0.39999,-0.41403,-0.42581,-0.43759,-0.44671,-0.45317,-0.45963,-0.46334,-0.46432,-0.46529,-0.46371,-0.45957,-0.45544,-0.44906,-0.44045,-0.43184,-0.42142,-0.40918,-0.39694,-0.38337,-0.36846,-0.35355,-0.33778,-0.32113,-0.30448,-0.28748,-0.27012,-0.25275,-0.23562,-0.21873,-0.20183,-0.18569,-0.17031,-0.15493,-0.14057,-0.12724,-0.11391,-0.10155,-0.090156,-0.078764,-0.068026,-0.057942,-0.047855,-0.037953,-0.028238,-0.018524,-0.0085224,0.0017693,0.012061,0.022798,0.033981,0.045162,0.056443,0.067825,0.079209,0.09007,0.10041,0.11075,0.11994,0.12799,0.13603,0.14257,0.1476,0.15262,0.15632,0.15871,0.16109,0.16279,0.16381,0.16482,0.16569,0.16641,0.16712,0.16769,0.1681,0.16851,0.16822,0.16724,0.16626,0.16416,0.16094,0.15772,0.1301,0.078064,0.02603
0,0,0,0,0,0,0,0,0,0,0,0,0,0,0,0,0,0,0,0,0,0,0,0,0,0.17561,0.29273,0.3528,0.35582,0.35883,0.3625,0.36682,0.37115,0.37122,0.36703,0.36284,0.35315,0.33793,0.32272,0.3029,0.27848,0.25405,0.22705,0.19749,0.16791,0.13817,0.10825,0.078327,0.049826,0.02275,-0.0043252,-0.03746,-0.076657,-0.11586,-0.15778,-0.20238,-0.24699,-0.28462,-0.31527,-0.34591,-0.37376,-0.39882,-0.42388,-0.44791,-0.47092,-0.49392,-0.51735,-0.54119,-0.56503,-0.58942,-0.61437,-0.63932,-0.66219,-0.68299,-0.70379,-0.71772,-0.72479,-0.73186,-0.72272,-0.69737,-0.67202,-0.6459,-0.61901,-0.59211,-0.56595,-0.54051,-0.51507,-0.49824,-0.48999,-0.48175,-0.48237,-0.49185,-0.50133,-0.50966,-0.51684,-0.52402,-0.52826,-0.52956,-0.53085,-0.52528,-0.51284,-0.50039,-0.48713,-0.47304,-0.45897,-0.44593,-0.43394,-0.42195,-0.41311,-0.40742,-0.40173,-0.3998,-0.40163,-0.40346,-0.40767,-0.41427,-0.42086,-0.42906,-0.43886,-0.44867,-0.46063,-0.47475,-0.48886,-0.50539,-0.52435,-0.5433,-0.56413,-0.58682,-0.60952,-0.63374,-0.65949,-0.68524,-0.71288,-0.74241,-0.77195,-0.80288,-0.83521,-0.86754,-0.89774,-0.9258,-0.95387,-0.97459,-0.98796,-1.0013,-1.0058,-1.0013,-0.99713,-0.98736,-0.97396,-0.96312,-0.95269,-0.94251,-0.93167,-0.91793,-0.8995,-0.87611,-0.84786,-0.81459,-0.77654,-0.73514,-0.69248,-0.64956,-0.60478,-0.55433,-0.4953,-0.42824,-0.36064,-0.29309,-0.21527,-0.13403,-0.065228,-0.0077438,0.063107,0.16235,0.27774,0.36971,0.41734,0.44752,0.48115,0.51698,0.54785,0.57297,0.59258,0.60604,0.61342,0.62152,0.6457,0.69197,0.7358,0.72544,0.68196,0.70015,0.78201,0.83243,0.78696,0.69384,0.67632,0.773,0.86288,0.80604,0.6193,0.44783,0.39195,0.44032,0.53986,0.63663,0.67753,0.64258,0.56892,0.52773,0.57467,0.7038,0.84541,0.91858,0.88476,0.76165,0.61619,0.53059,0.53135,0.54824,0.4821,0.33689,0.23573,0.2749,0.41003,0.51093,0.4792,0.32539,0.09007,-0.10472,-0.20208,-0.30257,-0.43744,-0.56223,-0.59902,-0.53822,-0.43961,-0.35307,-0.29578,-0.25792,-0.11497,-0.08724,0,0,0,0,0,0,-0.092705,-0.13969,-0.35406,-0.48858,-0.60587,-0.66367,-0.63867,0,0,0,0,-0.042436,-0.021338,-0.0067291,0,0,0,0.05668,0.11291,0.18649,0.25811,0.30157,0.3087,0.2893,0.25773,0.21396,0.16972,0.14649,0.14716,0.15683,0.15764,0.13233,0.060121,0.033308,0,0,0,0,0,0,0,0,0,0,0,0,0,0,0,0,0,0,0,0,0,0,0,0,0.079356,0.11859,0.14951,0.19153,0.21683,0.22492,0.24633,0.26966,0.25643,0.18423,0.087142,0.030524,0,0,0,0,0,0.0048768,0.0042712,0.0055985,0.0028095,0,0,0,0,0,0,-0.021573,-0.14795,-0.27574,-0.35935,-0.20555,0.052597,0.14881,0.045857,-0.17172,-0.34404,-0.43396,-0.54884,-0.71208,-0.89643,-0.62753,0,0,0,0.72763,0.31608,0.0096483,-0.10837,-0.071808,0.025927,0.09625,0.080793,0.01264,-0.050676,-0.10237,-0.13677,-0.1587,-0.19047,-0.26945,-0.4248,-0.65851,-0.90691,-1.088,-1.1611,-1.1633,-1.1393,-1.0987,-1.1007,-1.0998,-1.0611,-1.0422,-1.0435,-1.0511,-1.053,-1.0481,-1.0415,-1.0339,-1.0206,-1.0009,-0.97976,-0.96186,-0.94655,-0.92948,-0.90742,-0.88017,-0.84996,-0.81963,-0.79088,-0.76325,-0.73457,-0.70346,-0.64264,-0.58416,-0.55566,-0.52323,-0.48343,-0.43673,-0.3874,-0.33956,-0.2945,-0.25128,-0.20814,-0.16368,-0.11796,-0.072656,-0.02973,0.0098315,0.046461,0.081383,0.11551,0.14886,0.1807,0.20988,0.23511,0.25538,0.27086,0.2833,0.29498,0.30688,0.31803,0.32671,0.33213,0.33469,0.335,0.33329,0.32961,0.3243,0.31775,0.30996,0.30054,0.28878,0.27335,0.25266,0.22643,0.19674,0.16637,0.13744,0.17385,0.14562,0.053129,0.028428,0.0070269,-0.014368,-0.032961,-0.04875,-0.064537,-0.079853,-0.094693,-0.10954,-0.12571,-0.14321,-0.16071,-0.17963,-0.19998,-0.22033,-0.24112,-0.26234,-0.28357,-0.30415,-0.3241,-0.34406,-0.36254,-0.37955,-0.39656,-0.41144,-0.4242,-0.43695,-0.4471,-0.45465,-0.4622,-0.46697,-0.46896,-0.47096,-0.4703,-0.46699,-0.46368,-0.45796,-0.44983,-0.44171,-0.43156,-0.4194,-0.40724,-0.39359,-0.37845,-0.36332,-0.34723,-0.33019,-0.31316,-0.29573,-0.27793,-0.26012,-0.24254,-0.22519,-0.20784,-0.19121,-0.17532,-0.15942,-0.14451,-0.13058,-0.11665,-0.10367,-0.09164,-0.079608,-0.068243,-0.05754,-0.046836,-0.036364,-0.026121,-0.01588,-0.0054044,0.0053064,0.016016,0.027129,0.038643,0.050156,0.061717,0.073328,0.084939,0.095958,0.10639,0.11681,0.126,0.13396,0.14191,0.14826,0.153,0.15774,0.16111,0.16309,0.16508,0.16638,0.16698,0.16758,0.16805,0.16839,0.16872,0.16891,0.16895,0.16899,0.16834,0.167,0.16565,0.16331,0.15996,0.15662,0.12913,0.077488,0.025841
0,0,0,0,0,0,0,0,0,0,0,0,0,0,0,0,0,0,0,0,0,0,0,0,0,0.18664,0.31111,0.37507,0.37851,0.38195,0.38531,0.38859,0.39187,0.39057,0.38467,0.37878,0.36743,0.35061,0.33378,0.31258,0.28702,0.26146,0.23345,0.20299,0.17252,0.14194,0.11125,0.080557,0.051425,0.023861,-0.0037046,-0.037113,-0.076359,-0.11561,-0.157,-0.20049,-0.24399,-0.28029,-0.30939,-0.33849,-0.36536,-0.38999,-0.41462,-0.43892,-0.4629,-0.48688,-0.51155,-0.53691,-0.56226,-0.5876,-0.61293,-0.63826,-0.66051,-0.67969,-0.69887,-0.71068,-0.71513,-0.71957,-0.70964,-0.68534,-0.66103,-0.63597,-0.61016,-0.58434,-0.56099,-0.54011,-0.51922,-0.50543,-0.49873,-0.49204,-0.49271,-0.50075,-0.50879,-0.51597,-0.52229,-0.52862,-0.53378,-0.53778,-0.54179,-0.54056,-0.5341,-0.52764,-0.52063,-0.51309,-0.50555,-0.49765,-0.4894,-0.48116,-0.47377,-0.46723,-0.46069,-0.4563,-0.45404,-0.45177,-0.45177,-0.45402,-0.45627,-0.46104,-0.46832,-0.47561,-0.48597,-0.4994,-0.51284,-0.52885,-0.54745,-0.56605,-0.586,-0.6073,-0.6286,-0.65084,-0.67401,-0.69719,-0.72216,-0.74892,-0.77568,-0.80435,-0.83492,-0.8655,-0.89467,-0.92243,-0.95019,-0.97102,-0.98492,-0.99882,-1.0037,-0.99951,-0.99571,-0.98588,-0.97176,-0.95966,-0.94738,-0.93502,-0.92182,-0.90598,-0.88626,-0.86236,-0.8341,-0.80088,-0.76232,-0.71933,-0.67412,-0.62879,-0.58373,-0.53704,-0.48544,-0.426,-0.35642,-0.27993,-0.19559,-0.10277,-0.026168,0.017406,0.057916,0.13143,0.23875,0.33421,0.40232,0.45244,0.48533,0.51278,0.53609,0.55915,0.58131,0.59687,0.60213,0.60355,0.61565,0.64754,0.68481,0.69666,0.66634,0.66791,0.73222,0.77753,0.76073,0.70906,0.69251,0.7357,0.77615,0.74344,0.64734,0.55208,0.50176,0.50475,0.55066,0.61181,0.65218,0.64994,0.61237,0.57819,0.59923,0.69988,0.84532,0.95223,0.94724,0.82653,0.65931,0.54426,0.52748,0.55964,0.55535,0.4811,0.38706,0.35486,0.40965,0.47596,0.43971,0.2999,0.11396,0.0042097,-0.024635,-0.16865,-0.42365,-0.62884,-0.68784,-0.61469,-0.49343,-0.3987,-0.15054,-0.12504,0,0,0,0,0,0,0,0,0,0,-0.14987,-0.2191,-0.29053,-0.61501,-0.62535,-0.25869,-0.19485,-0.12718,-0.078416,-0.083296,-0.058916,-0.03313,-0.0068933,0.011763,0.034235,0.10794,0.17602,0.23631,0.26928,0.27144,0.2592,0.2498,0.2373,0.20691,0.16048,0.12436,0.11422,0.11462,0.1027,0.049047,0,0,0,0,0,0,0,0,0,0,0,0,0,0,0,0,0,0,0,0,0,0,0,0,0,0,0.035517,0.086145,0.12451,0.17969,0.23147,0.26389,0.28305,0.27592,0.23097,0.14586,0.056242,0.01481,0,0,0,0,0,0,0,0.011331,0.0028095,0,0,0,0,0,0,0,-0.081132,-0.30005,-0.47765,-0.38439,-0.011888,0.19761,0.20217,0.076312,-0.10437,-0.3078,-0.50574,-0.68013,-0.76642,-0.56181,-0.0010153,0.20497,0.31061,0.6257,0.28698,0.016446,-0.094392,-0.064318,0.022551,0.095047,0.10675,0.054668,-0.010083,-0.055611,-0.090462,-0.11781,-0.13511,-0.17123,-0.29338,-0.53973,-0.84203,-1.0674,-1.1594,-1.1592,-1.1371,-1.1134,-1.0965,-1.0946,-1.0761,-1.0545,-1.053,-1.0596,-1.0633,-1.061,-1.0545,-1.0441,-1.0277,-1.0065,-0.98535,-0.96835,-0.95418,-0.93802,-0.91628,-0.88877,-0.85845,-0.82856,-0.79929,-0.76927,-0.73779,-0.70527,-0.645,-0.58797,-0.56089,-0.52987,-0.49121,-0.4447,-0.39445,-0.34539,-0.29989,-0.25715,-0.21478,-0.17068,-0.12459,-0.078234,-0.033938,0.0069859,0.044797,0.080671,0.11556,0.14959,0.1822,0.21242,0.23887,0.26027,0.27645,0.28897,0.30039,0.31225,0.32391,0.33359,0.34012,0.34351,0.34438,0.34324,0.34037,0.33605,0.33049,0.32358,0.31493,0.30391,0.28923,0.26917,0.24331,0.21374,0.18344,0.15475,0.18261,0.15424,0.07027,0.045321,0.02356,0.0018006,-0.017251,-0.0336,-0.049942,-0.065872,-0.081392,-0.096915,-0.11375,-0.13188,-0.15002,-0.1695,-0.19034,-0.21118,-0.23242,-0.25403,-0.27565,-0.29665,-0.31704,-0.33743,-0.35644,-0.37407,-0.39171,-0.40735,-0.42098,-0.43462,-0.44572,-0.45431,-0.46289,-0.46869,-0.47172,-0.47475,-0.47504,-0.47259,-0.47013,-0.46511,-0.45751,-0.44992,-0.44011,-0.42809,-0.41608,-0.40242,-0.38712,-0.37182,-0.35548,-0.3381,-0.32073,-0.30293,-0.28471,-0.2665,-0.2485,-0.23072,-0.21294,-0.19586,-0.17949,-0.16312,-0.14768,-0.13321,-0.11873,-0.10519,-0.092566,-0.079947,-0.067994,-0.056707,-0.045419,-0.034394,-0.023629,-0.012866,-0.0019336,0.0091712,0.020275,0.031711,0.043479,0.055246,0.066999,0.07874,0.090479,0.10157,0.112,0.12243,0.13156,0.13938,0.1472,0.15334,0.1578,0.16225,0.16529,0.16689,0.1685,0.16941,0.16962,0.16983,0.16992,0.16989,0.16987,0.16969,0.16936,0.16903,0.16804,0.16641,0.16478,0.1623,0.15897,0.15565,0.12833,0.077012,0.025677
0,0,0,0,0,0,0,0,0,0,0,0,0,0,0,0,0,0,0,0,0,0,0,0,0,0.19427,0.32381,0.39099,0.39578,0.40057,0.40442,0.40732,0.41023,0.40804,0.40077,0.39349,0.38077,0.3626,0.34442,0.32198,0.29527,0.26856,0.23955,0.20822,0.17689,0.14556,0.11424,0.082915,0.053276,0.025323,-0.0026323,-0.036177,-0.075298,-0.11442,-0.15507,-0.19724,-0.23941,-0.27426,-0.30178,-0.3293,-0.35506,-0.37907,-0.40308,-0.42728,-0.45165,-0.47602,-0.50113,-0.52699,-0.55284,-0.57824,-0.6032,-0.62817,-0.64956,-0.66738,-0.6852,-0.6956,-0.6986,-0.70159,-0.69331,-0.67374,-0.65417,-0.63177,-0.60655,-0.58133,-0.56053,-0.54415,-0.52777,-0.51627,-0.50963,-0.50299,-0.50208,-0.50689,-0.51171,-0.51788,-0.52542,-0.53296,-0.53855,-0.54219,-0.54583,-0.54767,-0.54769,-0.54771,-0.54769,-0.54764,-0.54758,-0.54601,-0.54291,-0.53982,-0.53526,-0.52926,-0.52326,-0.51742,-0.51176,-0.50609,-0.50221,-0.50011,-0.49801,-0.49906,-0.50324,-0.50742,-0.51524,-0.52669,-0.53814,-0.55224,-0.56897,-0.5857,-0.60368,-0.62291,-0.64214,-0.66235,-0.68354,-0.70473,-0.72787,-0.75297,-0.77807,-0.80523,-0.83447,-0.86371,-0.89174,-0.91857,-0.94539,-0.96562,-0.97926,-0.9929,-0.99773,-0.99376,-0.99022,-0.98022,-0.96559,-0.95315,-0.93975,-0.92478,-0.90853,-0.89071,-0.87039,-0.84673,-0.81909,-0.78663,-0.74865,-0.70584,-0.66017,-0.6132,-0.56518,-0.51614,-0.46625,-0.41351,-0.35196,-0.27445,-0.1826,-0.079118,0.014319,0.068067,0.091717,0.12575,0.19408,0.28178,0.38622,0.46954,0.50133,0.51063,0.51741,0.53436,0.55962,0.5806,0.58704,0.58154,0.577,0.58778,0.61598,0.64242,0.63664,0.6327,0.66962,0.71715,0.73357,0.70873,0.68823,0.70755,0.73638,0.72242,0.66263,0.60152,0.57383,0.57927,0.59893,0.61769,0.63293,0.64266,0.63913,0.62699,0.63781,0.70736,0.83,0.94641,0.98539,0.91404,0.75387,0.58992,0.52588,0.58151,0.65559,0.62049,0.46984,0.33168,0.31004,0.3553,0.3415,0.28659,0.27077,0.27299,0.17715,-0.088441,-0.40933,-0.62915,-0.70657,-0.68541,-0.60322,-0.47747,0,0,0,0,0,0,0,0,0,0,0,0,0,0,0,-0.28918,-0.56325,-0.50694,-0.3991,-0.28324,-0.18949,-0.13924,-0.10966,-0.064314,-0.015779,0.028095,0.074778,0.12583,0.18061,0.22521,0.24271,0.23727,0.22865,0.23253,0.23354,0.20502,0.15278,0.11261,0.10084,0.1005,0.038072,0,0,0,0,0,0,0,0,0,0,0,0,0,0,0,0,0,0,0,0,0,0,0,0,0,0,0,0.010574,0.030371,0.090349,0.14534,0.2191,0.28514,0.31566,0.30088,0.23021,0.12062,0.018853,0.0011851,0,0,0,0,0,0,0,0.0090731,0,0,0,0,0,0,0,0,0,-0.16483,-0.27093,-0.54325,-0.12946,0.16917,0.2804,0.23495,0.080499,-0.1421,-0.3717,-0.53033,-0.52279,-0.32261,0.0026487,0.32153,0.48763,0.43668,0.23348,0.032556,-0.053886,-0.018181,0.058003,0.10322,0.10072,0.059581,0.01671,-0.010269,-0.04962,-0.103,-0.14312,-0.18253,-0.29753,-0.48848,-0.77167,-1.0441,-1.1587,-1.1575,-1.1347,-1.1223,-1.0849,-1.0846,-1.0902,-1.0679,-1.0632,-1.0676,-1.0712,-1.0701,-1.0642,-1.0522,-1.0333,-1.0102,-0.98841,-0.97237,-0.96073,-0.9474,-0.92668,-0.89815,-0.86657,-0.83621,-0.80666,-0.77536,-0.74184,-0.70856,-0.64944,-0.59364,-0.56662,-0.53522,-0.49684,-0.45134,-0.40167,-0.35236,-0.3064,-0.26349,-0.22115,-0.17708,-0.13078,-0.083761,-0.038357,0.003887,0.043013,0.079917,0.11541,0.14985,0.18301,0.21408,0.24162,0.26403,0.28085,0.2937,0.30517,0.31693,0.32885,0.33941,0.34716,0.35169,0.35343,0.35307,0.35114,0.34791,0.34338,0.33729,0.32934,0.31905,0.30513,0.28574,0.26025,0.23068,0.20031,0.17172,0.19114,0.16264,0.086965,0.06177,0.039672,0.017577,-0.0018859,-0.018715,-0.035539,-0.052019,-0.068159,-0.084299,-0.10172,-0.12043,-0.13914,-0.15911,-0.18034,-0.20158,-0.22314,-0.24503,-0.26692,-0.28822,-0.30894,-0.32966,-0.34911,-0.36728,-0.38546,-0.40175,-0.41617,-0.43059,-0.44258,-0.45214,-0.4617,-0.46852,-0.47259,-0.47665,-0.47791,-0.47635,-0.47479,-0.47051,-0.46349,-0.45647,-0.44706,-0.43526,-0.42345,-0.40985,-0.39446,-0.37907,-0.36254,-0.34487,-0.3272,-0.30907,-0.29047,-0.27188,-0.25349,-0.23531,-0.21713,-0.19964,-0.18283,-0.16601,-0.15011,-0.13513,-0.12015,-0.10609,-0.092933,-0.079778,-0.06728,-0.055443,-0.043603,-0.032043,-0.020762,-0.009482,0.0018914,0.013364,0.024836,0.036545,0.048488,0.060431,0.072288,0.08406,0.095832,0.10689,0.11724,0.1276,0.13659,0.14424,0.15188,0.1578,0.16198,0.16616,0.16887,0.17011,0.17135,0.17189,0.17172,0.17155,0.17129,0.17092,0.17056,0.17002,0.16932,0.16862,0.16734,0.16549,0.16364,0.16113,0.15797,0.15481,0.1277,0.076634,0.025556
0,0,0,0,0,0,0,0,0,0,0,0,0,0,0,0,0,0,0,0,0,0,0,0,0,0.20189,0.33649,0.40689,0.41304,0.41918,0.42352,0.42605,0.42858,0.42552,0.41686,0.4082,0.39411,0.37459,0.35506,0.33137,0.30351,0.27566,0.24564,0.21345,0.18126,0.14919,0.11723,0.08527,0.055123,0.026779,-0.0015628,-0.035234,-0.074232,-0.11322,-0.15315,-0.19399,-0.23484,-0.26823,-0.29417,-0.3201,-0.34476,-0.36815,-0.39154,-0.41563,-0.4404,-0.46517,-0.49073,-0.51707,-0.54342,-0.56889,-0.59348,-0.61807,-0.6386,-0.65507,-0.67153,-0.68053,-0.68208,-0.68362,-0.67697,-0.66214,-0.6473,-0.62757,-0.60295,-0.57832,-0.56007,-0.5482,-0.53633,-0.52711,-0.52053,-0.51395,-0.51145,-0.51303,-0.51462,-0.51979,-0.52855,-0.5373,-0.54332,-0.5466,-0.54988,-0.55477,-0.56128,-0.56778,-0.57475,-0.58218,-0.58962,-0.59436,-0.59641,-0.59846,-0.59675,-0.59129,-0.58582,-0.57855,-0.56948,-0.5604,-0.55264,-0.5462,-0.53976,-0.53708,-0.53815,-0.53923,-0.5445,-0.55398,-0.56345,-0.57563,-0.59049,-0.60536,-0.62137,-0.63852,-0.65567,-0.67385,-0.69307,-0.71228,-0.73359,-0.75702,-0.78045,-0.80612,-0.83402,-0.86193,-0.88882,-0.9147,-0.94059,-0.96022,-0.9736,-0.98698,-0.99178,-0.98801,-0.9845,-0.97423,-0.95902,-0.94554,-0.93038,-0.91281,-0.89378,-0.87412,-0.85325,-0.82997,-0.8034,-0.77241,-0.73582,-0.69423,-0.64995,-0.60394,-0.55433,-0.49991,-0.44415,-0.392,-0.34098,-0.27802,-0.18884,-0.073358,0.043174,0.11791,0.13294,0.12819,0.16399,0.26087,0.39746,0.49806,0.52209,0.51073,0.50142,0.51145,0.53641,0.56007,0.56858,0.56016,0.54476,0.53958,0.55878,0.59176,0.59648,0.57457,0.58473,0.64977,0.70912,0.71813,0.71126,0.72532,0.74513,0.72026,0.64748,0.58987,0.59244,0.62866,0.65059,0.64552,0.63645,0.64388,0.6597,0.66785,0.67819,0.71944,0.8017,0.90359,0.98374,0.98469,0.86497,0.67478,0.55785,0.60255,0.7113,0.69943,0.52146,0.3186,0.22907,0.23178,0.23536,0.28902,0.43995,0.50703,0.31563,-0.046953,-0.37463,-0.57406,-0.68061,-0.7334,-0.70253,-0.25739,0,0,0,0,0,0,0,0,0,0,0,0,0,0,0,0,-0.25979,-0.45856,-0.40407,-0.32779,-0.24794,-0.18883,-0.14336,-0.083273,-0.025047,0.020793,0.062424,0.1099,0.15487,0.1873,0.19936,0.20106,0.20875,0.21385,0.1162,0.10176,0.075301,0.057004,0.051929,0.053119,0,0,0,0,0,0,0,0,0,0,0,0,0,0,0,0,0,0,0,0,0,0,0,0,0,0,0,0,0,0,0.065735,0.11831,0.19349,0.2751,0.32889,0.32995,0.25952,0.15919,0,0,0,0,0,0,0,0,0,0.0033408,0,0,0,0,0,0,0,0,0,0,0,-0.65444,-0.25027,0.10613,0.30326,0.32894,0.21278,-0.00098813,-0.23174,-0.37004,-0.35806,-0.21801,-0.011641,0.17926,0.29171,0.29353,0.19139,0.066307,0.013271,0.056808,0.043963,0.056828,0.047455,0.02823,0.014747,0.024157,0.00039244,-0.055261,-0.12536,-0.11759,-0.3504,-0.49911,-0.73637,-1.0148,-1.1358,-1.1536,-1.1422,-1.1254,-1.0882,-1.0912,-1.0995,-1.0787,-1.0733,-1.0764,-1.08,-1.0797,-1.0734,-1.0592,-1.0374,-1.0123,-0.99012,-0.97496,-0.96525,-0.95431,-0.9353,-0.90705,-0.87447,-0.84276,-0.81245,-0.78067,-0.74681,-0.71428,-0.67063,-0.61518,-0.57256,-0.5392,-0.50072,-0.45696,-0.40914,-0.36044,-0.31395,-0.27019,-0.22723,-0.18287,-0.13643,-0.089067,-0.042845,0.00067519,0.041165,0.079138,0.11527,0.15004,0.1835,0.21513,0.24349,0.26674,0.28428,0.29762,0.30937,0.32132,0.33351,0.34466,0.35345,0.35925,0.36223,0.36297,0.3621,0.35992,0.35629,0.35092,0.3437,0.33425,0.32117,0.30237,0.27714,0.24758,0.21721,0.18867,0.19965,0.17104,0.10366,0.078217,0.055784,0.033356,0.013481,-0.0038315,-0.021144,-0.038176,-0.054927,-0.071678,-0.089696,-0.10898,-0.12827,-0.14872,-0.17035,-0.19197,-0.21386,-0.23603,-0.25819,-0.2798,-0.30085,-0.3219,-0.34178,-0.36049,-0.3792,-0.39616,-0.41136,-0.42656,-0.43943,-0.44997,-0.46052,-0.46834,-0.47345,-0.47856,-0.48078,-0.48012,-0.47945,-0.4759,-0.46946,-0.46302,-0.45401,-0.44242,-0.43083,-0.41729,-0.4018,-0.38631,-0.36959,-0.35163,-0.33367,-0.3152,-0.29623,-0.27725,-0.25848,-0.2399,-0.22133,-0.20342,-0.18616,-0.1689,-0.15254,-0.13706,-0.12157,-0.10699,-0.093297,-0.079607,-0.066567,-0.054176,-0.041785,-0.029692,-0.017895,-0.0060982,0.0057189,0.017557,0.029398,0.041379,0.053499,0.065618,0.07758,0.089382,0.10118,0.11222,0.12249,0.13276,0.14163,0.1491,0.15657,0.16225,0.16616,0.17006,0.17245,0.17333,0.1742,0.17437,0.17383,0.17328,0.17266,0.17195,0.17125,0.17036,0.16929,0.16821,0.16664,0.16457,0.1625,0.15996,0.15697,0.15397,0.12707,0.076251,0.02543
0,0,0,0,0,0,0,0,0,0,0,0,0,0,0,0,0,0.0018147,0.0015694,0.0022407,0,0,0,0,0,0.21194,0.33848,0.40734,0.41849,0.42963,0.43655,0.43927,0.442,0.43859,0.42906,0.41952,0.4045,0.38398,0.36346,0.33882,0.31005,0.28128,0.25046,0.21757,0.18468,0.15204,0.11962,0.087218,0.056758,0.028235,-0.00028606,-0.033756,-0.072188,-0.11062,-0.14955,-0.18901,-0.22845,-0.26051,-0.28519,-0.30987,-0.33359,-0.35636,-0.37913,-0.40288,-0.4276,-0.45232,-0.47784,-0.50414,-0.53045,-0.55561,-0.57963,-0.60366,-0.62347,-0.63904,-0.65461,-0.66297,-0.66413,-0.66529,-0.66036,-0.64935,-0.63834,-0.6218,-0.59975,-0.57769,-0.56268,-0.55473,-0.54679,-0.53928,-0.5322,-0.52513,-0.52064,-0.51876,-0.51688,-0.51955,-0.52676,-0.53398,-0.54079,-0.5472,-0.5536,-0.56293,-0.57517,-0.58741,-0.60021,-0.61356,-0.62692,-0.63662,-0.64266,-0.64871,-0.64948,-0.64497,-0.64045,-0.63281,-0.62203,-0.61126,-0.60133,-0.59224,-0.58315,-0.57787,-0.57642,-0.57496,-0.57767,-0.58455,-0.59143,-0.60087,-0.61287,-0.62488,-0.63815,-0.65268,-0.66721,-0.68321,-0.7007,-0.71818,-0.73816,-0.76065,-0.78315,-0.80792,-0.83496,-0.862,-0.88793,-0.91272,-0.93751,-0.95616,-0.96866,-0.98115,-0.98535,-0.98125,-0.97715,-0.96655,-0.95124,-0.93709,-0.92049,-0.90068,-0.87938,-0.85814,-0.83633,-0.81283,-0.78718,-0.75808,-0.72352,-0.68366,-0.64162,-0.59894,-0.55101,-0.49158,-0.42437,-0.36539,-0.32412,-0.28281,-0.20656,-0.081079,0.061453,0.1573,0.16854,0.13646,0.1529,0.25964,0.41493,0.51868,0.53333,0.51336,0.50014,0.5058,0.52414,0.54383,0.55246,0.54392,0.52636,0.51958,0.53716,0.56156,0.55194,0.50979,0.50386,0.58027,0.68304,0.73578,0.74981,0.76616,0.77236,0.72431,0.62799,0.5614,0.57643,0.6344,0.66859,0.66282,0.64996,0.65973,0.68418,0.70043,0.70716,0.72198,0.76217,0.83525,0.92641,0.9815,0.93397,0.78858,0.652,0.62401,0.67313,0.67492,0.5663,0.40736,0.28336,0.20932,0.19174,0.28203,0.46424,0.54966,0.37356,0.032026,-0.28554,-0.50496,-0.65807,-0.75977,-0.75215,0,0,0,0,0,0,0,0,0,0,0,0,0,0,0,0,0,0,-0.37185,-0.37077,-0.33493,-0.27271,-0.20524,-0.15284,-0.098675,-0.047134,-0.0064318,0.032295,0.080794,0.12338,0.14151,0.1514,0.1694,0.19012,0.19117,0,0,0,0,0,0,0,0,0,0,0,0,0,0,0,0,0,0,0,0,0,0,0,0,0,0,0,0,0,0,0,0,0,0,0,0,0.072542,0.10083,0.18456,0.27439,0.3405,0.34558,0.29849,0.22869,0,0,0,0,0,0,0,0,0,0,0,0,0,0,0,0,0,0,0,0,0,-0.72411,-0.34045,0.048526,0.30152,0.38023,0.29676,0.098305,-0.12311,-0.26646,-0.28561,-0.19941,-0.056001,0.096362,0.20692,0.23504,0.1853,0.11306,0.098058,0.14919,0,0,0,0,0,0.033397,0.044343,0.026732,-0.061079,0,-0.31633,-0.50447,-0.73884,-0.97565,-1.1,-1.1387,-1.1436,-1.1241,-1.0874,-1.072,-1.0823,-1.0846,-1.0801,-1.0839,-1.089,-1.0898,-1.0824,-1.0648,-1.0395,-1.0125,-0.99046,-0.9762,-0.96762,-0.95817,-0.94125,-0.9147,-0.88187,-0.84834,-0.81685,-0.78569,-0.75387,-0.72351,-0.69443,-0.63769,-0.57843,-0.54267,-0.50408,-0.46222,-0.41668,-0.36899,-0.32195,-0.27695,-0.233,-0.18823,-0.14175,-0.094298,-0.047524,-0.0028963,0.038925,0.078109,0.11512,0.15026,0.18366,0.21516,0.24372,0.26777,0.28653,0.30096,0.31337,0.32563,0.33794,0.34939,0.35902,0.36619,0.37072,0.37291,0.3732,0.37186,0.3689,0.36422,0.35786,0.34942,0.33722,0.31892,0.29377,0.26412,0.23357,0.20492,0.20779,0.179,0.11947,0.093806,0.071094,0.048386,0.028175,0.010464,-0.0072477,-0.02472,-0.041954,-0.059191,-0.077663,-0.097371,-0.11708,-0.13787,-0.15976,-0.18164,-0.20378,-0.22617,-0.24856,-0.27045,-0.29184,-0.31322,-0.33353,-0.35276,-0.37198,-0.38956,-0.40548,-0.4214,-0.43509,-0.44653,-0.45798,-0.46673,-0.47278,-0.47883,-0.48193,-0.48208,-0.48223,-0.47938,-0.47351,-0.46764,-0.45905,-0.44772,-0.4364,-0.42299,-0.40749,-0.392,-0.37517,-0.35702,-0.33887,-0.32016,-0.30089,-0.28163,-0.26253,-0.2436,-0.22467,-0.20638,-0.18871,-0.17104,-0.15424,-0.13828,-0.12233,-0.10726,-0.093054,-0.078854,-0.065295,-0.052378,-0.039462,-0.026859,-0.014569,-0.0022783,0.0099632,0.022154,0.034345,0.046569,0.058825,0.071081,0.083093,0.09486,0.10663,0.11757,0.1277,0.13782,0.1465,0.15374,0.16098,0.16641,0.17003,0.17365,0.17573,0.17627,0.17681,0.17662,0.17572,0.17481,0.17382,0.17276,0.1717,0.17046,0.16906,0.16766,0.16583,0.16355,0.16128,0.15864,0.15562,0.15261,0.12593,0.075569,0.025197
0,0,0,0,0,0,0,0,0,0,0,0,0,0,0,0.0039885,0.0031969,0.0042201,0.0043262,0.0064922,0.0057465,0.01279,0.025384,0.037979,0.067966,0.22446,0.32983,0.39239,0.41215,0.4319,0.44351,0.44699,0.45046,0.44725,0.43735,0.42745,0.41193,0.39079,0.36964,0.34434,0.31489,0.28542,0.25399,0.22057,0.18715,0.15411,0.12143,0.088757,0.058181,0.029694,0.0012054,-0.031747,-0.069172,-0.10659,-0.14429,-0.18227,-0.22025,-0.25111,-0.27485,-0.29858,-0.32153,-0.34368,-0.36582,-0.38902,-0.41325,-0.43749,-0.46247,-0.4882,-0.51393,-0.53842,-0.56168,-0.58494,-0.60414,-0.61928,-0.63443,-0.64293,-0.64476,-0.6466,-0.64347,-0.63537,-0.62727,-0.61446,-0.59695,-0.57943,-0.56836,-0.56375,-0.55914,-0.55278,-0.54466,-0.53653,-0.52967,-0.52407,-0.51848,-0.51714,-0.52007,-0.523,-0.53098,-0.54399,-0.55701,-0.57213,-0.58936,-0.60659,-0.62406,-0.64177,-0.65948,-0.67278,-0.68167,-0.69056,-0.69344,-0.69029,-0.68715,-0.68019,-0.66943,-0.65868,-0.64827,-0.63823,-0.62818,-0.62145,-0.61803,-0.61462,-0.61474,-0.6184,-0.62206,-0.62796,-0.63611,-0.64426,-0.65402,-0.66539,-0.67675,-0.69044,-0.70644,-0.72244,-0.74159,-0.76387,-0.78615,-0.81062,-0.83728,-0.86395,-0.88906,-0.91261,-0.93616,-0.95343,-0.96443,-0.97542,-0.97843,-0.97347,-0.9685,-0.9571,-0.94154,-0.92773,-0.91085,-0.88955,-0.86663,-0.84423,-0.82127,-0.79679,-0.77114,-0.7435,-0.71123,-0.67347,-0.63357,-0.59437,-0.54996,-0.48813,-0.40914,-0.33763,-0.29902,-0.278,-0.2197,-0.090737,0.070458,0.18176,0.19517,0.15512,0.16666,0.27037,0.40378,0.49561,0.52338,0.51904,0.51786,0.52149,0.52752,0.53657,0.54334,0.53878,0.52691,0.52626,0.54342,0.55223,0.52157,0.46906,0.45864,0.52707,0.63956,0.72341,0.76595,0.78427,0.77828,0.73023,0.6377,0.56575,0.56528,0.6135,0.65146,0.65905,0.66172,0.68123,0.70755,0.7197,0.71414,0.70658,0.71989,0.76574,0.83197,0.89108,0.91405,0.87972,0.78835,0.67142,0.58248,0.56045,0.58346,0.57579,0.4816,0.32833,0.21815,0.2266,0.32849,0.42083,0.36927,0.15896,-0.12671,-0.41311,-0.63818,-0.763,-0.75791,0,0,0,0,0,0,0,0,0,0,0,0,0,0,0,0,0,0,-0.16154,-0.29271,-0.28125,-0.23847,-0.18624,-0.14707,-0.11385,-0.074557,-0.028192,0.018783,0.058975,0.082781,0.091228,0.10279,0.1234,0.14012,0.14318,0,0,0,0,0,0,0,0,0,0,0,0,0,0,0,0,0,0,0,0,0,0,0,0,0,0,0,0,0,0,0,0,0,0,0,0,0.13794,0.16209,0.22337,0.31619,0.38562,0.38252,0.35291,0.12747,0,0,0,0,0,0,0,0,0,0,0,0.001773,0,0,0,0,0,0,0,0,0,-0.77839,-0.39109,0.01489,0.29252,0.39708,0.33682,0.15879,-0.050466,-0.20074,-0.25075,-0.20843,-0.095627,0.05133,0.17313,0.22147,0.20193,0.16708,0.16684,0.10016,0,0,0,0,0,0.031211,0.061536,0.079781,0.023609,-0.013302,-0.26964,-0.50345,-0.72942,-0.92364,-1.0574,-1.1174,-1.1248,-1.1089,-1.0847,-1.0502,-1.0607,-1.0844,-1.0819,-1.0885,-1.0968,-1.0994,-1.0909,-1.0697,-1.0405,-1.0116,-0.98947,-0.97624,-0.96872,-0.96075,-0.94632,-0.9223,-0.89021,-0.85506,-0.82202,-0.79222,-0.76383,-0.73575,-0.7058,-0.64624,-0.58416,-0.54685,-0.50851,-0.4681,-0.42431,-0.37764,-0.33025,-0.28399,-0.23884,-0.19344,-0.14688,-0.099476,-0.05244,-0.0070771,0.035912,0.076458,0.11463,0.15026,0.18325,0.21388,0.24205,0.26685,0.28729,0.30352,0.31709,0.3296,0.34171,0.35325,0.36368,0.37233,0.37866,0.38245,0.38384,0.38319,0.38083,0.37697,0.37168,0.36435,0.35301,0.33514,0.31003,0.28017,0.24936,0.22043,0.21547,0.18652,0.1344,0.10853,0.085602,0.062673,0.042199,0.024182,0.0061622,-0.011647,-0.029248,-0.046847,-0.065627,-0.085594,-0.10556,-0.12655,-0.14857,-0.17059,-0.19289,-0.21546,-0.23803,-0.26018,-0.28191,-0.30363,-0.32436,-0.34408,-0.36379,-0.38194,-0.39854,-0.41513,-0.42955,-0.44182,-0.45408,-0.46367,-0.47056,-0.47746,-0.48136,-0.48225,-0.48315,-0.48094,-0.47563,-0.47032,-0.46216,-0.45116,-0.44016,-0.42695,-0.41154,-0.39612,-0.37929,-0.36104,-0.34279,-0.32394,-0.30447,-0.28499,-0.26564,-0.24641,-0.22718,-0.20854,-0.19048,-0.17243,-0.15521,-0.13882,-0.12243,-0.10689,-0.092202,-0.077516,-0.063465,-0.050049,-0.036633,-0.023543,-0.010781,0.0019818,0.014626,0.027152,0.039677,0.052114,0.064467,0.076818,0.088826,0.10049,0.11216,0.12295,0.13285,0.14276,0.1512,0.15816,0.16512,0.17026,0.17359,0.17691,0.17869,0.17893,0.17916,0.17865,0.17739,0.17613,0.17478,0.17334,0.17189,0.17033,0.16865,0.16696,0.16489,0.16244,0.15999,0.15716,0.15394,0.15072,0.12427,0.074583,0.02487
0,0,0,0,0,0,0,0,0,0,0,0,0,0,0,0.0078283,0.006615,0.0054016,0.0067017,0.010515,0.014329,0.031973,0.063454,0.094937,0.15277,0.23697,0.32117,0.37744,0.4058,0.43416,0.45046,0.4547,0.45893,0.45591,0.44565,0.43538,0.41937,0.3976,0.37582,0.34986,0.31971,0.28956,0.25751,0.22357,0.18962,0.15617,0.12323,0.090291,0.059602,0.031151,0.0026992,-0.029736,-0.066152,-0.10257,-0.13903,-0.17554,-0.21205,-0.2417,-0.2645,-0.2873,-0.30946,-0.33099,-0.35252,-0.37517,-0.39891,-0.42265,-0.44711,-0.47226,-0.4974,-0.52123,-0.54372,-0.56621,-0.58482,-0.59954,-0.61426,-0.62288,-0.6254,-0.62792,-0.62659,-0.6214,-0.61621,-0.60713,-0.59415,-0.58117,-0.57404,-0.57276,-0.57149,-0.56627,-0.55711,-0.54794,-0.5387,-0.52939,-0.52008,-0.51474,-0.51339,-0.51203,-0.52116,-0.54079,-0.56041,-0.58133,-0.60356,-0.62578,-0.64792,-0.66998,-0.69203,-0.70893,-0.72067,-0.73241,-0.73739,-0.73561,-0.73383,-0.72757,-0.71683,-0.70608,-0.69521,-0.68421,-0.67321,-0.66502,-0.65964,-0.65427,-0.65181,-0.65225,-0.65269,-0.65506,-0.65935,-0.66365,-0.66989,-0.67809,-0.68629,-0.69766,-0.71218,-0.72671,-0.74501,-0.76708,-0.78915,-0.81333,-0.83961,-0.86589,-0.89019,-0.9125,-0.9348,-0.9507,-0.9602,-0.96969,-0.97152,-0.96569,-0.95985,-0.94769,-0.93178,-0.918,-0.90103,-0.87943,-0.8563,-0.83344,-0.80934,-0.78333,-0.7566,-0.72928,-0.69888,-0.66333,-0.62467,-0.58652,-0.54444,-0.48372,-0.39828,-0.31225,-0.26459,-0.2544,-0.21787,-0.10056,0.060219,0.17518,0.20455,0.19214,0.21637,0.29561,0.37187,0.4246,0.47857,0.52361,0.54677,0.55147,0.5448,0.54018,0.54169,0.54347,0.54416,0.55096,0.5622,0.55778,0.52332,0.47984,0.47139,0.51802,0.59647,0.67168,0.73047,0.76295,0.77399,0.73911,0.66736,0.61105,0.58641,0.59857,0.62556,0.65024,0.67389,0.70034,0.72052,0.71966,0.69764,0.67814,0.68711,0.71978,0.74907,0.77367,0.82355,0.89174,0.89409,0.75681,0.5479,0.45252,0.55448,0.70323,0.68937,0.49523,0.26737,0.13631,0.13068,0.20923,0.28928,0.26157,0.059551,-0.27183,-0.579,-0.73924,-0.74094,0,0,0,0,0,0,0,0,0,0,0,0,0,0,0,0,0,0,0,-0.20047,-0.18983,-0.16814,-0.14222,-0.13316,-0.12698,-0.095571,-0.043552,0.0078899,0.040592,0.051161,0.053022,0.053989,0.053974,0.055485,0.055239,0,0,0,0,0,0,0,0,0,0,0,0,0,0,0,0,0,0,0,0,0,0,0,0,0,0,0,0,0,0,0,0,0,0,0,0,0.092738,0.11729,0.26919,0.3579,0.44874,0.45147,0.42393,0,0,0,0,0,0,0,0,0,0,0,0,0.001773,0,0,0,0,0,0,-0.1481,-0.24683,-0.37675,-0.78531,-0.40494,0.0005372,0.27729,0.38578,0.33929,0.18647,0.0020717,-0.14268,-0.21104,-0.19715,-0.10807,0.0276,0.15089,0.21204,0.21492,0.20617,0.20922,0,0,0,0,0,0,0.020218,0.037225,0.054819,0.044494,-0.045183,-0.22534,-0.4563,-0.68126,-0.86659,-1.0048,-1.0866,-1.0994,-1.0917,-1.0795,-1.0469,-1.0375,-1.0607,-1.0804,-1.091,-1.1035,-1.1083,-1.0983,-1.0735,-1.0409,-1.0102,-0.98827,-0.97637,-0.97024,-0.96375,-0.95164,-0.93045,-0.90009,-0.86461,-0.83054,-0.80155,-0.77575,-0.74888,-0.71692,-0.65417,-0.59023,-0.55281,-0.51526,-0.47561,-0.43233,-0.38604,-0.33863,-0.29161,-0.2453,-0.19897,-0.15202,-0.10463,-0.057667,-0.012076,0.031721,0.073617,0.11315,0.14946,0.18206,0.21151,0.23884,0.26414,0.28644,0.305,0.32013,0.33294,0.34466,0.35611,0.36729,0.37748,0.38564,0.39098,0.39339,0.39345,0.39185,0.38903,0.38494,0.3787,0.36818,0.35072,0.32565,0.29572,0.26487,0.23584,0.22315,0.19404,0.14933,0.12327,0.10012,0.076968,0.056227,0.037898,0.01957,0.001423,-0.016539,-0.034498,-0.053593,-0.073819,-0.094037,-0.11522,-0.13738,-0.15954,-0.182,-0.20475,-0.22751,-0.24992,-0.27198,-0.29405,-0.31519,-0.3354,-0.3556,-0.37433,-0.39159,-0.40885,-0.42402,-0.4371,-0.45019,-0.4606,-0.46835,-0.47609,-0.48078,-0.48242,-0.48406,-0.4825,-0.47775,-0.473,-0.46528,-0.4546,-0.44392,-0.43092,-0.41558,-0.40024,-0.3834,-0.36506,-0.34672,-0.32772,-0.30804,-0.28836,-0.26876,-0.24922,-0.22968,-0.21069,-0.19226,-0.17382,-0.15619,-0.13935,-0.12252,-0.10652,-0.091349,-0.076178,-0.061635,-0.047719,-0.033803,-0.020227,-0.0069923,0.0062428,0.019289,0.032149,0.045009,0.057661,0.070109,0.082554,0.094559,0.10612,0.11769,0.12832,0.13801,0.14771,0.1559,0.16258,0.16926,0.17411,0.17715,0.18018,0.18166,0.18158,0.18151,0.18067,0.17906,0.17745,0.17574,0.17391,0.17209,0.1702,0.16823,0.16626,0.16396,0.16133,0.1587,0.15568,0.15226,0.14884,0.12261,0.073587,0.024541
0,0,0,0,0,0,0,0,0,0,0,0,0,0,0,0.0089755,0.0089535,0.0089313,0.011806,0.017577,0.023348,0.044791,0.08191,0.11903,0.17226,0.2416,0.31093,0.3626,0.39663,0.43065,0.45056,0.45636,0.46216,0.45997,0.4498,0.43962,0.42347,0.40134,0.37921,0.35282,0.32216,0.29151,0.25902,0.2247,0.19038,0.15672,0.12373,0.090755,0.060194,0.032045,0.0038958,-0.027628,-0.062533,-0.097441,-0.13229,-0.16709,-0.2019,-0.23032,-0.25236,-0.27439,-0.29597,-0.3171,-0.33823,-0.36055,-0.38406,-0.40757,-0.43176,-0.45662,-0.48148,-0.50484,-0.52669,-0.54853,-0.56661,-0.58093,-0.59524,-0.60421,-0.60784,-0.61147,-0.6123,-0.61034,-0.60837,-0.60283,-0.59372,-0.5846,-0.5806,-0.58172,-0.58284,-0.57842,-0.56846,-0.55849,-0.54772,-0.53616,-0.52459,-0.51748,-0.51482,-0.51217,-0.52321,-0.54793,-0.57267,-0.59759,-0.62269,-0.64779,-0.67213,-0.69572,-0.71931,-0.73747,-0.75021,-0.76294,-0.76906,-0.76855,-0.76804,-0.76316,-0.7539,-0.74465,-0.73492,-0.72471,-0.7145,-0.70619,-0.69978,-0.69338,-0.68892,-0.68639,-0.68387,-0.6829,-0.68349,-0.68407,-0.68698,-0.6922,-0.69741,-0.70655,-0.71962,-0.73268,-0.7501,-0.77187,-0.79364,-0.8175,-0.84344,-0.86939,-0.89299,-0.91427,-0.93553,-0.95025,-0.95841,-0.96656,-0.96718,-0.96028,-0.95338,-0.94034,-0.92361,-0.90865,-0.89086,-0.86991,-0.848,-0.82531,-0.80022,-0.77266,-0.74431,-0.71612,-0.6866,-0.65289,-0.61452,-0.57447,-0.5321,-0.47541,-0.39154,-0.29423,-0.22723,-0.20994,-0.18978,-0.10739,0.018369,0.12232,0.19283,0.248,0.28701,0.32923,0.35444,0.36116,0.41241,0.50167,0.5642,0.57906,0.56802,0.55297,0.54757,0.55292,0.56472,0.57794,0.58475,0.57664,0.5537,0.53031,0.52589,0.54746,0.58521,0.62598,0.66631,0.70682,0.74072,0.73892,0.70055,0.66407,0.63387,0.61403,0.6239,0.65539,0.68735,0.70934,0.71679,0.70145,0.66896,0.65055,0.67012,0.70582,0.7154,0.70278,0.72831,0.82543,0.91185,0.84458,0.6217,0.45072,0.51131,0.70384,0.75548,0.5795,0.32155,0.11154,0.010273,0.035043,0.15958,0.26125,0.17207,-0.11856,-0.45828,-0.67646,-0.71375,0,0,0,0,0,0,0,0,0,0,0,0,0,0,0,0,0,0,0,-0.07871,-0.071783,-0.065511,-0.097885,-0.1091,-0.11598,-0.092397,-0.055216,-0.015083,0.017277,0.035335,0.037829,0.024318,-0.0022544,-0.026413,-0.034425,-0.024024,-0.0099512,-0.0051112,-0.004332,-0.0025151,0,0,0,0,0,0,0,0,0,0,0,0,0,0,0,0,0,0,0,0,0,0,0,0,0,0,0,0,0,0,0,0,0,0.28374,0.38624,0.4937,0.50475,0.45924,0,0,0,0,0,0,0,0,0,0,0,0,0,0,0,0,0,0,0,-0.1481,-0.24683,-0.37675,-0.71302,-0.38242,-0.013575,0.24288,0.34493,0.3122,0.19267,0.044742,-0.081768,-0.15585,-0.16049,-0.093601,0.018427,0.12774,0.19329,0.21052,0.20672,0.19515,0,0,0,0,0,0.0074623,-0.0062369,-0.011049,-0.0080075,-0.02065,-0.077866,-0.19872,-0.38076,-0.59726,-0.79765,-0.94954,-1.0422,-1.0755,-1.0839,-1.0729,-1.0415,-1.0133,-1.0364,-1.0772,-1.0917,-1.1088,-1.1154,-1.1036,-1.0758,-1.0414,-1.0103,-0.98899,-0.97802,-0.97309,-0.96801,-0.95775,-0.93924,-0.91164,-0.87759,-0.84308,-0.8135,-0.7882,-0.76088,-0.7268,-0.66203,-0.59751,-0.56096,-0.52442,-0.48505,-0.44161,-0.39516,-0.34761,-0.30001,-0.25259,-0.20519,-0.15761,-0.11011,-0.063382,-0.017941,0.026234,0.069151,0.10996,0.14717,0.17981,0.20842,0.23475,0.26003,0.28383,0.30476,0.32181,0.33532,0.34693,0.35835,0.37021,0.38181,0.39161,0.39832,0.40173,0.40263,0.40202,0.40035,0.39743,0.39221,0.38246,0.36546,0.34045,0.31038,0.27938,0.2503,0.23039,0.20108,0.16333,0.13707,0.11371,0.090343,0.069373,0.050804,0.032235,0.01389,-0.0042285,-0.02235,-0.041551,-0.061814,-0.082064,-0.10329,-0.12549,-0.14768,-0.17026,-0.1932,-0.21615,-0.23884,-0.26127,-0.28371,-0.30528,-0.32601,-0.34673,-0.36604,-0.38394,-0.40185,-0.4177,-0.43149,-0.44528,-0.45639,-0.46481,-0.47323,-0.47856,-0.48081,-0.48306,-0.48207,-0.47783,-0.47359,-0.46632,-0.45601,-0.4457,-0.43297,-0.41783,-0.40268,-0.38595,-0.36763,-0.34932,-0.33028,-0.3105,-0.29073,-0.27096,-0.25119,-0.23141,-0.21214,-0.19336,-0.17459,-0.15657,-0.1393,-0.12204,-0.10557,-0.089905,-0.074238,-0.059197,-0.044782,-0.030368,-0.016326,-0.0026532,0.011018,0.024431,0.037586,0.050741,0.063577,0.076092,0.088604,0.10058,0.11201,0.12345,0.13389,0.14335,0.15281,0.16074,0.16714,0.17354,0.17811,0.18086,0.1836,0.18479,0.18442,0.18405,0.18288,0.18091,0.17893,0.17683,0.17459,0.17235,0.1701,0.16784,0.16558,0.16307,0.16032,0.15756,0.15441,0.15087,0.14733,0.12131,0.072801,0.024275
0,0,0,0,0,0,0,0,0,0,0,0,0,0,0,0.011567,0.013188,0.014808,0.019638,0.027676,0.035716,0.057642,0.093454,0.12927,0.17757,0.23836,0.29914,0.3479,0.38464,0.42138,0.44382,0.45199,0.46015,0.45942,0.44979,0.44017,0.42424,0.40203,0.37981,0.35321,0.32224,0.29127,0.25852,0.22398,0.18943,0.15575,0.12295,0.090144,0.05995,0.032372,0.004796,-0.02543,-0.05831,-0.091193,-0.12407,-0.15693,-0.18979,-0.21696,-0.23842,-0.25988,-0.28106,-0.30199,-0.32293,-0.34516,-0.3687,-0.39225,-0.41645,-0.4413,-0.46614,-0.48924,-0.51057,-0.5319,-0.54954,-0.56346,-0.57738,-0.58693,-0.59208,-0.59724,-0.60061,-0.60218,-0.60376,-0.60158,-0.59566,-0.58973,-0.58806,-0.59063,-0.59321,-0.58923,-0.57871,-0.56819,-0.55674,-0.54438,-0.53201,-0.52534,-0.52438,-0.52341,-0.5371,-0.56544,-0.59378,-0.62088,-0.64674,-0.67261,-0.69669,-0.71899,-0.74129,-0.75839,-0.77027,-0.78215,-0.78843,-0.78911,-0.78978,-0.78697,-0.78068,-0.77439,-0.76741,-0.75974,-0.75207,-0.74498,-0.73846,-0.73194,-0.72606,-0.72081,-0.71557,-0.71147,-0.70851,-0.70555,-0.70528,-0.70769,-0.71011,-0.71713,-0.72874,-0.74034,-0.75684,-0.77823,-0.79962,-0.82313,-0.84878,-0.87443,-0.89748,-0.91792,-0.93836,-0.95207,-0.95904,-0.96601,-0.96542,-0.95726,-0.94909,-0.93482,-0.91679,-0.90022,-0.88132,-0.86101,-0.84037,-0.81789,-0.79213,-0.76363,-0.734,-0.70452,-0.6749,-0.64221,-0.60342,-0.55995,-0.51519,-0.46335,-0.38811,-0.288,-0.19746,-0.15154,-0.13337,-0.095331,-0.015564,0.085033,0.19183,0.29036,0.34654,0.3675,0.36557,0.35212,0.37183,0.45664,0.5459,0.58254,0.58379,0.56904,0.55939,0.56391,0.57887,0.59435,0.60166,0.59825,0.58878,0.58089,0.5797,0.58645,0.59869,0.61149,0.62455,0.64356,0.66963,0.70336,0.72412,0.70933,0.67895,0.65715,0.65795,0.67897,0.69774,0.70375,0.69703,0.67467,0.64479,0.63616,0.66762,0.71414,0.72759,0.69749,0.67748,0.73587,0.85181,0.88349,0.7435,0.55824,0.52295,0.62499,0.66297,0.54652,0.36783,0.1985,0.052892,-0.024254,0.023575,0.13979,0.16535,-0.0059872,-0.31428,-0.57239,-0.65877,0,0,0,0,0,0,0,0,0,0,0,0,0,0,0,0,0,0,0,0,0,0,-0.039879,-0.046865,-0.050073,-0.04041,-0.040613,-0.030183,-0.0099279,0.020402,0.033525,0.01335,-0.032239,-0.079035,-0.092437,-0.070338,-0.037244,-0.021248,-0.018416,-0.0025151,0,0,0,0,0,0,0,0,0,0,0,0,0,0,0,0,0,0,0,0,0,0,0,0,0,0,0,0,0,0,0,0,0,0.29162,0.4057,0.52085,0.5301,0.45422,0,0,0,0,0,0,0,0,0,0,0,0,0,0,0,0,0,0,0,0,0,0,-0.59358,-0.34365,-0.040746,0.18666,0.28692,0.27373,0.18967,0.078149,-0.026815,-0.09746,-0.11169,-0.066019,0.017631,0.106,0.16923,0.18816,0.16892,0.12859,0,0,0,0,0.043801,0.026533,-0.041361,-0.061211,-0.05259,-0.053463,-0.08021,-0.15642,-0.30749,-0.51789,-0.73088,-0.89816,-1.0023,-1.0539,-1.0769,-1.0673,-1.0364,-1.0086,-1.0104,-1.0518,-1.0911,-1.1127,-1.1206,-1.1071,-1.0771,-1.0421,-1.0123,-0.99237,-0.98221,-0.97779,-0.97334,-0.96427,-0.94813,-0.92395,-0.89292,-0.85913,-0.82812,-0.8008,-0.77158,-0.7364,-0.68418,-0.61978,-0.57113,-0.53528,-0.49587,-0.45224,-0.40562,-0.35769,-0.3094,-0.26098,-0.21253,-0.1642,-0.11642,-0.069808,-0.024557,0.019657,0.063035,0.10476,0.14303,0.17635,0.20495,0.23072,0.25563,0.28008,0.30273,0.32175,0.33666,0.34891,0.36066,0.37313,0.3858,0.39685,0.4047,0.40913,0.41103,0.41148,0.41095,0.4091,0.4048,0.39576,0.37925,0.35441,0.32417,0.29297,0.26376,0.23708,0.20765,0.17639,0.14995,0.12638,0.1028,0.08164,0.0629,0.044162,0.025755,0.007674,-0.010412,-0.0295,-0.049574,-0.069644,-0.090754,-0.11289,-0.13503,-0.15767,-0.18082,-0.20396,-0.22695,-0.24979,-0.27262,-0.29465,-0.31591,-0.33716,-0.35706,-0.37559,-0.39412,-0.41058,-0.42497,-0.43936,-0.45101,-0.45994,-0.46886,-0.47469,-0.47742,-0.48015,-0.47963,-0.47586,-0.4721,-0.46528,-0.45539,-0.4455,-0.43313,-0.41828,-0.40343,-0.38693,-0.36876,-0.35059,-0.33162,-0.31186,-0.29208,-0.27223,-0.2523,-0.23238,-0.21287,-0.1938,-0.17472,-0.15634,-0.13866,-0.12097,-0.10404,-0.087869,-0.071696,-0.056152,-0.04124,-0.026328,-0.011835,0.0022379,0.01631,0.03005,0.043464,0.056877,0.069861,0.082415,0.094969,0.10688,0.11816,0.12943,0.13967,0.14887,0.15807,0.16573,0.17184,0.17796,0.18225,0.18472,0.18719,0.18809,0.18744,0.18678,0.18528,0.18293,0.18058,0.17806,0.17536,0.17267,0.17004,0.16748,0.16491,0.16222,0.1594,0.15657,0.15337,0.14979,0.14621,0.12035,0.072221,0.024081
0,0,0,0,0,0,0,0,0,0,0,0,0,0.0033529,0.0055888,0.014159,0.017421,0.020684,0.027468,0.037775,0.048082,0.070489,0.105,0.13951,0.18288,0.23512,0.28736,0.3332,0.37265,0.41209,0.43708,0.44761,0.45814,0.45887,0.44979,0.44071,0.42501,0.40271,0.38039,0.3536,0.32232,0.29103,0.25801,0.22325,0.18848,0.15478,0.12216,0.089527,0.059706,0.032701,0.0056953,-0.023232,-0.054088,-0.084951,-0.11584,-0.14676,-0.17769,-0.20359,-0.22448,-0.24535,-0.26616,-0.28689,-0.30762,-0.32978,-0.35335,-0.37692,-0.40113,-0.42597,-0.45081,-0.47365,-0.49447,-0.51529,-0.53246,-0.54599,-0.55953,-0.56964,-0.57633,-0.58302,-0.58892,-0.59403,-0.59914,-0.60033,-0.5976,-0.59487,-0.59551,-0.59954,-0.60357,-0.60004,-0.58896,-0.57789,-0.56576,-0.55259,-0.53943,-0.53321,-0.53393,-0.53466,-0.551,-0.58294,-0.61488,-0.64417,-0.6708,-0.69742,-0.72124,-0.74226,-0.76328,-0.7793,-0.79033,-0.80136,-0.8078,-0.80966,-0.81151,-0.81078,-0.80745,-0.80412,-0.7999,-0.79476,-0.78963,-0.78375,-0.77713,-0.7705,-0.7632,-0.75524,-0.74728,-0.74004,-0.73353,-0.72702,-0.72357,-0.72319,-0.72281,-0.7277,-0.73786,-0.74801,-0.76359,-0.78459,-0.8056,-0.82877,-0.85413,-0.87948,-0.90196,-0.92157,-0.94119,-0.95389,-0.95968,-0.96547,-0.96365,-0.95423,-0.94481,-0.9297,-0.91092,-0.89315,-0.87348,-0.8533,-0.83288,-0.80998,-0.78367,-0.75498,-0.72505,-0.69484,-0.66455,-0.63169,-0.592,-0.54518,-0.49681,-0.44794,-0.38462,-0.29199,-0.18373,-0.10061,-0.067137,-0.051887,-0.00085096,0.089688,0.18752,0.28524,0.37754,0.42985,0.44313,0.41963,0.38553,0.40679,0.48218,0.55239,0.58138,0.58151,0.57395,0.57503,0.5859,0.59891,0.60761,0.60998,0.608,0.60589,0.6072,0.61287,0.61941,0.61983,0.61145,0.60439,0.61662,0.65732,0.7146,0.74168,0.72104,0.70173,0.70189,0.70469,0.70391,0.69521,0.67751,0.65276,0.63151,0.63466,0.67411,0.7295,0.7567,0.72994,0.68033,0.68524,0.7766,0.86098,0.8217,0.69028,0.59491,0.56348,0.52252,0.44551,0.37267,0.3019,0.18387,0.035996,-0.033566,0.013361,0.072755,-0.001503,-0.22839,-0.46515,-0.57486,0,0,0,0,0,0,0,0,0,0,0,0,0,0,0,0,0,0,0,0,0,0,0,0,0,0,-0.01165,-0.015579,-0.020833,-4.4735e-05,0.0038199,-0.022792,-0.066688,-0.10829,-0.12564,-0.11219,-0.074897,-0.048371,-0.040705,0,0,0,0,0,0,0,0,0,0,0,0,0,0,0,0,0,0,0,0,0,0,0,0,0,0,0,0,0,0,-0.0038215,-0.0021461,-0.0027814,0.020667,0.26504,0.42823,0.53054,0.53054,0.45556,0.18192,0,0,0,0,0,0,0,0,0,0,0,0,0,0,0,0,0,0,0,0,0,-0.37943,-0.32533,-0.089595,0.12067,0.23227,0.24009,0.18306,0.098823,0.014721,-0.045407,-0.063761,-0.038422,0.018224,0.088834,0.14754,0.16183,0.11671,0.088016,0.057827,0,0,0,0.09902,0.060419,-0.047519,-0.10327,-0.097203,-0.055674,-0.026019,-0.077024,-0.23362,-0.45953,-0.68083,-0.85047,-0.97118,-1.0444,-1.0661,-1.0572,-1.0332,-1.0031,-0.98362,-1.0261,-1.09,-1.116,-1.125,-1.1097,-1.0779,-1.0438,-1.0165,-0.99862,-0.98904,-0.98424,-0.97956,-0.97121,-0.95694,-0.93558,-0.90775,-0.87586,-0.84386,-0.81367,-0.78259,-0.74755,-0.70912,-0.64495,-0.58307,-0.54685,-0.5072,-0.46366,-0.41719,-0.36906,-0.32012,-0.27077,-0.22135,-0.17227,-0.12404,-0.077211,-0.031921,0.012248,0.055703,0.097922,0.13718,0.17167,0.20105,0.2269,0.25147,0.27593,0.29946,0.32023,0.33718,0.35098,0.36364,0.3767,0.38998,0.40183,0.41066,0.41613,0.41907,0.42052,0.42095,0.42001,0.41647,0.40805,0.39198,0.3674,0.33734,0.30628,0.27712,0.24377,0.21422,0.18945,0.16284,0.13905,0.11526,0.093907,0.074997,0.056091,0.03762,0.019577,0.0015279,-0.017447,-0.037337,-0.057229,-0.078216,-0.10029,-0.12237,-0.14509,-0.16843,-0.19178,-0.21507,-0.2383,-0.26153,-0.28403,-0.30581,-0.3276,-0.34807,-0.36723,-0.38639,-0.40346,-0.41844,-0.43343,-0.44564,-0.45507,-0.4645,-0.47081,-0.47402,-0.47723,-0.47719,-0.4739,-0.47061,-0.46423,-0.45476,-0.44529,-0.43329,-0.41874,-0.40419,-0.3879,-0.36989,-0.35187,-0.33297,-0.3132,-0.29344,-0.27351,-0.25342,-0.23334,-0.21361,-0.19423,-0.17485,-0.15611,-0.13801,-0.11991,-0.10251,-0.085832,-0.069151,-0.053106,-0.037696,-0.022285,-0.007344,0.007127,0.021599,0.035669,0.04934,0.063013,0.076147,0.088739,0.10133,0.11319,0.1243,0.13541,0.14544,0.15439,0.16333,0.17072,0.17655,0.18238,0.18639,0.18858,0.19077,0.1914,0.19045,0.18951,0.18767,0.18495,0.18222,0.17928,0.17614,0.17299,0.16998,0.16712,0.16425,0.16137,0.15848,0.15558,0.15232,0.1487,0.14508,0.1194,0.071644,0.023896
0,0,0,0,0,0,0,0,0,0,0,0,0,0.0074866,0.012479,0.016985,0.021005,0.025025,0.033468,0.046334,0.059201,0.082139,0.11515,0.14817,0.18818,0.23516,0.28214,0.32535,0.36475,0.40414,0.42988,0.44197,0.45406,0.45593,0.44756,0.43919,0.42389,0.40165,0.37941,0.35256,0.32109,0.28961,0.2564,0.22147,0.18655,0.15285,0.12039,0.087918,0.058564,0.032325,0.0060823,-0.021335,-0.049936,-0.078538,-0.10702,-0.13539,-0.16376,-0.18791,-0.20782,-0.22773,-0.24812,-0.269,-0.28988,-0.31257,-0.33707,-0.36157,-0.38652,-0.41192,-0.43733,-0.4601,-0.48022,-0.50034,-0.51684,-0.5297,-0.54257,-0.55307,-0.56117,-0.56928,-0.57672,-0.58351,-0.59029,-0.595,-0.59765,-0.6003,-0.60285,-0.60529,-0.60774,-0.60419,-0.59464,-0.58509,-0.5743,-0.56227,-0.55023,-0.5462,-0.55016,-0.55412,-0.57225,-0.60454,-0.63684,-0.66552,-0.69059,-0.71566,-0.73701,-0.75465,-0.77229,-0.78585,-0.79536,-0.80486,-0.81244,-0.8181,-0.82377,-0.82682,-0.82725,-0.82768,-0.82683,-0.82469,-0.82256,-0.81829,-0.8119,-0.8055,-0.79723,-0.78708,-0.77693,-0.7672,-0.7579,-0.7486,-0.74273,-0.74028,-0.73784,-0.74105,-0.74993,-0.75881,-0.77334,-0.79352,-0.81371,-0.83619,-0.86097,-0.88575,-0.90766,-0.92671,-0.94577,-0.95784,-0.96293,-0.96801,-0.96535,-0.95494,-0.94453,-0.92829,-0.9081,-0.88872,-0.86784,-0.84715,-0.8259,-0.80165,-0.77461,-0.74622,-0.71689,-0.68662,-0.65536,-0.62136,-0.58074,-0.53177,-0.4794,-0.42961,-0.37567,-0.29738,-0.1874,-0.076341,-0.0046579,0.032826,0.065015,0.088939,0.11419,0.19906,0.35453,0.5014,0.57389,0.5475,0.45793,0.39187,0.40757,0.48913,0.55821,0.5831,0.58507,0.58266,0.58562,0.59349,0.60222,0.60821,0.6096,0.60865,0.61144,0.62058,0.62955,0.62732,0.60939,0.58959,0.59534,0.63603,0.69229,0.74497,0.76545,0.74534,0.72305,0.71279,0.70797,0.70197,0.68041,0.64572,0.62168,0.63252,0.68041,0.74175,0.7797,0.76794,0.72263,0.70416,0.74952,0.81888,0.8313,0.7668,0.66944,0.56371,0.44981,0.35523,0.32433,0.32203,0.26805,0.14606,0.026503,-0.028189,-0.035059,-0.093432,-0.23471,-0.39129,-0.4831,-0.20193,0,0,0,0,0,0,0,0,0,0,0,0,0,0,0,0,0,0,0,0,0,0,0,0,0,0,0,-0.0094576,-0.0074233,-0.02138,-0.05374,-0.086533,-0.11793,-0.14237,-0.13679,-0.10913,-0.088146,-0.071739,0,0,0,0,0,0,0,0,0,0,0,0,0,0,0,0,0,0,0,0,0,0,0,0,0,0,0,0,0,0,-0.013586,-0.00952,0.0018162,0.066798,0.23397,0.41663,0.50968,0.51627,0.46363,0.37509,0.14339,0,0,0,0,0,0,0,0,0,0,0,0,0,0,0,0,0,0,0,0,-0.14316,-0.26518,-0.1591,0.059184,0.1875,0.2136,0.17269,0.10597,0.041011,-0.0051494,-0.024089,-0.015865,0.017698,0.072412,0.12645,0.13835,0.085543,0.044208,0.053121,0,0,0,0.14189,0.086354,-0.026947,-0.11491,-0.11032,-0.050668,-0.020876,-0.021233,-0.15169,-0.4102,-0.64564,-0.81329,-0.93421,-1.0187,-1.0501,-1.0523,-1.0332,-0.99801,-0.97746,-1.022,-1.0896,-1.1192,-1.1285,-1.1116,-1.0793,-1.047,-1.0228,-1.0068,-0.99712,-0.99141,-0.9864,-0.97865,-0.96562,-0.94606,-0.92038,-0.89028,-0.85846,-0.82714,-0.79562,-0.76154,-0.72436,-0.65983,-0.59608,-0.55827,-0.51811,-0.47518,-0.42965,-0.38192,-0.33256,-0.28231,-0.23194,-0.18208,-0.13324,-0.085861,-0.040151,0.0042238,0.047701,0.090059,0.13002,0.16574,0.19633,0.22282,0.2474,0.27174,0.29575,0.31803,0.33725,0.35329,0.36747,0.38125,0.39478,0.40701,0.41663,0.42313,0.42706,0.42935,0.43047,0.43017,0.42721,0.41926,0.40362,0.37939,0.34952,0.31857,0.28959,0.25006,0.22037,0.20171,0.17491,0.15087,0.12683,0.10531,0.086306,0.067308,0.0489,0.031071,0.013237,-0.0054656,-0.025033,-0.044605,-0.06535,-0.087276,-0.10921,-0.13193,-0.15545,-0.17896,-0.20255,-0.22623,-0.24991,-0.27293,-0.29529,-0.31765,-0.33869,-0.3584,-0.3781,-0.39566,-0.41109,-0.42651,-0.43912,-0.44892,-0.45872,-0.4654,-0.46898,-0.47256,-0.47292,-0.47006,-0.4672,-0.46126,-0.45225,-0.44324,-0.43166,-0.41751,-0.40336,-0.38741,-0.36965,-0.35188,-0.33315,-0.31346,-0.29377,-0.27384,-0.25366,-0.23348,-0.21358,-0.19395,-0.17432,-0.15525,-0.13675,-0.11825,-0.10041,-0.083228,-0.066046,-0.049498,-0.03358,-0.017666,-0.002271,0.0126,0.027471,0.041851,0.055738,0.069628,0.082871,0.095468,0.10806,0.11983,0.13077,0.14172,0.15153,0.16022,0.16892,0.17603,0.18158,0.18713,0.19086,0.19279,0.19471,0.19505,0.19383,0.1926,0.19044,0.18734,0.18424,0.18091,0.17734,0.17377,0.17038,0.16719,0.164,0.16089,0.15788,0.15487,0.1516,0.14806,0.14452,0.11897,0.071395,0.023813
0,0,0,0,0,0,0,0,0,0,0,0,0,0.0090478,0.015082,0.020044,0.023938,0.027832,0.037638,0.053356,0.069075,0.092599,0.12393,0.15527,0.19345,0.23848,0.2835,0.32433,0.36093,0.39753,0.42225,0.43509,0.44792,0.45059,0.44311,0.43563,0.42088,0.39887,0.37685,0.35007,0.31853,0.28698,0.25369,0.21865,0.18361,0.14994,0.11763,0.085314,0.056518,0.031237,0.0059566,-0.019737,-0.045844,-0.07195,-0.097604,-0.12281,-0.14802,-0.1699,-0.18845,-0.207,-0.22696,-0.24833,-0.26969,-0.29353,-0.31986,-0.34619,-0.37262,-0.39916,-0.42571,-0.4486,-0.46783,-0.48706,-0.50265,-0.51459,-0.52653,-0.5372,-0.54661,-0.55602,-0.56402,-0.57062,-0.57721,-0.58562,-0.59583,-0.60604,-0.61006,-0.6079,-0.60573,-0.60168,-0.59575,-0.58982,-0.58236,-0.57339,-0.56443,-0.56431,-0.57305,-0.58178,-0.60085,-0.63024,-0.65964,-0.68493,-0.70613,-0.72732,-0.744,-0.75616,-0.76833,-0.77806,-0.78536,-0.79266,-0.80236,-0.81446,-0.82655,-0.8351,-0.84009,-0.84508,-0.84822,-0.84953,-0.85085,-0.84859,-0.84278,-0.83697,-0.82815,-0.81633,-0.80451,-0.79294,-0.78162,-0.7703,-0.76275,-0.75896,-0.75518,-0.75717,-0.76495,-0.77274,-0.78609,-0.80502,-0.82396,-0.84538,-0.8693,-0.89322,-0.91457,-0.93334,-0.95212,-0.96393,-0.96879,-0.97364,-0.97051,-0.95938,-0.94825,-0.93067,-0.90857,-0.88729,-0.86476,-0.84271,-0.8197,-0.79361,-0.76573,-0.73765,-0.70898,-0.67873,-0.6464,-0.61093,-0.56958,-0.51988,-0.46416,-0.40975,-0.35842,-0.29569,-0.20127,-0.075933,0.055069,0.15684,0.18165,0.10306,0.0029273,0.035524,0.24005,0.48918,0.64315,0.65435,0.55897,0.44432,0.38914,0.42407,0.50942,0.56916,0.58529,0.58213,0.57688,0.5788,0.58686,0.59466,0.59694,0.59566,0.59896,0.60986,0.61999,0.61775,0.60096,0.58514,0.59459,0.63439,0.68703,0.74026,0.78522,0.78484,0.73462,0.70079,0.70968,0.72656,0.71097,0.65579,0.60999,0.61973,0.67848,0.74775,0.79227,0.79903,0.786,0.78021,0.7881,0.80531,0.80572,0.76997,0.70421,0.60452,0.47153,0.34553,0.2785,0.2651,0.25824,0.21751,0.12782,0.0069332,-0.099315,-0.20004,-0.28938,-0.35956,-0.39988,-0.35233,0,0,0,0,0,0,0,0,0,0,0,0,0,0,0,0,0,0,0,0,0,0,0,0,0,0,0,0,-0.0016632,-0.010163,-0.040115,-0.072574,-0.10802,-0.14256,-0.1532,-0.14899,-0.13863,-0.11627,0,0,0,0,0,0,0,0,0,0,0,0,0,0,0,0,0,0,0,0,0,0,0,0,0,0,0,0,0,-0.012665,-0.023611,-0.014112,0.020251,0.10233,0.22793,0.36322,0.45953,0.48767,0.45658,0.38467,0.29122,0.10331,0,0,0,0,0,0,0,0,0,0,0,0,0,0,0,0,0,0,0,-0.052778,-0.21095,-0.2214,0.009355,0.15288,0.19182,0.16139,0.10638,0.056403,0.022375,0.0046791,0.0024339,0.019394,0.057163,0.099553,0.11322,0.079635,0.029983,0.018914,0,0,0,0.14999,0.090314,0.018493,-0.036236,-0.036419,-0.02288,-0.041631,-0.0086077,-0.10463,-0.38746,-0.62423,-0.78333,-0.90337,-0.99075,-1.0403,-1.0461,-1.025,-0.99552,-0.9731,-0.99951,-1.0713,-1.1234,-1.1313,-1.1128,-1.0816,-1.052,-1.0303,-1.0154,-1.0051,-0.99845,-0.99335,-0.98641,-0.97455,-0.95613,-0.93151,-0.90285,-0.8724,-0.84165,-0.81043,-0.77707,-0.74075,-0.68874,-0.62243,-0.5691,-0.52822,-0.48605,-0.44208,-0.39563,-0.34655,-0.29572,-0.24436,-0.19352,-0.14385,-0.095735,-0.049331,-0.0044913,0.039121,0.081557,0.12199,0.15877,0.19073,0.21836,0.24349,0.26798,0.29244,0.31603,0.33742,0.35595,0.37204,0.38666,0.40029,0.41257,0.4227,0.43014,0.43505,0.43803,0.43955,0.43951,0.43685,0.42931,0.41418,0.39039,0.36071,0.32989,0.30114,0.25588,0.22612,0.21316,0.18617,0.16185,0.13752,0.11585,0.09683,0.077815,0.05959,0.04215,0.02471,0.0064373,-0.012668,-0.031774,-0.052165,-0.073855,-0.095549,-0.11821,-0.14185,-0.16549,-0.1894,-0.21358,-0.23776,-0.26135,-0.28435,-0.30734,-0.32893,-0.34909,-0.36925,-0.38719,-0.40289,-0.4186,-0.43147,-0.44149,-0.45152,-0.45846,-0.4623,-0.46615,-0.46683,-0.46435,-0.46186,-0.45636,-0.44785,-0.43934,-0.42826,-0.41461,-0.40097,-0.38544,-0.36804,-0.35064,-0.33217,-0.31263,-0.29309,-0.27322,-0.25301,-0.23281,-0.21279,-0.19295,-0.17311,-0.15376,-0.13488,-0.116,-0.097726,-0.080053,-0.06238,-0.045328,-0.028896,-0.012468,0.003387,0.01866,0.033927,0.048594,0.062659,0.076726,0.090038,0.1026,0.11516,0.12682,0.13758,0.14834,0.15794,0.16638,0.17482,0.18167,0.18694,0.19221,0.19568,0.19734,0.19899,0.19907,0.19756,0.19605,0.19357,0.19011,0.18665,0.18294,0.17897,0.175,0.17124,0.1677,0.16415,0.16079,0.15762,0.15445,0.15119,0.14786,0.14453,0.11907,0.071456,0.023829
0,0,0,0,0,0,0,0,0,0,0,0,0,0.0049141,0.0081915,0.023101,0.026868,0.030635,0.041803,0.060374,0.078946,0.10305,0.1327,0.16235,0.19871,0.24178,0.28485,0.3233,0.35712,0.39093,0.41462,0.4282,0.44178,0.44527,0.43866,0.43206,0.41787,0.39608,0.37429,0.34759,0.31597,0.28435,0.25097,0.21583,0.18068,0.14703,0.11487,0.082712,0.054474,0.030149,0.0058306,-0.018135,-0.041748,-0.065361,-0.088189,-0.11024,-0.13228,-0.1519,-0.16908,-0.18627,-0.20579,-0.22765,-0.24951,-0.2745,-0.30265,-0.33079,-0.35871,-0.3864,-0.41409,-0.4371,-0.45544,-0.47378,-0.48846,-0.49947,-0.51048,-0.52134,-0.53205,-0.54276,-0.55132,-0.55773,-0.56414,-0.57623,-0.59401,-0.61178,-0.61728,-0.6105,-0.60373,-0.59918,-0.59686,-0.59454,-0.59043,-0.58452,-0.57862,-0.58242,-0.59594,-0.60945,-0.62945,-0.65595,-0.68244,-0.70435,-0.72167,-0.73899,-0.75099,-0.75768,-0.76437,-0.77026,-0.77537,-0.78047,-0.79228,-0.81081,-0.82934,-0.84338,-0.85292,-0.86247,-0.86962,-0.87438,-0.87913,-0.87889,-0.87366,-0.86844,-0.85907,-0.84558,-0.83209,-0.81867,-0.80534,-0.792,-0.78277,-0.77765,-0.77252,-0.7733,-0.77998,-0.78666,-0.79885,-0.81652,-0.8342,-0.85457,-0.87764,-0.9007,-0.92148,-0.93997,-0.95847,-0.97003,-0.97465,-0.97927,-0.97566,-0.96382,-0.95197,-0.93349,-0.9102,-0.88803,-0.86463,-0.84049,-0.81488,-0.78713,-0.75853,-0.73003,-0.70107,-0.67041,-0.63705,-0.60023,-0.55846,-0.50919,-0.45168,-0.39136,-0.33672,-0.28506,-0.21146,-0.082833,0.099822,0.26463,0.29652,0.15186,-0.046087,-0.091913,0.089652,0.37567,0.59742,0.67855,0.6331,0.52461,0.43289,0.40707,0.46722,0.54412,0.57247,0.57236,0.56191,0.55918,0.56729,0.57603,0.57769,0.57644,0.58063,0.5914,0.60078,0.59955,0.58816,0.5805,0.5938,0.63363,0.69006,0.7459,0.78342,0.7895,0.75035,0.69988,0.70816,0.75298,0.7506,0.68093,0.60966,0.60633,0.66779,0.74517,0.79832,0.82634,0.85355,0.87074,0.85527,0.81706,0.7721,0.73366,0.70121,0.6437,0.53996,0.4132,0.29048,0.19984,0.1779,0.19994,0.18044,0.064512,-0.10737,-0.25959,-0.34039,-0.35756,-0.33954,-0.26696,0,0,0,0,0,0,0,0,0,0,0,0,0,0,0,0,0,-0.025062,0,0,0,0,0,0,0,0,0,0,0,-0.00051239,-0.013585,-0.060597,-0.10024,-0.14155,-0.17321,-0.18988,-0.18777,-0.16622,0,0,0,0,0,0,0,0,0,0,0,0,0,0,0,0,0,0,0,0,0,0,0,0,0,0,0,0,0,-0.022722,-0.024098,-0.006587,0.038669,0.11427,0.21259,0.31653,0.40144,0.44295,0.43139,0.37404,0.29055,0.20624,0,0,0,0,0,0,0,0,0,0,0,0,0,0,0,0,0,0,0,-0.044348,-0.21435,-0.2495,-0.028092,0.121,0.17053,0.15151,0.10762,0.067852,0.040949,0.025058,0.019265,0.026899,0.048926,0.075877,0.089584,0.080782,0.065092,0.062432,0.048723,0.059528,0.060428,0.11322,0.083236,0.070171,0.074436,0.056122,0,-0.008585,0.00023421,-0.10641,-0.38077,-0.61501,-0.76752,-0.87909,-0.97187,-1.0348,-1.0369,-1.0173,-0.996,-0.97294,-0.98195,-1.057,-1.129,-1.1333,-1.1135,-1.0846,-1.0586,-1.0389,-1.0238,-1.0123,-1.0049,-1.0002,-0.99456,-0.98409,-0.96675,-0.94331,-0.91612,-0.88701,-0.85695,-0.8258,-0.79249,-0.75636,-0.71717,-0.66217,-0.59339,-0.53826,-0.49635,-0.45378,-0.40908,-0.36116,-0.31042,-0.25828,-0.20628,-0.15553,-0.10653,-0.0594,-0.014085,0.029725,0.072272,0.11305,0.15084,0.1844,0.2136,0.23986,0.26503,0.29012,0.31485,0.3381,0.35891,0.37692,0.3925,0.40624,0.41843,0.42882,0.43701,0.44279,0.44632,0.44794,0.44779,0.44523,0.43819,0.42372,0.40051,0.37131,0.34098,0.31268,0.26175,0.23186,0.22461,0.19743,0.17282,0.14821,0.12639,0.10736,0.088321,0.070279,0.053231,0.036183,0.018338,-0.00030153,-0.018939,-0.03898,-0.060433,-0.081887,-0.1045,-0.12826,-0.15202,-0.17624,-0.20092,-0.22561,-0.24976,-0.2734,-0.29703,-0.31916,-0.33978,-0.36041,-0.37871,-0.3947,-0.41069,-0.42381,-0.43407,-0.44433,-0.45151,-0.45562,-0.45973,-0.46073,-0.45863,-0.45653,-0.45147,-0.44345,-0.43544,-0.42486,-0.41172,-0.39857,-0.38348,-0.36643,-0.34939,-0.33118,-0.3118,-0.29241,-0.2726,-0.25236,-0.23213,-0.21199,-0.19195,-0.17191,-0.15226,-0.13301,-0.11376,-0.095046,-0.076881,-0.058713,-0.041158,-0.024211,-0.0072648,0.0090447,0.024716,0.040384,0.055337,0.069579,0.083822,0.097205,0.10973,0.12225,0.13381,0.14439,0.15497,0.16435,0.17254,0.18072,0.18731,0.19231,0.1973,0.20049,0.20189,0.20328,0.20308,0.20129,0.1995,0.1967,0.19288,0.18906,0.18497,0.1806,0.17624,0.17211,0.16821,0.16431,0.1607,0.15736,0.15402,0.15079,0.14767,0.14454,0.11916,0.071507,0.023847
0,0,0,0,0,0,0,0,0,0,0,0,0,0,0,0.020522,0.023609,0.026695,0.039348,0.061567,0.083788,0.11007,0.14041,0.17075,0.2065,0.24765,0.28879,0.32493,0.35605,0.38717,0.40951,0.42307,0.43664,0.44045,0.4345,0.42854,0.4148,0.39327,0.37173,0.34514,0.31348,0.28181,0.24834,0.21305,0.17776,0.14409,0.11202,0.079963,0.052176,0.028651,0.0051316,-0.017197,-0.038336,-0.059479,-0.079033,-0.096998,-0.11496,-0.13184,-0.14763,-0.16342,-0.18273,-0.20559,-0.22844,-0.25516,-0.28576,-0.31635,-0.34589,-0.37438,-0.40286,-0.42572,-0.44294,-0.46016,-0.47375,-0.48372,-0.49369,-0.50447,-0.51607,-0.52767,-0.53817,-0.54755,-0.55694,-0.57215,-0.59316,-0.61418,-0.62161,-0.61547,-0.60933,-0.60511,-0.60283,-0.60056,-0.59815,-0.59562,-0.59309,-0.60185,-0.6219,-0.64196,-0.66407,-0.68822,-0.71238,-0.73031,-0.742,-0.7537,-0.7598,-0.76032,-0.76084,-0.7628,-0.76623,-0.76965,-0.78211,-0.8036,-0.8251,-0.84418,-0.86083,-0.87748,-0.88958,-0.89713,-0.90467,-0.90599,-0.90107,-0.89615,-0.88637,-0.87172,-0.85707,-0.84245,-0.82787,-0.81329,-0.80305,-0.79715,-0.79125,-0.79122,-0.79705,-0.80288,-0.81397,-0.83031,-0.84666,-0.86585,-0.88789,-0.90993,-0.93004,-0.94824,-0.96643,-0.97772,-0.98212,-0.98651,-0.98242,-0.96985,-0.95727,-0.9374,-0.91272,-0.89056,-0.86705,-0.84068,-0.81227,-0.78317,-0.75379,-0.72397,-0.69357,-0.66189,-0.62763,-0.58982,-0.54768,-0.49899,-0.44104,-0.37658,-0.31669,-0.26737,-0.20609,-0.085879,0.10694,0.2942,0.34455,0.20752,-0.0047326,-0.10336,0.0058906,0.25248,0.49264,0.63137,0.65122,0.58406,0.49032,0.4315,0.45671,0.51888,0.53667,0.52765,0.53229,0.54232,0.54978,0.55923,0.56243,0.56314,0.56762,0.57626,0.58379,0.58373,0.57612,0.57136,0.58452,0.6257,0.68899,0.74801,0.77528,0.76718,0.74499,0.72206,0.73817,0.78769,0.79354,0.72606,0.64135,0.61431,0.65531,0.72878,0.79389,0.84792,0.90745,0.94168,0.91456,0.83355,0.74966,0.71642,0.70893,0.67468,0.60696,0.5011,0.33894,0.1598,0.077221,0.11269,0.14864,0.080211,-0.082633,-0.25094,-0.34432,-0.34969,-0.30241,-0.21806,0,0,0,0,0,0,0,0,0,0,0,0,0,0,0,0,0,-0.049248,-0.012695,0,0,0,0,0,0,0,0,0,0,0,0,-0.051166,-0.090441,-0.13452,-0.17608,-0.2074,-0.22015,-0.20794,-0.096623,-0.074636,-0.068011,0,0,0,0,0,0,0,0,0,0,0,0,0,0,0,0,0,0,0,0,0,0,0,0,0,0,-0.011192,-0.0093083,0.010678,0.052561,0.11474,0.19184,0.27482,0.3479,0.39194,0.39277,0.34903,0.2749,0.19871,0,0,0,0,0,0,0,0,0,0,0,0,0,0,0,0,0,0,0,-0.03943,-0.18801,-0.23123,-0.050461,0.086314,0.14244,0.13739,0.10747,0.077046,0.054628,0.040749,0.035522,0.039202,0.050059,0.063842,0.073364,0.074413,0.070525,0.073041,0.088425,0.10504,0.10686,0.094133,0.081228,0.093629,0.13279,0.10925,0,0.0034837,-0.020092,-0.14241,-0.39256,-0.60882,-0.7532,-0.85869,-0.94672,-1.01,-1.0267,-1.0198,-0.99866,-0.97809,-0.99191,-1.0469,-1.1142,-1.1347,-1.1141,-1.0882,-1.0659,-1.0478,-1.0319,-1.0188,-1.0106,-1.0066,-1.0027,-0.99386,-0.97832,-0.95703,-0.93128,-0.90278,-0.87272,-0.84101,-0.80739,-0.77128,-0.73213,-0.68979,-0.63225,-0.56223,-0.50683,-0.46487,-0.4217,-0.37547,-0.32562,-0.27326,-0.22022,-0.16814,-0.11802,-0.070159,-0.02452,0.019315,0.061871,0.10304,0.14194,0.17729,0.20851,0.2365,0.2629,0.28888,0.3146,0.3393,0.36186,0.38149,0.39807,0.41211,0.42426,0.4348,0.4435,0.44989,0.45373,0.45516,0.45472,0.45229,0.44596,0.43242,0.40992,0.38116,0.35124,0.3234,0.26721,0.2372,0.23526,0.20789,0.18301,0.15814,0.13619,0.11716,0.098137,0.080302,0.063665,0.047024,0.029653,0.011556,-0.0065408,-0.02615,-0.047272,-0.068391,-0.090867,-0.11469,-0.13852,-0.16301,-0.18814,-0.21327,-0.23793,-0.26212,-0.28631,-0.30888,-0.32985,-0.35082,-0.36938,-0.38555,-0.40173,-0.41502,-0.42542,-0.43583,-0.44319,-0.4475,-0.45181,-0.45309,-0.45135,-0.44961,-0.44499,-0.43749,-0.43,-0.41995,-0.40734,-0.39474,-0.38013,-0.36351,-0.34689,-0.329,-0.30983,-0.29067,-0.27097,-0.25074,-0.23051,-0.21029,-0.19008,-0.16987,-0.14998,-0.1304,-0.11082,-0.091724,-0.073113,-0.0545,-0.036483,-0.019053,-0.0016228,0.015119,0.031176,0.047233,0.062468,0.076884,0.091298,0.10475,0.11725,0.12974,0.14119,0.15159,0.16199,0.17115,0.17907,0.18699,0.19329,0.19799,0.20269,0.20559,0.2067,0.20781,0.20732,0.20525,0.20318,0.20007,0.19594,0.1918,0.18738,0.18267,0.17795,0.17349,0.16927,0.16506,0.16114,0.15752,0.1539,0.15041,0.14705,0.14369,0.11834,0.071013,0.023682
0,0,0,0,0,0,0,0,0,0,0,0,0,0,0,0.0082083,0.0094432,0.010678,0.017406,0.029627,0.041849,0.11365,0.14705,0.18046,0.2168,0.25607,0.29534,0.32922,0.35773,0.38624,0.4069,0.4197,0.43251,0.43614,0.43061,0.42508,0.41169,0.39044,0.36919,0.34273,0.31104,0.27936,0.24578,0.21031,0.17484,0.1411,0.10908,0.077064,0.049619,0.026741,0.0038656,-0.016919,-0.035612,-0.05431,-0.07014,-0.083102,-0.096065,-0.10973,-0.12409,-0.13845,-0.1578,-0.18214,-0.20648,-0.23549,-0.26917,-0.30285,-0.33417,-0.36311,-0.39205,-0.41446,-0.43032,-0.44618,-0.45852,-0.46734,-0.47616,-0.4866,-0.49867,-0.51074,-0.52454,-0.54008,-0.55562,-0.57336,-0.59329,-0.61323,-0.62306,-0.62279,-0.62252,-0.61949,-0.61368,-0.60787,-0.60554,-0.60668,-0.60783,-0.62258,-0.65094,-0.67931,-0.70469,-0.72708,-0.74947,-0.76283,-0.76714,-0.77146,-0.77044,-0.76408,-0.75773,-0.75568,-0.75795,-0.76021,-0.77184,-0.79285,-0.81385,-0.83751,-0.86381,-0.89011,-0.9081,-0.91779,-0.92747,-0.92987,-0.92499,-0.92012,-0.91004,-0.89474,-0.87946,-0.86428,-0.84922,-0.83416,-0.82358,-0.81748,-0.81138,-0.81094,-0.81615,-0.82138,-0.83146,-0.8464,-0.86133,-0.87923,-0.90007,-0.92091,-0.94027,-0.95814,-0.97601,-0.98703,-0.99119,-0.99535,-0.99078,-0.97747,-0.96416,-0.94283,-0.9168,-0.89459,-0.8707,-0.84244,-0.81185,-0.78144,-0.7509,-0.71941,-0.68736,-0.65462,-0.61959,-0.58078,-0.53743,-0.48792,-0.42979,-0.36446,-0.30099,-0.24674,-0.18743,-0.08632,0.073937,0.24232,0.31866,0.24866,0.092685,-0.016659,0.016447,0.18317,0.39418,0.55586,0.62246,0.59966,0.52845,0.46229,0.44899,0.47533,0.48566,0.48141,0.50872,0.53588,0.54001,0.54898,0.55543,0.55831,0.56147,0.5672,0.57314,0.57384,0.5668,0.55987,0.57138,0.61485,0.67949,0.73312,0.75161,0.72577,0.71235,0.73526,0.76788,0.80414,0.81588,0.77397,0.70177,0.65136,0.64952,0.69873,0.77224,0.85292,0.92676,0.96786,0.9447,0.85095,0.76141,0.74195,0.74039,0.70766,0.66023,0.56932,0.3785,0.14289,0.0067284,0.018755,0.072809,0.046906,-0.073287,-0.21753,-0.3079,-0.32228,-0.27364,-0.18825,0,0,0,0,0,0,0,0,0,0,0,0,0,0,0,0,0,-0.042383,-0.027371,0,0,0,0,0,0,0,0,0,0,0,0,-0.021094,-0.040001,-0.10847,-0.15556,-0.19974,-0.22755,-0.23034,-0.20319,-0.16603,-0.14678,-0.064182,0,0,0,0,0,0,0,0,0,-0.025406,0,0,0,0,0,0,0,0,0,0,0,0,0,0.0080582,0.015849,0.014076,0.017911,0.034238,0.065634,0.11104,0.16802,0.23156,0.29138,0.33224,0.33977,0.30834,0.24739,0.17956,0,0,0,0,0,0,0,0,0,0,0,0,0,0,0,0,0,0,0,-0.038021,-0.15006,-0.18645,-0.054012,0.058175,0.1129,0.11908,0.10253,0.082119,0.065157,0.053959,0.050209,0.053071,0.058247,0.06229,0.063243,0.058279,0.050136,0.048586,0.058657,0.071994,0.078862,0.082806,0.090644,0.10472,0.1358,0.11311,0,-0.0053991,-0.048118,-0.18508,-0.4203,-0.61073,-0.74136,-0.85011,-0.93617,-0.99088,-1.0174,-1.0209,-1.0021,-0.9879,-1.0075,-1.0403,-1.1001,-1.1358,-1.1148,-1.0923,-1.0736,-1.0567,-1.04,-1.0254,-1.0163,-1.0129,-1.0106,-1.0041,-0.99116,-0.97215,-0.94792,-0.91995,-0.88909,-0.85602,-0.82166,-0.78567,-0.74698,-0.70487,-0.65947,-0.5878,-0.51812,-0.47585,-0.43362,-0.38911,-0.34072,-0.28875,-0.23497,-0.18153,-0.13011,-0.081515,-0.035689,0.0080505,0.0506,0.092273,0.13231,0.16947,0.20303,0.23326,0.26132,0.28842,0.31503,0.3407,0.36443,0.38521,0.40267,0.41719,0.42954,0.44026,0.44925,0.4559,0.45971,0.46083,0.4602,0.45818,0.45284,0.44044,0.4187,0.39028,0.36068,0.33324,0.27221,0.24213,0.24508,0.21754,0.19242,0.16731,0.14525,0.12626,0.10726,0.089654,0.073444,0.057233,0.040383,0.022898,0.0054152,-0.013675,-0.034367,-0.05506,-0.077325,-0.10115,-0.12499,-0.14968,-0.17522,-0.20076,-0.22586,-0.25051,-0.27517,-0.29809,-0.31929,-0.34049,-0.35921,-0.37546,-0.39171,-0.40508,-0.41556,-0.42605,-0.43351,-0.43795,-0.44239,-0.44391,-0.44251,-0.44111,-0.43693,-0.42997,-0.42301,-0.41352,-0.4015,-0.38947,-0.37539,-0.35926,-0.34313,-0.32562,-0.30674,-0.28786,-0.26832,-0.24814,-0.22795,-0.20769,-0.18735,-0.16701,-0.14691,-0.12705,-0.10719,-0.087757,-0.068751,-0.04974,-0.031299,-0.013422,0.0044576,0.021612,0.038044,0.054477,0.069987,0.084574,0.099159,0.11268,0.12515,0.13761,0.14896,0.15919,0.16942,0.17835,0.18598,0.19362,0.19962,0.204,0.20838,0.21097,0.21177,0.21257,0.21179,0.20943,0.20707,0.20369,0.19928,0.19488,0.19017,0.18516,0.18015,0.17539,0.17089,0.16638,0.16212,0.1581,0.15408,0.15004,0.146,0.14196,0.11662,0.069981,0.023341
0,0,0,0,0,0,0,0,0,0,0,0,0,0,0,0,0,0,0,0,0,0.057719,0.15369,0.19016,0.2271,0.26448,0.30188,0.33352,0.35941,0.38531,0.40429,0.41633,0.42837,0.43184,0.42673,0.42161,0.40858,0.38761,0.36665,0.34031,0.3086,0.2769,0.24322,0.20757,0.17192,0.13811,0.10613,0.074163,0.047062,0.024833,0.0026057,-0.016634,-0.032884,-0.049134,-0.061242,-0.069206,-0.077168,-0.087616,-0.10055,-0.11348,-0.13287,-0.15869,-0.18452,-0.21582,-0.25259,-0.28936,-0.32244,-0.35184,-0.38125,-0.40321,-0.4177,-0.4322,-0.44329,-0.45096,-0.45863,-0.46874,-0.48128,-0.49381,-0.51092,-0.53261,-0.55429,-0.57456,-0.59343,-0.61228,-0.62452,-0.63012,-0.63572,-0.63386,-0.62452,-0.61519,-0.61293,-0.61775,-0.62258,-0.64332,-0.67998,-0.71665,-0.7453,-0.76593,-0.78655,-0.79534,-0.79227,-0.78921,-0.78106,-0.76784,-0.75462,-0.74856,-0.74966,-0.75076,-0.76157,-0.78209,-0.80261,-0.83084,-0.86679,-0.90274,-0.92662,-0.93844,-0.95026,-0.95375,-0.94891,-0.94408,-0.9337,-0.91777,-0.90184,-0.88611,-0.87057,-0.85504,-0.84411,-0.83781,-0.8315,-0.83065,-0.83526,-0.83988,-0.84895,-0.86248,-0.87601,-0.8926,-0.91225,-0.9319,-0.9505,-0.96805,-0.98559,-0.99633,-1.0003,-1.0042,-0.99914,-0.98509,-0.97104,-0.94873,-0.92183,-0.89902,-0.87417,-0.8446,-0.8128,-0.78126,-0.7493,-0.71626,-0.68307,-0.64983,-0.61439,-0.57424,-0.52825,-0.4761,-0.41759,-0.35419,-0.29056,-0.23073,-0.16925,-0.088142,0.026784,0.15832,0.25333,0.2625,0.19167,0.10864,0.094224,0.18203,0.33722,0.48716,0.57355,0.58266,0.53959,0.484,0.44816,0.4429,0.45625,0.46897,0.50816,0.54177,0.54171,0.54699,0.55335,0.55652,0.55826,0.56251,0.56842,0.57005,0.56397,0.55719,0.56715,0.60535,0.6571,0.69507,0.69855,0.67334,0.67683,0.72431,0.76726,0.79473,0.80692,0.79635,0.75935,0.69867,0.65307,0.66531,0.73791,0.8387,0.91448,0.94517,0.92755,0.86754,0.81891,0.79858,0.77083,0.73621,0.70228,0.61093,0.40115,0.14113,-0.0316,-0.062788,-0.024934,-0.027128,-0.10436,-0.20849,-0.27388,-0.28359,-0.23612,-0.15255,0,0,0,0,0,0,0,0,0,0,0,0,0,0,0,0,0,-0.026433,-0.02571,-0.014923,0,0,0,0,0,0,0,0,0,0,0,0,0,-0.045889,-0.070412,-0.17048,-0.21246,-0.23067,-0.2219,-0.19675,-0.16901,-0.12268,-0.016827,-0.0065658,0,0,0,0,0,0,0,-0.054484,0,0,0,0,0,0,0,0,0,0,0,7.775e-06,0.014762,0.040451,0.051164,0.051,0.053384,0.061863,0.079041,0.1059,0.1417,0.18404,0.22688,0.26025,0.27218,0.25438,0.20973,0.15398,0,0,0,0,0,0,0,0,0,0,0,0,0,0,0,0,0,0,0,-0.036614,-0.12224,-0.14592,-0.043186,0.045223,0.092988,0.10351,0.095338,0.083043,0.072515,0.065323,0.063032,0.065705,0.069068,0.067693,0.058742,0.041978,0.021651,0.0095645,0.019066,0.026482,0.032432,0.03857,0.088921,0.053595,0.058267,0.048619,0,-0.014293,-0.077047,-0.22839,-0.45024,-0.62368,-0.74647,-0.84604,-0.93442,-0.99607,-1.019,-1.0197,-1.0049,-1.0002,-1.0253,-1.0551,-1.0863,-1.1163,-1.1165,-1.0978,-1.0819,-1.0659,-1.0486,-1.0328,-1.0229,-1.0196,-1.0186,-1.0147,-1.0046,-0.98776,-0.96508,-0.93732,-0.90527,-0.87087,-0.83559,-0.7994,-0.76117,-0.71949,-0.6742,-0.61432,-0.54323,-0.48761,-0.44566,-0.40233,-0.35536,-0.30414,-0.25005,-0.19552,-0.14288,-0.093447,-0.047232,-0.0033628,0.03924,0.081236,0.12221,0.16107,0.19694,0.22958,0.25963,0.28812,0.31562,0.34197,0.36634,0.38779,0.4059,0.42102,0.43386,0.44488,0.45393,0.46045,0.46396,0.46486,0.46444,0.46326,0.45912,0.4478,0.42686,0.39908,0.37004,0.34308,0.27723,0.24706,0.25491,0.22719,0.20183,0.17647,0.15431,0.13535,0.11638,0.099004,0.083223,0.067443,0.051113,0.034239,0.017369,-0.0012031,-0.021468,-0.041735,-0.063789,-0.087624,-0.11146,-0.13634,-0.16229,-0.18825,-0.21378,-0.2389,-0.26403,-0.28729,-0.30872,-0.33015,-0.34903,-0.36537,-0.3817,-0.39515,-0.4057,-0.41625,-0.42382,-0.42839,-0.43297,-0.43473,-0.43367,-0.43261,-0.42887,-0.42245,-0.41603,-0.4071,-0.39565,-0.3842,-0.37066,-0.35501,-0.33937,-0.32224,-0.30364,-0.28504,-0.26567,-0.24553,-0.2254,-0.20509,-0.18462,-0.16414,-0.14384,-0.1237,-0.10356,-0.08379,-0.064388,-0.044981,-0.026115,-0.007789,0.010538,0.028104,0.044913,0.061721,0.077504,0.092263,0.10702,0.12062,0.13305,0.14549,0.15673,0.16679,0.17684,0.18554,0.19289,0.20025,0.20595,0.21001,0.21407,0.21635,0.21684,0.21733,0.21626,0.21361,0.21096,0.2073,0.20263,0.19795,0.19296,0.18765,0.18234,0.17729,0.1725,0.16771,0.1631,0.15868,0.15425,0.14968,0.14496,0.14024,0.11491,0.068956,0.023002
0,0,0,0,0,0,0,0,0,0,0,0,0,0,0,0,0,0,0,0,0,0,0.15382,0.20082,0.24081,0.27378,0.30675,0.33525,0.35925,0.38325,0.40101,0.41252,0.42404,0.4274,0.4226,0.4178,0.40514,0.38462,0.3641,0.33809,0.30659,0.27508,0.24147,0.20576,0.17005,0.13623,0.1043,0.072371,0.045585,0.023946,0.002311,-0.015506,-0.029502,-0.043498,-0.052653,-0.056964,-0.061272,-0.068974,-0.080071,-0.091169,-0.11116,-0.14003,-0.16891,-0.20258,-0.24102,-0.27946,-0.31344,-0.34299,-0.37254,-0.39441,-0.40862,-0.42282,-0.43353,-0.44076,-0.44798,-0.45794,-0.47063,-0.48332,-0.50202,-0.52675,-0.55147,-0.57439,-0.59549,-0.61658,-0.63124,-0.63944,-0.64764,-0.64741,-0.63874,-0.63008,-0.62933,-0.6365,-0.64368,-0.66578,-0.70281,-0.73984,-0.76817,-0.78777,-0.80738,-0.81273,-0.80382,-0.79491,-0.78146,-0.76346,-0.74546,-0.73787,-0.74069,-0.74351,-0.7557,-0.77725,-0.79881,-0.83079,-0.8732,-0.91562,-0.94347,-0.95676,-0.97005,-0.97425,-0.96937,-0.96449,-0.95397,-0.93782,-0.92168,-0.90583,-0.89028,-0.87474,-0.86386,-0.85765,-0.85144,-0.85058,-0.85505,-0.85952,-0.86818,-0.88103,-0.89388,-0.90955,-0.92803,-0.94651,-0.9639,-0.98022,-0.99654,-1.0062,-1.0091,-1.0121,-1.0059,-0.99064,-0.97535,-0.95242,-0.92516,-0.90145,-0.87564,-0.84547,-0.81328,-0.78113,-0.74826,-0.71425,-0.68034,-0.64693,-0.61145,-0.56984,-0.5203,-0.46452,-0.40567,-0.34595,-0.28597,-0.22542,-0.16267,-0.092267,-0.006005,0.096101,0.19307,0.24993,0.24813,0.20991,0.18717,0.2235,0.32164,0.44093,0.52803,0.55542,0.53323,0.49162,0.45812,0.44591,0.45252,0.48329,0.52976,0.55171,0.55019,0.55029,0.55274,0.55421,0.55518,0.55971,0.56689,0.57078,0.57028,0.57239,0.58431,0.60501,0.62581,0.64387,0.64058,0.64037,0.66577,0.72171,0.77811,0.80379,0.80815,0.80242,0.78704,0.73499,0.67018,0.64828,0.70662,0.8133,0.89109,0.89952,0.87638,0.87812,0.8957,0.87259,0.81302,0.76308,0.72697,0.6351,0.42254,0.15825,-0.033042,-0.10714,-0.11381,-0.12598,-0.17178,-0.22233,-0.24526,-0.23399,-0.10668,-0.065802,0,0,0,0,0,0,0,0,0,0,0,0,0,0,0,0,0,-0.0081417,-0.015138,-0.027618,-0.019158,0,0,0,0,0,0,0,0,0,0,0,0,0,0,-0.075723,-0.17841,-0.21523,-0.22838,-0.21453,-0.17918,-0.11618,-0.052084,-0.029649,-0.019273,-0.014224,-0.0051296,-0.0060638,-0.018501,-0.031669,-0.037277,-0.069072,0,0,0,-0.037513,-0.037289,0,0,0,0,0,0.0072463,0.026804,0.059299,0.081825,0.090492,0.093616,0.092738,0.091055,0.092778,0.10039,0.11513,0.13741,0.16596,0.18968,0.20101,0.1954,0.16773,0.12629,0.035898,0,0,0,0,0,0,0,0,0,0,0,0,0,0,0,0,0,0,-0.037646,-0.10106,-0.11288,-0.026775,0.045201,0.083627,0.092791,0.088078,0.081454,0.076914,0.0746,0.074416,0.076435,0.078121,0.073278,0.057252,0.031004,0.0012256,-0.017829,-0.010773,0,0,0,0.06929,0,0,0,-0.001059,-0.033308,-0.11406,-0.28077,-0.48209,-0.63682,-0.75119,-0.84347,-0.93333,-0.99995,-1.0181,-1.0163,-1.0066,-1.0117,-1.0406,-1.0663,-1.0705,-1.097,-1.1199,-1.1048,-1.0907,-1.075,-1.0572,-1.0406,-1.0299,-1.0263,-1.0266,-1.0252,-1.0173,-1.002,-0.98026,-0.95262,-0.92019,-0.8852,-0.84928,-0.81274,-0.77461,-0.73334,-0.68841,-0.64108,-0.56955,-0.50093,-0.45891,-0.41587,-0.36956,-0.31898,-0.26503,-0.20998,-0.15631,-0.10574,-0.058616,-0.014196,0.028668,0.070891,0.11248,0.15258,0.19023,0.22499,0.2571,0.2872,0.31579,0.34278,0.36752,0.3893,0.40787,0.42359,0.43701,0.44838,0.45742,0.46359,0.46674,0.46767,0.46791,0.46788,0.46495,0.4546,0.4345,0.40751,0.37913,0.3526,0.28207,0.25183,0.26441,0.23652,0.21091,0.18531,0.16299,0.14397,0.12495,0.10772,0.092271,0.076821,0.060953,0.044674,0.028399,0.010356,-0.0094446,-0.029244,-0.051019,-0.074766,-0.098514,-0.12346,-0.14963,-0.1758,-0.20156,-0.22693,-0.2523,-0.27575,-0.29727,-0.3188,-0.33773,-0.35406,-0.3704,-0.38386,-0.39446,-0.40505,-0.41273,-0.41749,-0.42225,-0.42429,-0.42362,-0.42295,-0.41968,-0.41382,-0.40795,-0.39958,-0.38872,-0.37785,-0.36484,-0.34967,-0.33451,-0.31778,-0.29947,-0.28116,-0.26197,-0.2419,-0.22184,-0.20152,-0.18094,-0.16037,-0.1399,-0.11954,-0.099185,-0.079134,-0.059397,-0.039658,-0.020433,-0.0017232,0.016989,0.034905,0.052025,0.069145,0.085164,0.10008,0.115,0.12867,0.14111,0.15354,0.16471,0.1746,0.18449,0.19297,0.20002,0.20708,0.21246,0.21618,0.21989,0.22182,0.22198,0.22213,0.22073,0.21778,0.21483,0.21089,0.20595,0.20101,0.19576,0.19021,0.18465,0.17934,0.17427,0.1692,0.16425,0.15942,0.15458,0.14941,0.14389,0.13837,0.11302,0.067825,0.022625
0,0,0,0,0,0,0,0,0,0,0,0,0,0,0,0,0,0,0,0,0,0,0.14744,0.21242,0.25792,0.28396,0.30999,0.33441,0.35723,0.38004,0.39706,0.40828,0.4195,0.42282,0.41823,0.41364,0.40139,0.38147,0.36155,0.33606,0.30498,0.27391,0.24054,0.20488,0.16922,0.13545,0.10357,0.071684,0.045188,0.024082,0.0029801,-0.013537,-0.02547,-0.037403,-0.044372,-0.046374,-0.048375,-0.053801,-0.062654,-0.071506,-0.092672,-0.12616,-0.15966,-0.19575,-0.23445,-0.27314,-0.30718,-0.33655,-0.36591,-0.38808,-0.40305,-0.41802,-0.42924,-0.43672,-0.4442,-0.4542,-0.46673,-0.47925,-0.49784,-0.5225,-0.54716,-0.57282,-0.59947,-0.62612,-0.64321,-0.65074,-0.65826,-0.66013,-0.65634,-0.65254,-0.65474,-0.66293,-0.67112,-0.68995,-0.71943,-0.7489,-0.7733,-0.79263,-0.81196,-0.81502,-0.8018,-0.78858,-0.77162,-0.75094,-0.73025,-0.72361,-0.73103,-0.73845,-0.75422,-0.77834,-0.80246,-0.83736,-0.88305,-0.92874,-0.95864,-0.97274,-0.98684,-0.99138,-0.98636,-0.98133,-0.97085,-0.95491,-0.93897,-0.92345,-0.90836,-0.89327,-0.88282,-0.87701,-0.8712,-0.8707,-0.8755,-0.8803,-0.88915,-0.90205,-0.91495,-0.93007,-0.9474,-0.96473,-0.98048,-0.99466,-1.0088,-1.0166,-1.0178,-1.019,-1.0111,-0.99412,-0.97805,-0.95418,-0.92542,-0.90038,-0.87331,-0.84284,-0.81083,-0.7787,-0.74579,-0.71184,-0.67791,-0.6443,-0.60813,-0.56452,-0.51154,-0.45288,-0.39455,-0.33956,-0.28607,-0.2299,-0.16803,-0.098871,-0.020215,0.068978,0.16052,0.23395,0.27035,0.27149,0.26229,0.27568,0.33141,0.4181,0.49703,0.53285,0.52199,0.48909,0.46134,0.45139,0.45782,0.5025,0.54692,0.5548,0.55552,0.55365,0.5522,0.55097,0.5514,0.55655,0.56522,0.57404,0.58495,0.6026,0.62004,0.61889,0.60241,0.60229,0.60581,0.62465,0.67144,0.73867,0.80282,0.83287,0.8246,0.79904,0.78574,0.76039,0.70978,0.6694,0.69738,0.78223,0.84585,0.83883,0.82688,0.87953,0.94252,0.93313,0.85864,0.78127,0.72576,0.6368,0.45457,0.22124,0.022557,-0.11338,-0.20035,-0.24337,-0.25146,-0.23793,-0.21303,-0.10303,0,0,0,0,0,0,0,0,0,0,0,0,0,0,0,0,0,0,0,0.002574,-0.0028531,-0.019644,-0.035133,-0.021717,0,0,0,0,0,0,0,0,0,0,0,0,0,0,-0.078412,-0.10203,-0.2114,-0.20787,-0.17422,-0.12455,-0.083886,-0.060239,-0.048575,-0.037308,-0.024404,-0.025167,-0.044347,-0.067029,-0.080876,-0.087859,-0.041526,-0.033179,-0.042127,-0.097713,-0.092505,-0.056816,-0.050062,0,-0.010956,0.0083142,0.041459,0.07721,0.10399,0.11814,0.13007,0.13489,0.12985,0.11831,0.10507,0.094739,0.089439,0.092328,0.11035,0.13231,0.14223,0.14001,0.12538,0.097509,0.060102,0,0,0,0,0,0,0,0,0,0,0,0,0,0,0,0,0,0,-0.041117,-0.084499,-0.084587,-0.0078351,0.051721,0.08142,0.08708,0.082954,0.079721,0.079794,0.081639,0.083564,0.084561,0.082592,0.072857,0.052125,0.023201,-0.0059959,-0.02381,-0.023014,0,0,0,0.041569,0,0,0,-0.025097,-0.074576,-0.16431,-0.33076,-0.50581,-0.64471,-0.75595,-0.85604,-0.94408,-0.99832,-1.012,-1.0108,-1.0078,-1.02,-1.0497,-1.0713,-1.0725,-1.0991,-1.1247,-1.1129,-1.0997,-1.0836,-1.0655,-1.0488,-1.0371,-1.0328,-1.0341,-1.0346,-1.0284,-1.0139,-0.99261,-0.96579,-0.93409,-0.89912,-0.86297,-0.82638,-0.78826,-0.747,-0.70217,-0.65534,-0.58443,-0.51609,-0.47392,-0.43033,-0.38362,-0.33318,-0.27962,-0.22456,-0.17015,-0.11824,-0.069708,-0.024225,0.019308,0.061903,0.10389,0.1447,0.18347,0.21976,0.25363,0.28538,0.3152,0.34293,0.36808,0.39015,0.40909,0.42527,0.43917,0.45083,0.45985,0.46575,0.46873,0.46995,0.47106,0.47222,0.47045,0.46108,0.44181,0.41557,0.38781,0.36174,0.28672,0.25641,0.27358,0.24554,0.21967,0.1938,0.17129,0.15214,0.13298,0.11579,0.10058,0.085368,0.069909,0.054205,0.038506,0.021006,0.0017113,-0.017585,-0.039023,-0.06259,-0.086165,-0.11104,-0.13722,-0.1634,-0.18919,-0.21459,-0.23999,-0.26345,-0.28494,-0.30643,-0.3253,-0.34155,-0.35779,-0.37121,-0.38183,-0.39244,-0.40024,-0.40524,-0.41023,-0.41261,-0.41238,-0.41214,-0.40937,-0.40407,-0.39877,-0.39098,-0.3807,-0.37041,-0.35793,-0.34325,-0.32856,-0.31222,-0.29422,-0.27622,-0.25722,-0.23725,-0.21727,-0.19696,-0.17632,-0.15568,-0.1351,-0.11458,-0.094056,-0.07379,-0.053781,-0.03377,-0.014251,0.0047794,0.023813,0.042016,0.059384,0.076752,0.092966,0.10803,0.12309,0.13686,0.14932,0.16179,0.17289,0.18264,0.19238,0.20062,0.20737,0.21411,0.21915,0.22249,0.22583,0.22739,0.22717,0.22696,0.22521,0.22195,0.21868,0.21445,0.20925,0.20405,0.19858,0.19284,0.18709,0.18154,0.1762,0.17086,0.16557,0.16031,0.15506,0.14922,0.14279,0.13636,0.11095,0.066587,0.022215
0,0,0,0,0,0,0,0,0,0,0,0,0,0,0,0,0,0,0,0,0,0,0.072132,0.10911,0.27503,0.29413,0.31322,0.33359,0.35521,0.37684,0.39312,0.40404,0.41497,0.41824,0.41386,0.40948,0.39764,0.37833,0.35901,0.33402,0.30337,0.27272,0.2396,0.20399,0.16839,0.13467,0.10283,0.070995,0.044791,0.02422,0.0036495,-0.011569,-0.021437,-0.031308,-0.036089,-0.035784,-0.035477,-0.038627,-0.045236,-0.051842,-0.074193,-0.11229,-0.15039,-0.18893,-0.22788,-0.26683,-0.3009,-0.3301,-0.3593,-0.38176,-0.39749,-0.41322,-0.42496,-0.43269,-0.44043,-0.45047,-0.46283,-0.47518,-0.49366,-0.51826,-0.54285,-0.57125,-0.60345,-0.63565,-0.65518,-0.66204,-0.66889,-0.67286,-0.67394,-0.67501,-0.68016,-0.68936,-0.69857,-0.71412,-0.73604,-0.75796,-0.77844,-0.79748,-0.81653,-0.8173,-0.79977,-0.78224,-0.76179,-0.73842,-0.71505,-0.70937,-0.72138,-0.7334,-0.75275,-0.77943,-0.80611,-0.84393,-0.8929,-0.94186,-0.9738,-0.98872,-1.0036,-1.0085,-1.0033,-0.99818,-0.98774,-0.972,-0.95626,-0.94107,-0.92643,-0.91179,-0.90177,-0.89636,-0.89096,-0.89082,-0.89595,-0.90108,-0.91012,-0.92307,-0.93602,-0.95059,-0.96677,-0.98295,-0.99706,-1.0091,-1.0212,-1.0269,-1.0264,-1.0259,-1.0163,-0.9976,-0.98051,-0.95459,-0.92319,-0.89622,-0.86727,-0.83626,-0.80458,-0.77273,-0.74038,-0.70752,-0.67448,-0.64024,-0.60144,-0.55442,-0.49914,-0.44058,-0.38523,-0.33584,-0.28921,-0.23852,-0.1782,-0.10692,-0.026577,0.059894,0.14716,0.22439,0.27858,0.30438,0.31046,0.31801,0.34981,0.41058,0.47697,0.51528,0.51203,0.48392,0.45889,0.45287,0.46376,0.50332,0.5398,0.54775,0.55108,0.55151,0.55001,0.54756,0.54724,0.55193,0.56226,0.57922,0.60485,0.63614,0.65555,0.64056,0.60355,0.59026,0.59239,0.61867,0.67733,0.75471,0.82833,0.8612,0.84448,0.79763,0.77848,0.78462,0.7691,0.73144,0.71875,0.74456,0.76635,0.7649,0.79791,0.88379,0.95723,0.96079,0.88575,0.78448,0.69711,0.60941,0.49523,0.33442,0.1238,-0.10969,-0.29338,-0.36378,-0.32909,-0.25287,-0.097786,0,0,0,0,0,0,0,0,0,0,0,0,0,0,0,0,0,0,0,0,0.0024795,0.0012517,-0.0095081,-0.026539,-0.041366,-0.022287,0,0,0,0,0,0,0,0,0,0,0,0,0,0,0,-0.098355,-0.17918,-0.16203,-0.13366,-0.10411,-0.08186,-0.066072,-0.053907,-0.046203,-0.046154,-0.056162,-0.07184,-0.086941,-0.093489,-0.086027,-0.080375,-0.097631,-0.12009,-0.12086,-0.13545,-0.11237,-0.017497,0.0077104,0.041913,0.072906,0.10506,0.13242,0.15341,0.16651,0.16889,0.15883,0.13831,0.11415,0.088531,0.059665,0.038448,0.044168,0.072383,0.095732,0.096549,0.086546,0.070708,0.043034,0.0088089,0.0021135,-0.0030238,-0.0028049,0,0,0,0,0,0,0,0,0,0,0,0,0,-0.027922,-0.060552,-0.084663,-0.057402,0.011322,0.059915,0.082173,0.085449,0.081512,0.079602,0.082033,0.086386,0.089282,0.088183,0.080834,0.064924,0.041277,0.015477,-0.0043712,-0.013581,-0.017524,0,0,0,0.044543,0,0,0,-0.071049,-0.12188,-0.21661,-0.37689,-0.53348,-0.6626,-0.77291,-0.87105,-0.95404,-0.9941,-0.99838,-0.99357,-0.99974,-1.0262,-1.0527,-1.0702,-1.0716,-1.1012,-1.1299,-1.1204,-1.1078,-1.0916,-1.073,-1.0556,-1.0433,-1.0389,-1.0405,-1.0419,-1.0372,-1.0241,-1.0039,-0.97833,-0.9478,-0.91341,-0.87726,-0.8405,-0.80212,-0.7607,-0.71618,-0.67029,-0.60066,-0.5331,-0.49057,-0.44579,-0.39792,-0.34709,-0.29386,-0.2391,-0.18424,-0.13097,-0.08063,-0.033551,0.010991,0.05406,0.096294,0.1375,0.17702,0.2144,0.24957,0.28269,0.3137,0.34231,0.36806,0.3906,0.40991,0.42644,0.44064,0.45251,0.46159,0.46751,0.47061,0.47225,0.47414,0.47637,0.47576,0.46744,0.44903,0.42353,0.39642,0.37085,0.29139,0.26101,0.28274,0.25455,0.22843,0.20231,0.17959,0.1603,0.141,0.12387,0.10889,0.093914,0.078862,0.063736,0.048614,0.031657,0.012867,-0.0059292,-0.027029,-0.050419,-0.073821,-0.098622,-0.12481,-0.151,-0.17682,-0.20225,-0.22768,-0.25113,-0.2726,-0.29407,-0.31288,-0.32903,-0.34518,-0.35857,-0.36919,-0.37982,-0.38775,-0.39298,-0.39822,-0.40093,-0.40113,-0.40133,-0.39906,-0.39433,-0.38959,-0.38238,-0.37268,-0.36298,-0.35103,-0.33682,-0.32262,-0.30667,-0.28897,-0.27127,-0.25248,-0.23259,-0.21271,-0.19242,-0.1717,-0.15099,-0.1303,-0.10961,-0.088928,-0.068449,-0.048168,-0.027885,-0.0080688,0.011282,0.030638,0.049126,0.066742,0.084357,0.10077,0.11598,0.13118,0.14504,0.15754,0.17003,0.18108,0.19067,0.20026,0.20828,0.21471,0.22115,0.22584,0.2288,0.23176,0.23295,0.23237,0.23178,0.2297,0.22612,0.22254,0.21802,0.21256,0.2071,0.2014,0.19546,0.18953,0.18375,0.17814,0.17252,0.16688,0.16121,0.15553,0.14903,0.14168,0.13434,0.1089,0.065352,0.011004
0,0,0,0,0,0,0,0,0,0,0,0,0,0,0,0,0,0,0,0,0,0,0,0,0.28455,0.29872,0.31288,0.33014,0.35048,0.37082,0.38639,0.39718,0.40798,0.41145,0.4076,0.40375,0.39262,0.37421,0.35579,0.33164,0.30175,0.27186,0.23936,0.20423,0.1691,0.13577,0.10424,0.072711,0.046898,0.026809,0.0067226,-0.0075304,-0.015952,-0.024372,-0.027748,-0.026082,-0.024415,-0.025866,-0.030437,-0.035008,-0.058829,-0.1019,-0.14498,-0.18516,-0.22243,-0.25968,-0.29328,-0.32324,-0.35319,-0.37685,-0.3942,-0.41156,-0.42452,-0.43308,-0.44164,-0.45199,-0.46412,-0.47625,-0.49444,-0.51869,-0.54293,-0.57172,-0.60506,-0.63841,-0.66079,-0.67222,-0.68365,-0.69216,-0.69774,-0.70332,-0.71027,-0.71859,-0.72692,-0.73772,-0.751,-0.76429,-0.77849,-0.7936,-0.80872,-0.80797,-0.79136,-0.77475,-0.75562,-0.73398,-0.71234,-0.70836,-0.72204,-0.73574,-0.75822,-0.78951,-0.8208,-0.86016,-0.90758,-0.95501,-0.98637,-1.0017,-1.017,-1.0221,-1.0171,-1.0122,-1.0021,-0.9869,-0.97173,-0.95719,-0.94327,-0.92936,-0.92003,-0.91528,-0.91054,-0.91125,-0.91742,-0.92359,-0.93345,-0.94701,-0.96057,-0.97456,-0.98898,-1.0034,-1.0151,-1.024,-1.033,-1.036,-1.0331,-1.0302,-1.0184,-0.9978,-0.97888,-0.95095,-0.91784,-0.88941,-0.85893,-0.82699,-0.79494,-0.76326,-0.73191,-0.7006,-0.66831,-0.63236,-0.58957,-0.53897,-0.48337,-0.42813,-0.37803,-0.33409,-0.29219,-0.24487,-0.18568,-0.11326,-0.031487,0.053926,0.13819,0.21593,0.27841,0.31718,0.33332,0.34193,0.36325,0.40518,0.45483,0.48936,0.49486,0.47667,0.45465,0.44774,0.45997,0.49989,0.5341,0.53961,0.54086,0.54171,0.54236,0.5419,0.54221,0.54683,0.5602,0.58678,0.62503,0.66153,0.67576,0.65816,0.6253,0.60968,0.60477,0.62788,0.68729,0.75644,0.81723,0.84513,0.83707,0.80535,0.79434,0.81572,0.82944,0.80715,0.75519,0.70127,0.67422,0.70049,0.79218,0.90543,0.97336,0.96452,0.88498,0.7677,0.64992,0.57124,0.53552,0.45773,0.2352,-0.10159,-0.37828,-0.46337,-0.38325,-0.25149,0,0,0,0,0,0,0,0,0,0,0,0,0,0,0,0,0,0,0,0,0,0,0,-0.0025589,-0.017563,-0.036128,-0.043591,-0.019684,0,0,0,0,0,0,0,0,0,0,0,0,0,0,0,-0.080489,-0.13777,-0.1252,-0.10821,-0.090654,-0.076602,-0.065452,-0.058086,-0.05624,-0.059573,-0.068474,-0.079357,-0.085642,-0.088846,-0.097093,-0.11167,-0.1251,-0.14192,-0.15182,-0.11793,-0.053087,0.0063709,0.04844,0.078777,0.11571,0.15411,0.18097,0.19429,0.19249,0.17581,0.15153,0.12021,0.071872,0.013449,-0.029566,-0.031387,0.0040401,0.047205,0.069571,0.0656,0.052261,0.035725,0.017951,0.0034456,-0.0074637,-0.0096164,0,0,0,0,0,0,0,0,0,0,0,0,-0.025231,-0.062817,-0.077271,-0.075435,-0.029647,0.027826,0.06665,0.082971,0.084903,0.081838,0.080562,0.083697,0.088897,0.091349,0.086505,0.072482,0.051062,0.02765,0.01016,0.0034374,0.0042627,0.0016262,0.0063054,0.0061167,0.011975,0.053738,0,0,0,-0.10111,-0.15385,-0.25297,-0.41505,-0.56554,-0.69105,-0.79222,-0.87804,-0.95295,-0.98963,-0.99002,-0.97761,-0.99455,-1.0319,-1.0526,-1.0663,-1.0696,-1.0842,-1.1153,-1.1259,-1.1142,-1.0983,-1.0788,-1.06,-1.0473,-1.0437,-1.0459,-1.0475,-1.0437,-1.0327,-1.0148,-0.99106,-0.9621,-0.92884,-0.89291,-0.8555,-0.81635,-0.77472,-0.73089,-0.68646,-0.61835,-0.55165,-0.50868,-0.46241,-0.41306,-0.36143,-0.30819,-0.25371,-0.19859,-0.14412,-0.091854,-0.04287,0.0029549,0.046659,0.089192,0.13077,0.17092,0.20913,0.24523,0.2793,0.31129,0.34084,0.36747,0.39072,0.41051,0.4273,0.44168,0.45371,0.46305,0.4693,0.47277,0.47481,0.47725,0.48035,0.48096,0.47388,0.4564,0.43152,0.40492,0.37976,0.29593,0.26555,0.2918,0.26345,0.23702,0.21059,0.18761,0.16809,0.14858,0.13139,0.11654,0.10169,0.086927,0.072256,0.057588,0.041104,0.02281,0.0045062,-0.016172,-0.039219,-0.062277,-0.086776,-0.11271,-0.13865,-0.16422,-0.18943,-0.21463,-0.23787,-0.25913,-0.28039,-0.29903,-0.31503,-0.33104,-0.3444,-0.3551,-0.36581,-0.37396,-0.37955,-0.38515,-0.38831,-0.38903,-0.38975,-0.38803,-0.38389,-0.37974,-0.37309,-0.36395,-0.35481,-0.34334,-0.32957,-0.31579,-0.30019,-0.28275,-0.26532,-0.24671,-0.22694,-0.20716,-0.1869,-0.16615,-0.1454,-0.12463,-0.10383,-0.083028,-0.0624,-0.041932,-0.021464,-0.0014457,0.018129,0.037708,0.056395,0.07419,0.091985,0.10854,0.12386,0.13917,0.15309,0.1656,0.17811,0.18909,0.19854,0.20799,0.21578,0.22192,0.22805,0.23241,0.23499,0.23757,0.23837,0.23739,0.23642,0.23397,0.23004,0.22612,0.22129,0.21557,0.20984,0.2039,0.19774,0.19158,0.18558,0.17974,0.17389,0.16799,0.16201,0.15604,0.14919,0.14147,0.13374,0.10824,0.064965,0
0,0,0,0,0,0,0,0,0,0,0,0,0,0,0,0,0,0,0,0,0,0,0,0,0.28648,0.29772,0.30896,0.32406,0.34301,0.36197,0.37687,0.3877,0.39853,0.40245,0.39945,0.39644,0.38633,0.36912,0.3519,0.3289,0.30011,0.27132,0.23981,0.20558,0.17136,0.13876,0.10779,0.076832,0.051514,0.031853,0.012199,-0.0014223,-0.0090106,-0.016598,-0.01935,-0.017269,-0.0099005,-0.010346,-0.012174,-0.014002,-0.026351,-0.095003,-0.14344,-0.18446,-0.21808,-0.25169,-0.28432,-0.31596,-0.34761,-0.37335,-0.3932,-0.41304,-0.42794,-0.43789,-0.44784,-0.45875,-0.4706,-0.48246,-0.50019,-0.52379,-0.54739,-0.57422,-0.6043,-0.63437,-0.66004,-0.68129,-0.70255,-0.71803,-0.72774,-0.73744,-0.74507,-0.75062,-0.75617,-0.76073,-0.76432,-0.7679,-0.77346,-0.78099,-0.78853,-0.78705,-0.77657,-0.76608,-0.75309,-0.7376,-0.7221,-0.72057,-0.73302,-0.74547,-0.77066,-0.80859,-0.84653,-0.88603,-0.92711,-0.96819,-0.99634,-1.0116,-1.0268,-1.0322,-1.0277,-1.0232,-1.0139,-0.99963,-0.98539,-0.9718,-0.95888,-0.94596,-0.93759,-0.93377,-0.92994,-0.93199,-0.93991,-0.94784,-0.95916,-0.97387,-0.98858,-1.002,-1.014,-1.0261,-1.0346,-1.0395,-1.0443,-1.0437,-1.0377,-1.0316,-1.0173,-0.99472,-0.97308,-0.94355,-0.91004,-0.88064,-0.8491,-0.81578,-0.78236,-0.75022,-0.71973,-0.68946,-0.65686,-0.61909,-0.57419,-0.52277,-0.46835,-0.41566,-0.36831,-0.32676,-0.28739,-0.24319,-0.18675,-0.11557,-0.034586,0.048569,0.12971,0.20636,0.2714,0.31507,0.33627,0.34798,0.36619,0.39413,0.42214,0.44186,0.45223,0.45289,0.4446,0.43736,0.44516,0.49181,0.53773,0.5452,0.53876,0.52941,0.52576,0.52858,0.53455,0.54359,0.56224,0.59667,0.64077,0.67482,0.68283,0.66954,0.65198,0.64498,0.63654,0.65081,0.69997,0.74584,0.77652,0.79299,0.80867,0.82898,0.84469,0.8577,0.87183,0.85598,0.77638,0.66627,0.61566,0.67767,0.81499,0.94066,0.99139,0.95303,0.85038,0.72067,0.605,0.55887,0.5787,0.53207,0.27987,-0.1166,-0.42889,-0.49954,-0.38524,-0.12154,0,0,0,0,0,0,0,0,0,0,0,0,0,0,0,0,0,0,0,0,0,0,0,0,-0.011814,-0.029995,-0.039686,-0.036646,0,0,0,0,0,0,0,0,0,0,0,0,0,0,0,0,-0.10745,-0.10372,-0.096152,-0.086767,-0.077063,-0.068609,-0.061736,-0.056088,-0.053283,-0.05516,-0.06115,-0.070684,-0.082929,-0.09598,-0.10962,-0.12876,-0.1476,-0.14652,-0.1242,-0.088943,-0.042328,0.014339,0.072845,0.12428,0.16761,0.19776,0.20941,0.20608,0.18915,0.15955,0.10981,0.032456,-0.043673,-0.089747,-0.090035,-0.050677,0.00060153,0.045374,0.058533,0.046026,0.03295,0.018885,0.0034353,-0.0081211,-0.01391,0,0,0,0,0,0,0,0,0,0,0,0,-0.050444,-0.065524,-0.068366,-0.049425,-0.0072522,0.039537,0.071578,0.084487,0.085524,0.082875,0.081899,0.084881,0.089475,0.090081,0.081653,0.062485,0.037815,0.017714,0.012352,0.02203,0.029579,0.02513,0.020451,0.0061167,0.011975,0.023051,0,0,0,-0.097364,-0.15432,-0.27306,-0.43772,-0.58827,-0.71213,-0.80951,-0.88753,-0.9436,-0.9772,-0.9845,-0.97626,-1.0017,-1.037,-1.0519,-1.0632,-1.0688,-1.0674,-1.0992,-1.1292,-1.1187,-1.1036,-1.0837,-1.0639,-1.0508,-1.0475,-1.0505,-1.0526,-1.0495,-1.0406,-1.0255,-1.0042,-0.97723,-0.94557,-0.91012,-0.8718,-0.83156,-0.78953,-0.74652,-0.70409,-0.63744,-0.57097,-0.52745,-0.47996,-0.42926,-0.37665,-0.32291,-0.26835,-0.21314,-0.15799,-0.10431,-0.053517,-0.0061116,0.038573,0.081667,0.12378,0.16469,0.20381,0.24077,0.27554,0.30822,0.33865,0.36626,0.39042,0.41087,0.42806,0.44262,0.45482,0.46449,0.47127,0.47526,0.47771,0.48058,0.48443,0.48622,0.48042,0.46389,0.43956,0.41335,0.38857,0.30042,0.27004,0.30076,0.27222,0.24544,0.21866,0.19535,0.17553,0.1557,0.13837,0.12354,0.1087,0.094106,0.079766,0.065428,0.049351,0.031538,0.013721,-0.0064547,-0.028988,-0.051529,-0.075508,-0.10092,-0.12633,-0.1514,-0.17613,-0.20085,-0.22365,-0.24453,-0.26541,-0.28376,-0.29956,-0.31535,-0.32868,-0.33953,-0.35038,-0.35885,-0.36494,-0.37103,-0.37473,-0.37606,-0.37739,-0.37628,-0.37274,-0.3692,-0.36312,-0.35451,-0.3459,-0.33489,-0.32148,-0.30808,-0.29278,-0.27557,-0.25837,-0.23994,-0.22028,-0.20062,-0.18042,-0.15966,-0.13891,-0.1181,-0.097226,-0.076355,-0.055641,-0.035075,-0.01451,0.0056199,0.02532,0.045021,0.063826,0.081733,0.099636,0.11628,0.13167,0.14705,0.161,0.17351,0.18602,0.19693,0.20625,0.21557,0.22315,0.22899,0.23484,0.23885,0.24104,0.24323,0.24363,0.24225,0.24086,0.23802,0.23372,0.22942,0.22428,0.21829,0.21229,0.20609,0.19968,0.19326,0.18704,0.18101,0.17498,0.16888,0.16273,0.15657,0.14971,0.14214,0.13456,0.109,0.065411,0.010938
0,0,0,0,0,0,0,0,0,0,0,0,0,0,0,0,0,0,0,0,0,0,0,0,0.28841,0.29673,0.30504,0.31798,0.33555,0.35313,0.36735,0.37822,0.38909,0.39345,0.39129,0.38913,0.38005,0.36403,0.348,0.32615,0.29846,0.27078,0.24027,0.20694,0.17361,0.14175,0.11134,0.080945,0.05613,0.0369,0.017674,0.0046853,-0.0020661,-0.0088193,-0.01095,-0.0084574,0,0,0,0,0,-0.0881,-0.14187,-0.18376,-0.21373,-0.24369,-0.27535,-0.30868,-0.34202,-0.36985,-0.39219,-0.41451,-0.43135,-0.4427,-0.45404,-0.4655,-0.47708,-0.48866,-0.50592,-0.52888,-0.55184,-0.57673,-0.60354,-0.63035,-0.65929,-0.69037,-0.72144,-0.7439,-0.75774,-0.77157,-0.77987,-0.78265,-0.78541,-0.78374,-0.77762,-0.7715,-0.76842,-0.76838,-0.76833,-0.76613,-0.76177,-0.75742,-0.75056,-0.74121,-0.73186,-0.73279,-0.74399,-0.7552,-0.78309,-0.82767,-0.87225,-0.91191,-0.94664,-0.98137,-1.0063,-1.0215,-1.0366,-1.0422,-1.0383,-1.0343,-1.0257,-1.0124,-0.99905,-0.98642,-0.97449,-0.96256,-0.95515,-0.95224,-0.94934,-0.95273,-0.96241,-0.97209,-0.98486,-1.0007,-1.0166,-1.0294,-1.0391,-1.0488,-1.0541,-1.0549,-1.0557,-1.0515,-1.0423,-1.0331,-1.0162,-0.99164,-0.96704,-0.93563,-0.90144,-0.87066,-0.83794,-0.80321,-0.76782,-0.73373,-0.70237,-0.67223,-0.64015,-0.6037,-0.56136,-0.51237,-0.45755,-0.4004,-0.3471,-0.30335,-0.26859,-0.23291,-0.18298,-0.114,-0.033738,0.047212,0.12483,0.19813,0.26105,0.30452,0.32775,0.34219,0.35911,0.37602,0.3823,0.37874,0.38138,0.39866,0.41763,0.42572,0.4333,0.47047,0.53279,0.56533,0.55251,0.52382,0.50401,0.50525,0.52097,0.54179,0.56936,0.60817,0.65098,0.68127,0.69096,0.68803,0.68263,0.68004,0.66655,0.67168,0.70805,0.73246,0.7366,0.74379,0.79113,0.86605,0.90913,0.90726,0.89323,0.85683,0.7636,0.65098,0.61809,0.70858,0.8629,0.98177,1.0074,0.93769,0.80428,0.66284,0.57891,0.58655,0.6212,0.53083,0.23701,-0.14531,-0.41154,-0.46553,-0.3529,0,0,0,0,0,0,0,0,0,0,0,0,0,0,0,0,0,0,0,0,0,0,0,0,0,-0.0048145,-0.023999,-0.033241,-0.032674,-0.013452,0,0,0,0,0,0,0,0,0,0,0,0,0,0,0,-0.046434,-0.073629,-0.073844,-0.072095,-0.067751,-0.062555,-0.056651,-0.049419,-0.043144,-0.038859,-0.038635,-0.048689,-0.067865,-0.086875,-0.10284,-0.11691,-0.13157,-0.14554,-0.14651,-0.12465,-0.077507,-0.011491,0.059927,0.12444,0.17301,0.20632,0.22248,0.22052,0.19896,0.14718,0.068978,-0.0184,-0.086184,-0.11944,-0.11817,-0.087196,-0.041171,0.009657,0.042226,0.042149,0.030541,0.018979,0.0049003,-0.0064123,-0.012852,0,0,0,0,0,0,0,0,0,0,0,0,-0.050401,-0.060495,-0.057484,-0.037037,0.0028824,0.04469,0.075024,0.088741,0.090119,0.087128,0.085444,0.087278,0.090122,0.087958,0.076684,0.05719,0.034203,0.019122,0.024152,0.047543,0.022511,0.01811,0.014146,0,0,0,0,0,0,-0.043266,-0.16942,-0.28522,-0.45185,-0.60368,-0.72677,-0.82821,-0.89809,-0.93479,-0.95207,-0.96497,-0.97762,-0.9971,-1.0298,-1.0522,-1.0626,-1.0698,-1.0699,-1.1007,-1.1302,-1.1211,-1.1076,-1.0885,-1.0676,-1.0535,-1.0507,-1.0544,-1.0574,-1.0558,-1.0485,-1.0357,-1.0171,-0.99255,-0.96282,-0.92813,-0.88892,-0.84708,-0.80436,-0.7624,-0.72195,-0.6564,-0.58982,-0.54578,-0.49763,-0.44609,-0.39242,-0.33775,-0.2828,-0.22769,-0.17261,-0.11838,-0.066213,-0.017082,0.029034,0.073051,0.11586,0.15762,0.19782,0.23584,0.27145,0.30481,0.33595,0.3644,0.38951,0.41093,0.42887,0.4438,0.45618,0.46614,0.47347,0.47812,0.48114,0.48449,0.48901,0.49179,0.48703,0.47127,0.44753,0.42181,0.39743,0.30494,0.27453,0.30973,0.28099,0.25386,0.22673,0.20309,0.18296,0.16284,0.14536,0.13054,0.11571,0.10129,0.087277,0.073267,0.057598,0.04027,0.022937,0.0032598,-0.018759,-0.040782,-0.064244,-0.089133,-0.11402,-0.13858,-0.16283,-0.18707,-0.20944,-0.22994,-0.25044,-0.26849,-0.28408,-0.29966,-0.31296,-0.32396,-0.33495,-0.34375,-0.35033,-0.35691,-0.36116,-0.3631,-0.36504,-0.36454,-0.3616,-0.35866,-0.35316,-0.34507,-0.33699,-0.32643,-0.3134,-0.30036,-0.28536,-0.26839,-0.25142,-0.23317,-0.21363,-0.19409,-0.17394,-0.15318,-0.13242,-0.11157,-0.090622,-0.06968,-0.04888,-0.028217,-0.0075562,0.012684,0.032509,0.052336,0.071258,0.089273,0.10729,0.12402,0.13948,0.15493,0.16891,0.18142,0.19392,0.20477,0.21395,0.22314,0.23051,0.23606,0.24162,0.2453,0.2471,0.2489,0.2489,0.2471,0.2453,0.24206,0.2374,0.23273,0.22727,0.22101,0.21474,0.20828,0.20161,0.19494,0.1885,0.18228,0.17606,0.16978,0.16344,0.1571,0.15022,0.1428,0.13538,0.10974,0.065849,0.021954
0,0,0,0,0,0,0,0,0,0,0,0,0,0,0,0,0,0,0,0,0,0,0,0,0.28378,0.29112,0.29844,0.31039,0.32695,0.34351,0.35731,0.36834,0.37936,0.38428,0.38307,0.38186,0.37387,0.3591,0.34433,0.32378,0.29746,0.27114,0.24197,0.20994,0.17792,0.14718,0.11772,0.088256,0.06404,0.045071,0.026104,0.013554,0.0074197,0.0012854,-0.0014864,-0.00089317,0,0,0,0,0,-0.080258,-0.13378,-0.17449,-0.20237,-0.23023,-0.2613,-0.29556,-0.32982,-0.35923,-0.38379,-0.40833,-0.42695,-0.43963,-0.4523,-0.46434,-0.47575,-0.48716,-0.50418,-0.52681,-0.54945,-0.57507,-0.60367,-0.63228,-0.66537,-0.70294,-0.74051,-0.76716,-0.7829,-0.79863,-0.80577,-0.80432,-0.80287,-0.79424,-0.77844,-0.76264,-0.75128,-0.74435,-0.73743,-0.73437,-0.73517,-0.73597,-0.73571,-0.73439,-0.73307,-0.74097,-0.7581,-0.77522,-0.80607,-0.85065,-0.89524,-0.93252,-0.96251,-0.9925,-1.0147,-1.0292,-1.0437,-1.0494,-1.0462,-1.043,-1.0355,-1.0237,-1.0119,-1.0009,-0.99053,-0.98018,-0.9742,-0.97258,-0.97096,-0.97553,-0.98629,-0.99706,-1.0102,-1.0257,-1.0413,-1.0513,-1.0557,-1.0602,-1.0611,-1.0586,-1.0561,-1.0486,-1.0361,-1.0236,-1.0057,-0.98219,-0.95871,-0.92704,-0.89173,-0.86062,-0.8275,-0.79182,-0.75435,-0.71603,-0.67958,-0.64795,-0.62074,-0.59324,-0.55872,-0.51117,-0.44811,-0.37484,-0.30705,-0.26233,-0.24169,-0.22277,-0.17983,-0.10911,-0.026935,0.052009,0.12435,0.19078,0.24832,0.29124,0.31769,0.33307,0.3438,0.34914,0.34274,0.32534,0.3145,0.33158,0.37394,0.41387,0.43599,0.457,0.51983,0.57626,0.56872,0.52748,0.48621,0.47608,0.49888,0.53753,0.57952,0.6211,0.65921,0.69048,0.71484,0.72959,0.72407,0.70192,0.66853,0.66828,0.70431,0.71722,0.70512,0.71075,0.77929,0.88761,0.95765,0.95457,0.9012,0.82541,0.73182,0.6532,0.65948,0.76558,0.91324,1.0159,1.0194,0.92119,0.76194,0.61768,0.57102,0.62076,0.635,0.48506,0.18037,-0.146,-0.35792,-0.41159,-0.31733,0,0,0,0,0,0,0,0,0,0,0,0,0,0,0,0,0,0,0,0,0,0,0,0,0,0,-0.017997,-0.026854,-0.030231,-0.028139,-0.012831,-0.0098619,0,0,0,0,0,0,0,0,0,0,0,0,0,0,-0.028331,-0.030422,-0.031277,-0.051566,-0.050471,-0.045397,-0.039582,-0.033913,-0.02697,-0.019445,-0.018088,-0.029281,-0.040792,-0.049388,-0.053359,-0.060251,-0.0722,-0.16567,-0.15952,-0.10436,-0.026917,0.051278,0.11851,0.17138,0.21408,0.23728,0.22862,0.18518,0.10832,0.018957,-0.054503,-0.099756,-0.12073,-0.12398,-0.10943,-0.075001,-0.024528,0.022018,0.037718,0.02973,0.01695,0.004048,-0.00535,-0.01027,-0.0038472,-0.0013217,0,0,0,0,0,0,0,0,0,0,-0.025188,-0.029866,-0.027263,-0.030498,0.0013717,0.04113,0.076029,0.095363,0.099807,0.096735,0.093133,0.092282,0.092102,0.086583,0.073073,0.056863,0.045163,0.037955,0.01621,0.030106,0,0,0,0,0,0,0,0,0,0,-0.19688,-0.29422,-0.46215,-0.6159,-0.73379,-0.82691,-0.89753,-0.93293,-0.93633,-0.9516,-0.9789,-0.9899,-1.0208,-1.0525,-1.0644,-1.0732,-1.073,-1.1011,-1.1288,-1.1212,-1.1108,-1.0945,-1.0743,-1.0589,-1.0544,-1.0578,-1.0617,-1.0612,-1.0553,-1.0446,-1.0286,-1.0067,-0.97925,-0.94615,-0.90733,-0.86444,-0.82076,-0.77883,-0.73873,-0.67344,-0.60689,-0.56282,-0.5147,-0.46277,-0.40807,-0.35225,-0.29668,-0.2418,-0.18737,-0.13335,-0.08043,-0.029695,0.018207,0.063568,0.10724,0.14976,0.19097,0.23029,0.26718,0.30148,0.33326,0.36234,0.38834,0.41093,0.42991,0.44547,0.45816,0.4684,0.47623,0.4816,0.48535,0.48931,0.49439,0.49782,0.49375,0.47863,0.4554,0.43008,0.40596,0.30926,0.27881,0.31825,0.28929,0.2618,0.23431,0.21035,0.18993,0.16951,0.15185,0.13696,0.12207,0.10772,0.093909,0.0801,0.064768,0.047914,0.031055,0.01196,-0.0093687,-0.030704,-0.053427,-0.077535,-0.10164,-0.12545,-0.14897,-0.1725,-0.19426,-0.21426,-0.23426,-0.25197,-0.26739,-0.28281,-0.29614,-0.30736,-0.31859,-0.32777,-0.3349,-0.34204,-0.3469,-0.3495,-0.3521,-0.35223,-0.34991,-0.34758,-0.34262,-0.33503,-0.32743,-0.31728,-0.30459,-0.29189,-0.27716,-0.26041,-0.24366,-0.22558,-0.20618,-0.18678,-0.16671,-0.14599,-0.12526,-0.10441,-0.083432,-0.062456,-0.041619,-0.02092,-0.00022489,0.020049,0.039909,0.059773,0.078731,0.096784,0.11484,0.1316,0.14707,0.16253,0.17649,0.18894,0.20139,0.21213,0.22116,0.23019,0.23736,0.24265,0.24795,0.25133,0.25277,0.25422,0.25384,0.25164,0.24943,0.24581,0.24077,0.23572,0.22992,0.22334,0.21677,0.21003,0.20311,0.1962,0.18952,0.18307,0.17663,0.17017,0.16369,0.1572,0.15022,0.14273,0.13523,0.10958,0.065753,0.021924
0,0,0,0,0,0,0,0,0,0,0,0,0,0,0,0,0,0,0,0,0,0,0.065654,0.10943,0.2726,0.28089,0.28918,0.30128,0.3172,0.33313,0.34675,0.35806,0.36936,0.37494,0.37478,0.37463,0.36782,0.35434,0.34086,0.32179,0.2971,0.27241,0.24491,0.2146,0.18428,0.15505,0.12691,0.098765,0.075251,0.056368,0.03749,0.025182,0.019448,0.013717,0.0090399,0.0054236,0,0,0,0,0,-0.071489,-0.11916,-0.15666,-0.18399,-0.21131,-0.24218,-0.2766,-0.31102,-0.34149,-0.368,-0.39451,-0.41473,-0.42868,-0.44263,-0.45527,-0.46661,-0.47795,-0.49494,-0.51758,-0.54022,-0.56926,-0.60471,-0.64016,-0.67826,-0.719,-0.75974,-0.78781,-0.80322,-0.81863,-0.82278,-0.81566,-0.80854,-0.79225,-0.76679,-0.74132,-0.72204,-0.70893,-0.69583,-0.69177,-0.69676,-0.70174,-0.70854,-0.71714,-0.72574,-0.74514,-0.77533,-0.80552,-0.83959,-0.87753,-0.91549,-0.94788,-0.97473,-1.0016,-1.0216,-1.0348,-1.048,-1.0536,-1.0514,-1.0492,-1.0433,-1.0337,-1.0241,-1.0152,-1.007,-0.99881,-0.99474,-0.99476,-0.99479,-1.0004,-1.0116,-1.0228,-1.0352,-1.0489,-1.0627,-1.0677,-1.064,-1.0602,-1.0558,-1.0506,-1.0455,-1.035,-1.0191,-1.0032,-0.98561,-0.96637,-0.94725,-0.91801,-0.8835,-0.85366,-0.82123,-0.78518,-0.74554,-0.70023,-0.65291,-0.6163,-0.5991,-0.59186,-0.57177,-0.5197,-0.43268,-0.32986,-0.24822,-0.21607,-0.22226,-0.22183,-0.17928,-0.1002,-0.013984,0.061176,0.12454,0.18044,0.23125,0.27601,0.30976,0.32617,0.32459,0.31397,0.30546,0.30005,0.29308,0.29568,0.33014,0.38917,0.43448,0.456,0.49528,0.54743,0.56171,0.52726,0.4739,0.44879,0.47331,0.53061,0.59036,0.63594,0.67118,0.71014,0.75848,0.79222,0.76936,0.70016,0.64854,0.65257,0.6926,0.71073,0.69432,0.70075,0.77383,0.88928,0.97653,0.98109,0.90614,0.80188,0.71293,0.66945,0.70154,0.80598,0.938,1.0253,1.0128,0.89881,0.73387,0.60166,0.5693,0.60742,0.59129,0.43898,0.1774,-0.093369,-0.28643,-0.36074,-0.15063,0,0,0,0,0,0,0,0,0,0,0,0,0,0,0,0,0,0,0,0,0,0,0,0,0,0,-0.0075139,-0.021063,-0.027294,-0.029586,-0.02799,-0.023508,0,0,0,0,0,0,0,0,0,0,0,0,0,0,0,0,0,-0.021046,-0.036225,-0.032215,-0.026415,-0.022513,-0.019364,-0.010403,0.0088487,0,0,0,0,0,0,-0.15863,-0.176,-0.1108,-0.029956,0.046881,0.11147,0.16848,0.21428,0.22979,0.20403,0.14309,0.062317,-0.013925,-0.065454,-0.092316,-0.10517,-0.11129,-0.10675,-0.081623,-0.036926,0.0082769,0.028638,0.023156,0.0095436,-0.0017992,-0.0073502,-0.0077054,-0.004309,0.0016199,0.0055083,0,0,0,0,0,0,0,0,0,0,0,0,-0.013433,0.0011937,0.031925,0.073321,0.10206,0.11414,0.11356,0.10743,0.10108,0.095044,0.085044,0.070483,0.060354,0.063622,0.026176,0,0,0,0,0,0,0,0,0,0,0,0,-0.17458,-0.29196,-0.45966,-0.61769,-0.7334,-0.81844,-0.8885,-0.92382,-0.93209,-0.94337,-0.96882,-0.98905,-1.0085,-1.0414,-1.067,-1.0769,-1.0751,-1.0991,-1.1241,-1.1189,-1.1135,-1.1017,-1.084,-1.0678,-1.06,-1.0612,-1.0645,-1.0643,-1.06,-1.0514,-1.0378,-1.0187,-0.99363,-0.96281,-0.92584,-0.88354,-0.83917,-0.79588,-0.75449,-0.70087,-0.63407,-0.57792,-0.53036,-0.47842,-0.42301,-0.36615,-0.30985,-0.2551,-0.20148,-0.14816,-0.095058,-0.043112,0.0065776,0.05359,0.098378,0.14169,0.18386,0.22452,0.26289,0.29839,0.33087,0.36052,0.3874,0.41115,0.43132,0.4478,0.46106,0.47172,0.48005,0.48609,0.49057,0.49513,0.50059,0.50429,0.50064,0.48606,0.46329,0.43822,0.41427,0.35147,0.32091,0.32633,0.29713,0.26928,0.24143,0.21714,0.19643,0.17573,0.15786,0.14282,0.12779,0.1134,0.099663,0.085927,0.070864,0.054475,0.03808,0.019649,-0.00081582,-0.021287,-0.04306,-0.066128,-0.089198,-0.11201,-0.13457,-0.15713,-0.1781,-0.19748,-0.21686,-0.23419,-0.24948,-0.26477,-0.27819,-0.28974,-0.30128,-0.31093,-0.31867,-0.32642,-0.33195,-0.33526,-0.33857,-0.33937,-0.33766,-0.33595,-0.33152,-0.32437,-0.31721,-0.30744,-0.29504,-0.28264,-0.26817,-0.25163,-0.23509,-0.21719,-0.19794,-0.1787,-0.15875,-0.1381,-0.11745,-0.09663,-0.075656,-0.054681,-0.033858,-0.013188,0.0074819,0.027716,0.047522,0.067329,0.086243,0.10427,0.12229,0.13901,0.15443,0.16985,0.18373,0.19606,0.2084,0.21899,0.22786,0.23672,0.24369,0.24877,0.25384,0.25694,0.25806,0.25919,0.25845,0.25586,0.25327,0.24925,0.24383,0.2384,0.23222,0.2253,0.21837,0.21133,0.20418,0.19702,0.1901,0.18339,0.17669,0.17004,0.16346,0.15687,0.14969,0.1419,0.13411,0.10853,0.065127,0.02172
0,0,0,0,0,0,0,0,0,0,0,0,0,0,0,0,0,0,0,0,0,0,0.1284,0.214,0.26142,0.27067,0.27991,0.29218,0.30746,0.32275,0.33619,0.34777,0.35935,0.3656,0.3665,0.3674,0.36176,0.34958,0.3374,0.31979,0.29674,0.27368,0.24785,0.21925,0.19064,0.16292,0.1361,0.10927,0.086463,0.067669,0.048878,0.036812,0.031479,0.026148,0.019568,0.011743,0,0,0,0,0,-0.062716,-0.10453,-0.13883,-0.16561,-0.19239,-0.22306,-0.25764,-0.29222,-0.32374,-0.35221,-0.38068,-0.40252,-0.41774,-0.43295,-0.4462,-0.45747,-0.46875,-0.48571,-0.50835,-0.53099,-0.56345,-0.60575,-0.64804,-0.69114,-0.73505,-0.77896,-0.80846,-0.82355,-0.83863,-0.83977,-0.827,-0.81421,-0.79026,-0.75514,-0.72001,-0.69281,-0.67352,-0.65424,-0.64918,-0.65835,-0.66752,-0.68137,-0.69989,-0.71842,-0.7493,-0.79256,-0.83581,-0.8731,-0.90441,-0.93573,-0.96324,-0.98694,-1.0106,-1.0285,-1.0404,-1.0523,-1.0577,-1.0566,-1.0555,-1.0511,-1.0437,-1.0362,-1.0295,-1.0234,-1.0174,-1.0153,-1.017,-1.0186,-1.0253,-1.0369,-1.0484,-1.0602,-1.0721,-1.0841,-1.0841,-1.0722,-1.0603,-1.0505,-1.0427,-1.0349,-1.0214,-1.0021,-0.98272,-0.96556,-0.95057,-0.93568,-0.91111,-0.87984,-0.85109,-0.81948,-0.78362,-0.74092,-0.68602,-0.62418,-0.57913,-0.57301,-0.59412,-0.59556,-0.53391,-0.40811,-0.26835,-0.18437,-0.18302,-0.21992,-0.22626,-0.17332,-0.084501,0.002341,0.069772,0.12148,0.16681,0.21225,0.25896,0.29953,0.31878,0.30783,0.28169,0.27303,0.29497,0.31682,0.30665,0.29217,0.32417,0.3898,0.44159,0.47754,0.50854,0.51807,0.49115,0.44566,0.42548,0.45764,0.52843,0.60054,0.65129,0.69002,0.74117,0.80866,0.84726,0.79627,0.68208,0.60649,0.62186,0.68669,0.71796,0.70228,0.70613,0.77197,0.87769,0.96434,0.98066,0.91854,0.81305,0.72724,0.69432,0.72117,0.81395,0.9321,1.0055,0.98731,0.87598,0.72786,0.61478,0.56455,0.54377,0.50185,0.39927,0.21626,-0.0043603,-0.19713,-0.30935,0,0,0,0,0,0,0,0,0,0,0,0,0,0,0,0,0,0,0,0,0,0,0,0,0,0,0,0,-0.0090676,-0.022872,-0.028658,-0.031293,-0.030316,-0.014869,-0.011185,0,0,0,0,0,0,0,0,0,0,0,0,0,0,0,0,-0.014328,-0.012891,-0.0093538,-0.0077183,-0.0080852,-0.0044587,0.0080269,0,0,0,0,0,0,-0.12114,-0.15243,-0.093581,-0.02169,0.04545,0.10841,0.16297,0.19413,0.1922,0.15466,0.094954,0.030152,-0.023442,-0.056809,-0.074246,-0.081289,-0.081899,-0.076742,-0.061432,-0.033612,-0.0052507,0.0088284,0.0057904,-0.0048266,-0.013078,-0.014043,-0.008597,-0.0005704,0.0090088,0.015744,0,0,0,0,0,0,0,0,0,0,0,0,0.004127,0.014502,0.033489,0.068274,0.10788,0.13229,0.1413,0.13627,0.12172,0.10298,0.08269,0.066049,0.063668,0.078844,0,0,0,0,0,0,0,0,0,0,0,0,0,-0.15127,-0.28374,-0.44232,-0.60111,-0.73063,-0.81992,-0.88131,-0.91536,-0.9327,-0.93631,-0.95579,-0.98309,-0.99402,-1.0309,-1.0694,-1.0783,-1.0734,-1.0937,-1.1173,-1.1155,-1.1156,-1.108,-1.0923,-1.0767,-1.0671,-1.0647,-1.0654,-1.0651,-1.062,-1.0555,-1.0445,-1.028,-1.0054,-0.97725,-0.94294,-0.90245,-0.85819,-0.81332,-0.7697,-0.72685,-0.65946,-0.59113,-0.54414,-0.49258,-0.43703,-0.37955,-0.3226,-0.26769,-0.2145,-0.16181,-0.10892,-0.056349,-0.0052914,0.04337,0.089597,0.13402,0.1772,0.21903,0.25873,0.29538,0.32866,0.359,0.38677,0.41164,0.43304,0.45071,0.46492,0.47628,0.48517,0.49177,0.49678,0.50169,0.50729,0.51108,0.50765,0.49343,0.47103,0.44627,0.42258,0.39578,0.36506,0.33441,0.30497,0.27675,0.24854,0.22393,0.20294,0.18195,0.16386,0.14868,0.1335,0.11908,0.10542,0.091754,0.076962,0.061038,0.045108,0.027339,0.0077348,-0.011872,-0.032694,-0.054723,-0.07675,-0.098566,-0.12017,-0.14177,-0.16195,-0.1807,-0.19945,-0.21641,-0.23157,-0.24673,-0.26024,-0.2721,-0.28397,-0.29408,-0.30244,-0.3108,-0.31699,-0.32102,-0.32505,-0.32651,-0.32542,-0.32432,-0.32042,-0.31371,-0.307,-0.29759,-0.2855,-0.2734,-0.25918,-0.24285,-0.22651,-0.2088,-0.18971,-0.17061,-0.15078,-0.1302,-0.10963,-0.088851,-0.067878,-0.046904,-0.026099,-0.0054567,0.015188,0.035384,0.055136,0.074885,0.093757,0.11175,0.12974,0.14642,0.1618,0.17717,0.19097,0.20319,0.21541,0.22586,0.23456,0.24326,0.25003,0.25488,0.25973,0.26255,0.26336,0.26416,0.26306,0.26008,0.2571,0.2527,0.24689,0.24107,0.23453,0.22725,0.21997,0.21264,0.20524,0.19785,0.19067,0.18371,0.17674,0.16992,0.16323,0.15654,0.14916,0.14108,0.13299,0.10747,0.064498,0.010812
0,0,0,0,0,0,0,0,0,0,0,0,0,0,0,0,0,0,0,0,0,0,0.13177,0.20442,0.24626,0.25725,0.26825,0.28137,0.2966,0.31183,0.32543,0.3374,0.34936,0.35635,0.35836,0.36036,0.35608,0.3455,0.33493,0.3191,0.298,0.2769,0.25302,0.22635,0.19969,0.17363,0.14817,0.12271,0.10074,0.082261,0.063782,0.051427,0.045202,0.038977,0.031217,0.021923,0,0,0,0,0,-0.052428,-0.088519,-0.12023,-0.14756,-0.17489,-0.20562,-0.23973,-0.27385,-0.30582,-0.33565,-0.36547,-0.38874,-0.40545,-0.42216,-0.43656,-0.44864,-0.46073,-0.47839,-0.50163,-0.52487,-0.55944,-0.60532,-0.65121,-0.69811,-0.74603,-0.79394,-0.82516,-0.83966,-0.85415,-0.85375,-0.83848,-0.82321,-0.79412,-0.75121,-0.70829,-0.67526,-0.65213,-0.629,-0.62223,-0.63184,-0.64145,-0.66114,-0.69093,-0.72071,-0.76018,-0.80934,-0.85851,-0.89698,-0.92477,-0.95255,-0.97664,-0.99706,-1.0175,-1.033,-1.0436,-1.0543,-1.0598,-1.0602,-1.0606,-1.0585,-1.054,-1.0494,-1.0455,-1.0423,-1.0391,-1.0391,-1.0422,-1.0453,-1.0519,-1.0621,-1.0722,-1.0802,-1.086,-1.0917,-1.0876,-1.0735,-1.0595,-1.0471,-1.0365,-1.0258,-1.0106,-0.99073,-0.97089,-0.95397,-0.93998,-0.92598,-0.90464,-0.87705,-0.84991,-0.82019,-0.78468,-0.73734,-0.67219,-0.59717,-0.54287,-0.54175,-0.58455,-0.60054,-0.53084,-0.37717,-0.21593,-0.14768,-0.17928,-0.22876,-0.22048,-0.14982,-0.058771,0.017761,0.072686,0.11597,0.15829,0.20351,0.24944,0.28872,0.30908,0.30055,0.27231,0.26052,0.29481,0.34243,0.32556,0.23937,0.19884,0.28995,0.44769,0.55191,0.53671,0.45191,0.38356,0.36408,0.39766,0.46366,0.54022,0.60934,0.66323,0.71265,0.77512,0.84229,0.86211,0.78903,0.66872,0.58517,0.6072,0.69306,0.73442,0.72533,0.72297,0.77107,0.85845,0.93695,0.96708,0.93121,0.84578,0.76898,0.72506,0.71975,0.78617,0.89123,0.96521,0.95717,0.86045,0.73905,0.63956,0.56096,0.47943,0.40815,0.34794,0.24458,0.081068,-0.10269,-0.24722,0,0,0,0,0,0,0,0,0,0,0,0,0,0,0,0,0,0,0,0,0,0,0,0,0,0,0,0,0,-0.016972,-0.024934,-0.031207,-0.034287,-0.032929,-0.02688,0,0,0,0,0,0,0,0,0,0,0,0,0,0,0,0,0,0,0,0,0,0,-0.00088822,0,0,0,0,0,0,-0.050252,-0.10008,-0.062063,-0.0091551,0.047339,0.10554,0.15054,0.16432,0.14661,0.10796,0.061763,0.017843,-0.017329,-0.041155,-0.054073,-0.058324,-0.053563,-0.028397,-0.023787,-0.015667,-0.006433,-0.0011866,-0.0021218,-0.018768,-0.025723,-0.024325,-0.015378,-0.002558,0.012727,0.024489,0.018068,0.012326,0,0,0,0,0,0,0,0,0,0,0.003753,0.012358,0.020097,0.063466,0.11341,0.15368,0.18079,0.18906,0.16645,0.12011,0.073814,0.052614,0.032073,0.042536,0,0,0,0,0,0,0,0,0,0,0,0,-0.036415,-0.15145,-0.27603,-0.43282,-0.59877,-0.73842,-0.82923,-0.87684,-0.90628,-0.92513,-0.92906,-0.94885,-0.97385,-0.98995,-1.0214,-1.0607,-1.0772,-1.0672,-1.0673,-1.092,-1.1112,-1.1153,-1.1115,-1.0985,-1.084,-1.0738,-1.0682,-1.0659,-1.0647,-1.0624,-1.0577,-1.0487,-1.0346,-1.0149,-0.98967,-0.95845,-0.92072,-0.87765,-0.83196,-0.78601,-0.74084,-0.67198,-0.60306,-0.55631,-0.50535,-0.4503,-0.39287,-0.33551,-0.28005,-0.22664,-0.17415,-0.12155,-0.068849,-0.016976,0.033073,0.080924,0.12686,0.1713,0.21422,0.25491,0.29248,0.32659,0.3577,0.38626,0.41211,0.43473,0.45375,0.46926,0.48164,0.49123,0.49828,0.50352,0.50847,0.514,0.51786,0.51469,0.50071,0.47838,0.45368,0.43011,0.36155,0.33072,0.34174,0.3121,0.2836,0.25509,0.23023,0.20901,0.18779,0.16951,0.15418,0.13885,0.12437,0.11074,0.097112,0.082571,0.067116,0.051657,0.034591,0.01592,-0.0027556,-0.022529,-0.043391,-0.06425,-0.084949,-0.10548,-0.12601,-0.14532,-0.16339,-0.18146,-0.19802,-0.21307,-0.22812,-0.24175,-0.25396,-0.26617,-0.27676,-0.28574,-0.2947,-0.30154,-0.30625,-0.31096,-0.31305,-0.31251,-0.31198,-0.30856,-0.30227,-0.29597,-0.28694,-0.27517,-0.26341,-0.24949,-0.23341,-0.21734,-0.19986,-0.18098,-0.16211,-0.14245,-0.12201,-0.10156,-0.080876,-0.059944,-0.039015,-0.018249,0.0023591,0.02297,0.043113,0.062785,0.082456,0.10124,0.11915,0.13705,0.15363,0.16889,0.18415,0.19781,0.20987,0.22192,0.2322,0.2407,0.24921,0.25578,0.26041,0.26503,0.2676,0.26812,0.26863,0.26722,0.2639,0.26058,0.25583,0.24967,0.2435,0.23661,0.229,0.22138,0.21373,0.20604,0.19835,0.19091,0.18372,0.17652,0.16949,0.16263,0.15577,0.14821,0.13995,0.13169,0.1063,0.063791,0
0,0,0,0,0,0,0,0,0,0,0,0,0,0,0,0,0,0,0,0,0,0.055463,0.14431,0.19498,0.22709,0.24064,0.2542,0.26886,0.28462,0.30039,0.31449,0.32694,0.33939,0.34719,0.35035,0.35351,0.35076,0.34211,0.33345,0.31971,0.30089,0.28207,0.26041,0.23592,0.21143,0.18716,0.16311,0.13907,0.11808,0.10014,0.082202,0.069026,0.060615,0.052207,0.043989,0.035962,0.017794,0.013853,0.0096667,0.0054832,-0.0035257,-0.040634,-0.071121,-0.10086,-0.12984,-0.15882,-0.18983,-0.22288,-0.25592,-0.28774,-0.31832,-0.34889,-0.37339,-0.39182,-0.41026,-0.42635,-0.44012,-0.45389,-0.47299,-0.49743,-0.52187,-0.55721,-0.60344,-0.64968,-0.69918,-0.75194,-0.80469,-0.8379,-0.85155,-0.86519,-0.86472,-0.85012,-0.83551,-0.8038,-0.75497,-0.70614,-0.6694,-0.64475,-0.62009,-0.61091,-0.61722,-0.62353,-0.64786,-0.69024,-0.73262,-0.77776,-0.82569,-0.87361,-0.91125,-0.93859,-0.96594,-0.9881,-1.0051,-1.022,-1.0352,-1.0445,-1.0538,-1.0597,-1.0622,-1.0647,-1.0655,-1.0646,-1.0637,-1.0634,-1.0637,-1.0639,-1.0662,-1.0705,-1.0748,-1.0804,-1.0873,-1.0941,-1.0952,-1.0904,-1.0856,-1.0782,-1.068,-1.0578,-1.0458,-1.0319,-1.0181,-1.0025,-0.98506,-0.96767,-0.95085,-0.9346,-0.91836,-0.89713,-0.87186,-0.83977,-0.80595,-0.77151,-0.72001,-0.64773,-0.57149,-0.51719,-0.51092,-0.54567,-0.56033,-0.4962,-0.35066,-0.2108,-0.16919,-0.2078,-0.23414,-0.19247,-0.10616,-0.025675,0.029058,0.070103,0.11383,0.16471,0.21651,0.26019,0.29042,0.30655,0.30809,0.29587,0.28607,0.30527,0.33497,0.29467,0.14417,0.029787,0.17253,0.52833,0.77707,0.68544,0.39923,0.20876,0.21914,0.35601,0.48967,0.56963,0.61924,0.66912,0.73046,0.79787,0.8452,0.83492,0.76304,0.68131,0.62836,0.64171,0.70582,0.74763,0.75109,0.74523,0.7723,0.84103,0.9131,0.9489,0.9325,0.87755,0.82178,0.76428,0.71484,0.73045,0.82333,0.9206,0.93295,0.85808,0.75664,0.66179,0.56863,0.45132,0.34082,0.28009,0.23045,0.1327,-0.024552,-0.18309,0,0,0,0,0,0,0,0,0,0,0,0,0,0,0,0,0,0,0,0,0,0,0,0,0,0,0,0,0,-0.0068738,-0.011175,-0.027006,-0.033841,-0.037115,-0.034654,0,0,0,0,0,0,0,0,0,0,0,0,0,0,0,0,0,0,0,0,0,0,0,0,0,0,0,0,0,0,-0.035432,-0.031388,0.0020843,0.047798,0.09984,0.13581,0.13807,0.10995,0.072862,0.042629,0.018234,-0.0061079,-0.031122,-0.046048,-0.042318,-0.031826,0,0,0,0,0,0,-0.025957,-0.03492,-0.036968,-0.028093,-0.01104,0.0095814,0.028361,0.038492,0.025953,0,0,0,0,0,0,0,0,0,0,0,0,0,0.030668,0.12016,0.17778,0.22529,0.25717,0.24151,0.18028,0.11661,0.075745,0,0,0,0,0,0,0,0,0,0,0,0,0,0,-0.036415,-0.075592,-0.28076,-0.44232,-0.60543,-0.7386,-0.82253,-0.86636,-0.89591,-0.91328,-0.91884,-0.92969,-0.9538,-0.98611,-1.0134,-1.0533,-1.075,-1.0586,-1.0389,-1.065,-1.1051,-1.1122,-1.1105,-1.1006,-1.0881,-1.0783,-1.0716,-1.0674,-1.0652,-1.0631,-1.0591,-1.0514,-1.0395,-1.0226,-1.0001,-0.97159,-0.93657,-0.89548,-0.85047,-0.80369,-0.75665,-0.69754,-0.62697,-0.56788,-0.51755,-0.46342,-0.40658,-0.34913,-0.29301,-0.23893,-0.18615,-0.13361,-0.080928,-0.028634,0.02244,0.07184,0.11955,0.16563,0.20977,0.25128,0.28951,0.32432,0.35615,0.38544,0.41214,0.43582,0.45617,0.47316,0.48685,0.49733,0.50478,0.51004,0.51482,0.52022,0.52422,0.52149,0.50783,0.48544,0.46058,0.43697,0.32487,0.29393,0.34831,0.31851,0.28981,0.2611,0.23605,0.21465,0.19325,0.1748,0.15931,0.14381,0.12925,0.11562,0.102,0.087699,0.072716,0.05773,0.041404,0.023741,0.0060713,-0.012554,-0.032127,-0.051697,-0.071155,-0.090496,-0.10984,-0.12819,-0.14554,-0.16289,-0.17904,-0.19399,-0.20894,-0.22271,-0.2353,-0.24788,-0.25897,-0.26855,-0.27814,-0.28561,-0.29096,-0.29631,-0.29897,-0.29895,-0.29892,-0.29595,-0.29005,-0.28414,-0.27548,-0.26407,-0.25266,-0.23908,-0.22332,-0.20757,-0.19038,-0.17178,-0.15317,-0.13375,-0.1135,-0.093257,-0.072707,-0.051856,-0.031008,-0.010304,0.010264,0.030832,0.050901,0.070471,0.090043,0.1087,0.12646,0.14421,0.16062,0.1757,0.19078,0.20425,0.21609,0.22794,0.238,0.2463,0.25459,0.26094,0.26534,0.26975,0.27208,0.27234,0.27261,0.27093,0.26732,0.26371,0.25866,0.25218,0.24569,0.23848,0.23054,0.2226,0.21461,0.20656,0.19852,0.1908,0.18341,0.17602,0.16877,0.16167,0.15456,0.14684,0.13852,0.1302,0.10503,0.063028,0.010447
0,0,0,0,0,0,0,0,0,0,0,0,0,0,0,0,0,0,0,0,0,0.12819,0.15686,0.18553,0.20792,0.22403,0.24015,0.25635,0.27265,0.28894,0.30355,0.31648,0.32941,0.33804,0.34235,0.34666,0.34545,0.33871,0.33196,0.32032,0.30377,0.28723,0.2678,0.24549,0.22317,0.20069,0.17807,0.15544,0.13543,0.11803,0.10062,0.086628,0.076035,0.065441,0.056763,0.050001,0.043239,0.034627,0.024167,0.013712,-0.0039547,-0.028839,-0.053719,-0.081475,-0.11211,-0.14274,-0.17405,-0.20603,-0.238,-0.26965,-0.30098,-0.33231,-0.35805,-0.37819,-0.39835,-0.41615,-0.4316,-0.44705,-0.46759,-0.49323,-0.51888,-0.55499,-0.60156,-0.64814,-0.70023,-0.75782,-0.81542,-0.85063,-0.86344,-0.87624,-0.87567,-0.86175,-0.84782,-0.81349,-0.75874,-0.704,-0.66354,-0.63737,-0.61119,-0.59961,-0.60261,-0.60561,-0.63459,-0.68955,-0.74451,-0.79533,-0.84203,-0.88871,-0.92551,-0.95242,-0.97932,-0.99955,-1.0131,-1.0266,-1.0374,-1.0454,-1.0534,-1.0597,-1.0642,-1.0688,-1.0724,-1.0752,-1.078,-1.0812,-1.085,-1.0887,-1.0933,-1.0988,-1.1043,-1.1088,-1.1124,-1.116,-1.1102,-1.0949,-1.0796,-1.0687,-1.0624,-1.0561,-1.0444,-1.0274,-1.0103,-0.99434,-0.97939,-0.96444,-0.94772,-0.92923,-0.91074,-0.88913,-0.8574,-0.82013,-0.78965,-0.75525,-0.69978,-0.62415,-0.54924,-0.49564,-0.4774,-0.48757,-0.49276,-0.44798,-0.34905,-0.26113,-0.23446,-0.24207,-0.22009,-0.14781,-0.060786,0.00016368,0.036022,0.07226,0.12411,0.18714,0.24657,0.2895,0.31272,0.32323,0.33068,0.3386,0.34456,0.34057,0.3112,0.20593,-0.0054524,-0.13738,0.098591,0.66845,1.0844,0.92413,0.4025,0.042335,0.060923,0.30208,0.51681,0.60924,0.63478,0.67037,0.73517,0.79929,0.82347,0.79667,0.75265,0.72814,0.70342,0.69237,0.71909,0.74994,0.76468,0.76772,0.78645,0.83887,0.89671,0.92639,0.92439,0.90544,0.87652,0.80055,0.69794,0.66227,0.75326,0.88148,0.91851,0.86607,0.77387,0.67828,0.57798,0.44737,0.30598,0.21621,0.18579,0.13938,0.021549,-0.12339,0,0,0,0,0,0,0,0,0,0,0,0,0,0,0,0,0,0,0,0,0,0,0,0,0,0,0,0,0,0,0,-0.011933,-0.016224,-0.036094,-0.038673,-0.018141,-0.014519,0,0,0,0,0,0,0,0,0,0,0,0,0,0,0,0,0,0,0,0,0,0,0,0,0,0,0,0,0,-0.0089872,0.0085471,0.042679,0.090766,0.1219,0.11662,0.084445,0.051353,0.034221,0.022084,0.0043151,-0.014189,-0.023391,-0.017943,-0.01033,0,0,0,0,0,0,-0.020685,-0.030623,-0.041574,-0.042451,-0.026051,-0.0013685,0.023708,0.038865,0.026237,0,0,0,0,0,0,0,0,0,0,0,0,0,0,0.14584,0.19989,0.26277,0.31115,0.31956,0.26049,0.083414,0.054572,0,0,0,0,0,0,0,0,0,0,0,0,0,0,0,0,-0.14488,-0.45871,-0.60692,-0.72446,-0.80204,-0.85355,-0.88408,-0.90125,-0.90382,-0.90308,-0.92759,-0.96547,-1.0076,-1.0455,-1.0616,-1.0516,-1.0311,-1.0407,-1.0814,-1.1067,-1.1061,-1.0988,-1.0894,-1.0807,-1.0742,-1.07,-1.0676,-1.0656,-1.0615,-1.0543,-1.0436,-1.0288,-1.0091,-0.98318,-0.95035,-0.91112,-0.86738,-0.82101,-0.77323,-0.7247,-0.65259,-0.5806,-0.53045,-0.4771,-0.42104,-0.36383,-0.30722,-0.25227,-0.1988,-0.14597,-0.093223,-0.040685,0.011143,0.06188,0.11132,0.15914,0.2047,0.24717,0.28601,0.32138,0.35385,0.38382,0.41124,0.43579,0.45734,0.47578,0.49091,0.50242,0.51034,0.5156,0.52021,0.52559,0.52989,0.52761,0.51427,0.49206,0.46738,0.44387,0.32832,0.29725,0.3549,0.32493,0.29602,0.26711,0.24186,0.22029,0.19871,0.1801,0.16444,0.14877,0.13413,0.12051,0.10689,0.09283,0.078317,0.063803,0.048216,0.031557,0.014898,-0.0025754,-0.020859,-0.03914,-0.05736,-0.075514,-0.093669,-0.11106,-0.12769,-0.14431,-0.16006,-0.1749,-0.18975,-0.20367,-0.21663,-0.22959,-0.24117,-0.25137,-0.26157,-0.26967,-0.27567,-0.28166,-0.2849,-0.28538,-0.28586,-0.28334,-0.27782,-0.27231,-0.26402,-0.25297,-0.24192,-0.22868,-0.21324,-0.19779,-0.1809,-0.16257,-0.14423,-0.12505,-0.105,-0.084951,-0.064542,-0.043771,-0.023,-0.0023549,0.01817,0.038693,0.058687,0.078158,0.09763,0.11617,0.13377,0.15137,0.16762,0.18252,0.19742,0.21068,0.22232,0.23395,0.24381,0.25189,0.25997,0.2661,0.27028,0.27447,0.27656,0.27657,0.27658,0.27464,0.27074,0.26684,0.26148,0.25468,0.24788,0.24034,0.23208,0.22382,0.21548,0.20709,0.19869,0.1907,0.18311,0.17552,0.16805,0.1607,0.15334,0.14547,0.13709,0.1287,0.10377,0.062274,0.02077
0,0,0,0,0,0,0,0,0,0,0,0,0,0,0,0,0,0,0,0,0,0.14063,0.15622,0.1718,0.18857,0.20652,0.22448,0.24197,0.25899,0.27601,0.2913,0.30488,0.31846,0.32809,0.33376,0.33943,0.33996,0.33535,0.33073,0.32138,0.30728,0.29318,0.27612,0.2561,0.23607,0.21555,0.19453,0.17352,0.15453,0.13758,0.12062,0.10616,0.094174,0.082192,0.072492,0.065074,0.057658,0.047488,0.034564,0.021638,0.004461,-0.016967,-0.038389,-0.064397,-0.094995,-0.12559,-0.1568,-0.18862,-0.22044,-0.25231,-0.28422,-0.31613,-0.34308,-0.36505,-0.38703,-0.40673,-0.42416,-0.4416,-0.46374,-0.49059,-0.51746,-0.55388,-0.59987,-0.64586,-0.69806,-0.75645,-0.81485,-0.85113,-0.86529,-0.87944,-0.87998,-0.86692,-0.85386,-0.81906,-0.76253,-0.70599,-0.66442,-0.63781,-0.6112,-0.59804,-0.59832,-0.5986,-0.62745,-0.68485,-0.74227,-0.79578,-0.8454,-0.895,-0.9331,-0.95973,-0.98634,-1.0051,-1.0161,-1.0271,-1.0348,-1.0391,-1.0435,-1.0493,-1.0564,-1.0636,-1.0707,-1.0776,-1.0845,-1.0914,-1.0984,-1.1054,-1.1117,-1.1172,-1.1228,-1.1256,-1.1257,-1.1257,-1.1161,-1.0969,-1.0776,-1.0644,-1.0574,-1.0505,-1.0365,-1.0157,-0.99487,-0.9782,-0.96569,-0.95318,-0.93809,-0.92042,-0.90276,-0.87304,-0.83383,-0.80619,-0.7839,-0.74746,-0.68922,-0.61533,-0.54295,-0.48925,-0.46039,-0.44946,-0.4401,-0.41421,-0.37037,-0.3251,-0.28676,-0.2415,-0.17802,-0.10641,-0.045628,-0.00085289,0.043444,0.098882,0.16103,0.22149,0.2755,0.31886,0.34643,0.35721,0.36037,0.37344,0.39181,0.38895,0.32161,0.13896,-0.12921,-0.24748,0.079242,0.77663,1.2877,1.1206,0.48383,-0.0023555,-0.028668,0.24895,0.52264,0.64268,0.65719,0.67274,0.72657,0.78121,0.79605,0.77953,0.77362,0.79054,0.78058,0.74659,0.73481,0.74623,0.76799,0.7894,0.81639,0.85618,0.88759,0.90061,0.91303,0.93149,0.91663,0.81178,0.67041,0.62058,0.72131,0.8664,0.92075,0.88038,0.79187,0.69342,0.58424,0.44595,0.28995,0.17761,0.14246,0.11489,0.032768,-0.07174,0,0,0,0,0,0,0,0,0,0,0,0,0,0,0,0,0,0,0,0,0,0,0,0,0,0,0,0,0,0,0,0,0,-0.01704,-0.036667,-0.037283,-0.032692,-0.014056,0,0,0,0,0,0,0,0,0,0,0,0,0,0,0,0,0,0,0,0,0,0,0,0,0,0,0,0,0,0.0049704,0.034454,0.080527,0.11095,0.10278,0.071736,0.044961,0.032294,0.022729,0.0084808,8.5165e-07,0,0,0,0,0,0,0,0,0,-0.0068393,-0.011399,-0.01962,-0.024328,-0.044368,-0.017184,0.013157,0.026242,0.016188,0,0,0,0,0,0,0,0,0,0,0,0,0,0,0.083747,0.20597,0.27625,0.32498,0.34037,0.27879,0,0,0,0,0,0,0,0,0,0,0,0,0,0,0,0,0,0,0,-0.4737,-0.61163,-0.71176,-0.78563,-0.84121,-0.86535,-0.87334,-0.87681,-0.87997,-0.907,-0.9464,-0.99902,-1.0343,-1.0485,-1.0483,-1.0288,-1.0211,-1.0413,-1.0823,-1.101,-1.0957,-1.0884,-1.0815,-1.0762,-1.0732,-1.0716,-1.0698,-1.0658,-1.0585,-1.0479,-1.0344,-1.017,-0.9935,-0.9628,-0.92523,-0.88257,-0.83701,-0.7897,-0.74113,-0.67988,-0.60691,-0.54487,-0.4919,-0.43656,-0.37985,-0.32307,-0.26727,-0.21282,-0.15938,-0.10638,-0.053545,-0.0010207,0.050858,0.10171,0.15102,0.19797,0.24161,0.28135,0.3174,0.35044,0.38095,0.40895,0.43428,0.45688,0.47666,0.49316,0.50578,0.51429,0.51976,0.52444,0.53005,0.53477,0.53286,0.51971,0.49771,0.47325,0.4497,0.33115,0.29999,0.3604,0.33036,0.30135,0.27234,0.24701,0.22533,0.20366,0.18496,0.16921,0.15347,0.13884,0.12532,0.11181,0.098054,0.084061,0.070067,0.05524,0.039578,0.023918,0.0075813,-0.0094324,-0.026447,-0.043465,-0.060486,-0.077506,-0.094006,-0.10998,-0.12596,-0.14133,-0.15609,-0.17085,-0.18487,-0.19813,-0.21139,-0.22338,-0.23408,-0.24478,-0.25337,-0.25987,-0.26638,-0.27007,-0.27096,-0.27185,-0.26973,-0.2646,-0.25948,-0.25161,-0.241,-0.23039,-0.21758,-0.20257,-0.18756,-0.17107,-0.15309,-0.13511,-0.11623,-0.096429,-0.076634,-0.056416,-0.03577,-0.015125,0.0054235,0.025877,0.046332,0.06624,0.085609,0.10498,0.12338,0.14081,0.15825,0.17431,0.18899,0.20368,0.21673,0.22813,0.23953,0.24914,0.25698,0.26482,0.2707,0.27464,0.27858,0.28044,0.28021,0.27998,0.27781,0.27367,0.26954,0.26394,0.25688,0.24981,0.24199,0.23341,0.22483,0.21616,0.20742,0.19867,0.19034,0.18243,0.17452,0.16673,0.15907,0.1514,0.14326,0.13464,0.12602,0.10143,0.060867,0.020296
0,0,0,0,0,0,0,0,0,0,0,0,0,0,0,0,0,0,0,0,0,0.13102,0.1424,0.15378,0.16902,0.18811,0.2072,0.22572,0.24366,0.2616,0.27777,0.29215,0.30654,0.31735,0.32458,0.33182,0.3343,0.33203,0.32976,0.32289,0.3114,0.29992,0.28538,0.26776,0.25014,0.23173,0.21251,0.1933,0.17539,0.15879,0.14219,0.12761,0.11504,0.10246,0.09118,0.08119,0.071199,0.059365,0.045685,0.032,0.015098,-0.0050167,-0.025133,-0.049625,-0.078484,-0.10734,-0.13807,-0.17066,-0.20324,-0.23571,-0.26804,-0.30038,-0.3285,-0.3524,-0.37629,-0.3981,-0.41781,-0.43753,-0.46143,-0.48952,-0.51762,-0.5539,-0.59837,-0.64285,-0.69267,-0.74784,-0.803,-0.83943,-0.85712,-0.87481,-0.87765,-0.86564,-0.85363,-0.82052,-0.76632,-0.71211,-0.67203,-0.64606,-0.62011,-0.6062,-0.60435,-0.6025,-0.62643,-0.67616,-0.7259,-0.77911,-0.83579,-0.89247,-0.93404,-0.96052,-0.98699,-1.0049,-1.0142,-1.0235,-1.0274,-1.0258,-1.0242,-1.0286,-1.0389,-1.0492,-1.0602,-1.0717,-1.0832,-1.0939,-1.104,-1.114,-1.1213,-1.1258,-1.1304,-1.1308,-1.127,-1.1233,-1.113,-1.0964,-1.0797,-1.0652,-1.053,-1.0408,-1.0221,-0.99689,-0.97167,-0.95403,-0.94396,-0.93389,-0.92196,-0.90819,-0.89481,-0.85839,-0.81869,-0.7988,-0.77404,-0.73501,-0.67806,-0.61206,-0.55112,-0.50452,-0.47355,-0.45322,-0.43579,-0.415,-0.38722,-0.34663,-0.28367,-0.20109,-0.12766,-0.0908,-0.074826,-0.032711,0.057675,0.16405,0.23531,0.26328,0.28524,0.32649,0.37059,0.3876,0.37725,0.36813,0.39542,0.43092,0.37596,0.16141,-0.13307,-0.24295,0.085824,0.75595,1.254,1.1614,0.61835,0.11963,0.0010501,0.21668,0.50051,0.65499,0.68123,0.68152,0.7135,0.75637,0.77783,0.78823,0.81465,0.84947,0.8429,0.79645,0.75332,0.74041,0.76592,0.8083,0.85122,0.88317,0.89134,0.89134,0.91271,0.94329,0.91639,0.799,0.67592,0.66187,0.76488,0.885,0.93029,0.89595,0.81929,0.7203,0.59298,0.43368,0.27077,0.16102,0.12177,0.090867,0.021678,-0.05198,0,0,0,0,0,0,0,0,0,0,0,0,0,0,0,0,0,0,0,0,0,0,0,0,0,0,0,0,0,0,0,0,0,0,-0.016952,-0.019142,-0.036298,-0.030303,-0.013165,-0.0098615,-0.0072459,0,0,0,0,0,0,0,0,0,0,0,0,0,0,0,0,0,0,0,0,0,0,0,0,0,0,0,0.014913,0.073612,0.10481,0.09811,0.074382,0.053473,0.037183,0.024347,0.0099008,0,0,0,0,0,0,0,0,0,0,0,0,0,0,-0.06307,-0.033162,0.0018035,0.017801,0.010925,0,0,0,0,0,0,0,0,0,0,0,0,0,0,0,0.18653,0.25604,0.29647,0.30388,0.2503,0,0,0,0,0,0,0,0,0,0,0,0,0,0,0,0,0,0,0,-0.48887,-0.61202,-0.6941,-0.76131,-0.82165,-0.84774,-0.84901,-0.849,-0.85748,-0.88724,-0.93509,-0.99371,-1.0279,-1.0336,-1.0374,-1.0305,-1.021,-1.0203,-1.059,-1.0961,-1.0922,-1.0856,-1.0807,-1.0776,-1.0762,-1.0757,-1.0747,-1.0715,-1.0647,-1.054,-1.0405,-1.0239,-1.0022,-0.97357,-0.9377,-0.89639,-0.85205,-0.80596,-0.75828,-0.70868,-0.64603,-0.57192,-0.50826,-0.45366,-0.39761,-0.34086,-0.2843,-0.22875,-0.1744,-0.12084,-0.067531,-0.014314,0.038507,0.090347,0.14063,0.18868,0.23361,0.27466,0.31174,0.34549,0.37655,0.40514,0.43125,0.45484,0.47578,0.49349,0.50712,0.51636,0.52234,0.52753,0.53371,0.53891,0.53731,0.52431,0.5024,0.47802,0.45436,0.33337,0.30217,0.36482,0.33478,0.3058,0.27681,0.25147,0.22978,0.20809,0.18937,0.17364,0.1579,0.14337,0.13006,0.11674,0.10337,0.089949,0.076524,0.062476,0.047805,0.033135,0.017916,0.0021501,-0.013619,-0.029475,-0.045413,-0.061353,-0.077022,-0.092428,-0.10783,-0.12287,-0.13754,-0.15221,-0.16629,-0.17979,-0.19329,-0.20558,-0.21667,-0.22775,-0.23672,-0.24359,-0.25045,-0.25448,-0.25568,-0.25688,-0.25512,-0.25039,-0.24566,-0.23825,-0.22816,-0.21807,-0.20579,-0.19133,-0.17686,-0.16087,-0.14333,-0.1258,-0.10729,-0.087796,-0.068305,-0.048326,-0.027856,-0.0073878,0.013025,0.033388,0.053751,0.073561,0.092822,0.11209,0.13034,0.14759,0.16483,0.18068,0.19513,0.20957,0.22237,0.23352,0.24466,0.25401,0.26158,0.26914,0.27475,0.27842,0.28209,0.2837,0.28325,0.28281,0.28044,0.27613,0.27182,0.26603,0.25876,0.25149,0.24341,0.23452,0.22563,0.21664,0.20755,0.19846,0.18974,0.18137,0.17301,0.16481,0.15678,0.14874,0.1402,0.13117,0.12214,0.09802,0.058821,0.01961
0,0,0,0,0,0,0,0,0,0,0,0,0,0,0,0,0,0,0,0,0,0.063105,0.12858,0.13576,0.14947,0.16969,0.18991,0.20946,0.22832,0.24719,0.26422,0.27942,0.29461,0.30661,0.31541,0.3242,0.32864,0.32871,0.32879,0.32439,0.31553,0.30666,0.29463,0.27943,0.26422,0.24791,0.2305,0.21308,0.19626,0.18001,0.16376,0.14906,0.1359,0.12274,0.10987,0.097311,0.084746,0.071243,0.056806,0.042363,0.025737,0.0069349,-0.011874,-0.034849,-0.061975,-0.089104,-0.11935,-0.1527,-0.18605,-0.21911,-0.25186,-0.28463,-0.31392,-0.33974,-0.36555,-0.38946,-0.41147,-0.43346,-0.45913,-0.48846,-0.51778,-0.55392,-0.59688,-0.63985,-0.68729,-0.73922,-0.79114,-0.82772,-0.84895,-0.87016,-0.8753,-0.86435,-0.8534,-0.82198,-0.77011,-0.71823,-0.67964,-0.65432,-0.62903,-0.61438,-0.61038,-0.60639,-0.62542,-0.66748,-0.70953,-0.76243,-0.82618,-0.88993,-0.93497,-0.9613,-0.98763,-1.0046,-1.0123,-1.0199,-1.02,-1.0124,-1.0049,-1.0078,-1.0214,-1.0349,-1.0497,-1.0658,-1.0819,-1.0965,-1.1095,-1.1226,-1.1309,-1.1344,-1.138,-1.136,-1.1284,-1.1208,-1.11,-1.0959,-1.0818,-1.066,-1.0486,-1.0312,-1.0077,-0.97807,-0.94847,-0.92985,-0.92222,-0.9146,-0.90584,-0.89595,-0.88646,-0.85248,-0.81335,-0.79234,-0.76389,-0.72193,-0.66215,-0.6005,-0.55235,-0.51613,-0.49362,-0.48051,-0.4686,-0.44079,-0.3887,-0.3188,-0.23433,-0.14874,-0.098256,-0.10551,-0.125,-0.072592,0.078401,0.24835,0.32603,0.30129,0.27067,0.30224,0.36423,0.38917,0.36669,0.33909,0.39413,0.48633,0.45495,0.25038,-0.0091975,-0.088406,0.14094,0.59689,1.0009,1.0565,0.7431,0.33075,0.11992,0.21737,0.46308,0.6402,0.69585,0.69501,0.70635,0.738,0.77028,0.80477,0.85439,0.90201,0.8941,0.8343,0.7681,0.7358,0.76471,0.82713,0.8834,0.90985,0.90802,0.90513,0.92107,0.92814,0.87867,0.78768,0.73304,0.76951,0.85336,0.91674,0.9349,0.91363,0.864,0.76417,0.59501,0.39427,0.23594,0.15768,0.12792,0.082582,0.0062286,-0.068545,0,0,0,0,0,0,0,0,0,0,0,0,0,0,0,0,0,0,0,0,0,0,0,0,0,0,0,0,0,0,0,0,0,0,0,0,-0.018126,-0.031396,-0.026451,-0.021003,-0.017299,-0.009702,-0.0092819,-0.0087304,0,0,0,0,0,0,0,0,0,0,0,0,0,0,0,0,0,0,0,0,0,0,0,0,0,0.045612,0.085813,0.097385,0.088016,0.073585,0.0548,0.03292,0.011763,-0.0055878,0,0,0,0,0,-0.00094103,-0.0011406,0.00028916,0.00047424,0,0,0,0,-0.076785,-0.042408,-0.0062443,0.011562,0.007342,0,0,0,0,0,0,0,0,0,0,0,0,0,0,0,0.16626,0.2124,0.2451,0.25037,0.21446,0,0,0,0,0,0,0,0,0,0,0,0,0,0,0,0,0,0,0,-0.47757,-0.58996,-0.67222,-0.73861,-0.79717,-0.82721,-0.83208,-0.82903,-0.84219,-0.87315,-0.91874,-0.97173,-1.0044,-1.0142,-1.0263,-1.0336,-1.0224,-1.0193,-1.0384,-1.0746,-1.0894,-1.0832,-1.079,-1.0778,-1.0778,-1.0787,-1.0793,-1.0777,-1.072,-1.0617,-1.0476,-1.0305,-1.0098,-0.98297,-0.94923,-0.90991,-0.86723,-0.8226,-0.77588,-0.72659,-0.6748,-0.61083,-0.5366,-0.47266,-0.41736,-0.36062,-0.30332,-0.24657,-0.19108,-0.13671,-0.082776,-0.028883,0.024637,0.077012,0.12772,0.17645,0.22258,0.26521,0.30383,0.33875,0.37062,0.39991,0.42682,0.4514,0.47338,0.49209,0.50659,0.51658,0.52334,0.52947,0.53662,0.54249,0.54109,0.5281,0.50636,0.48223,0.45871,0.33555,0.30436,0.36924,0.33921,0.31024,0.28128,0.25594,0.23422,0.21251,0.19379,0.17806,0.16233,0.14791,0.13479,0.12168,0.1087,0.095837,0.082979,0.06971,0.056032,0.042353,0.02825,0.013731,-0.00079082,-0.015483,-0.03034,-0.045195,-0.060038,-0.074872,-0.089707,-0.10441,-0.11899,-0.13357,-0.14772,-0.16145,-0.17518,-0.18779,-0.19926,-0.21073,-0.22008,-0.2273,-0.23452,-0.23889,-0.24041,-0.24192,-0.24051,-0.23617,-0.23184,-0.22489,-0.21532,-0.20575,-0.19401,-0.18009,-0.16617,-0.15066,-0.13358,-0.11649,-0.098348,-0.079161,-0.059974,-0.040235,-0.019945,0.00034437,0.020626,0.0409,0.06117,0.080883,0.10004,0.11919,0.1373,0.15436,0.17142,0.18705,0.20126,0.21546,0.22801,0.2389,0.24979,0.25888,0.26617,0.27346,0.2788,0.2822,0.28559,0.28696,0.2863,0.28564,0.28306,0.27858,0.2741,0.26812,0.26065,0.25317,0.24483,0.23564,0.22644,0.21713,0.20769,0.19825,0.18913,0.18032,0.17151,0.1629,0.15448,0.14607,0.13715,0.1277,0.11826,0.094622,0.056785,0.0096367
0,0,0,0,0,0,0,0,0,0,0,0,0,0,0,0,0,0,0,0,0,0,0.11568,0.12122,0.13393,0.1538,0.17369,0.19333,0.21273,0.23213,0.24988,0.26597,0.28205,0.29531,0.30573,0.31614,0.32251,0.32483,0.32715,0.32515,0.31881,0.31248,0.30293,0.29016,0.2774,0.26324,0.24768,0.23211,0.21657,0.20105,0.18552,0.17094,0.15729,0.14364,0.12962,0.11524,0.10085,0.08598,0.070625,0.055271,0.038694,0.020897,0.0030917,-0.018691,-0.044444,-0.070196,-0.099781,-0.13319,-0.1666,-0.19992,-0.23316,-0.2664,-0.29682,-0.32442,-0.35202,-0.37793,-0.40216,-0.42639,-0.45377,-0.4843,-0.51484,-0.55101,-0.59283,-0.63464,-0.67881,-0.72534,-0.77185,-0.80724,-0.83148,-0.85574,-0.86383,-0.85575,-0.84767,-0.82136,-0.77681,-0.73227,-0.69785,-0.67356,-0.64928,-0.63374,-0.62693,-0.62013,-0.63454,-0.67015,-0.70578,-0.75466,-0.81679,-0.87891,-0.92282,-0.9485,-0.97417,-0.99046,-0.99738,-1.0043,-1.0043,-0.99744,-0.99055,-0.99565,-1.0127,-1.0298,-1.0487,-1.0693,-1.09,-1.1079,-1.123,-1.1382,-1.1466,-1.1482,-1.1499,-1.1449,-1.1334,-1.1218,-1.1071,-1.0892,-1.0713,-1.0523,-1.0321,-1.0119,-0.98695,-0.95735,-0.92774,-0.90954,-0.90274,-0.89594,-0.88861,-0.88075,-0.87289,-0.84364,-0.80941,-0.78789,-0.74899,-0.69887,-0.6442,-0.59322,-0.55948,-0.53818,-0.52605,-0.51435,-0.49789,-0.45757,-0.3826,-0.28731,-0.18666,-0.1079,-0.084789,-0.12129,-0.15443,-0.089727,0.096231,0.30018,0.38228,0.32777,0.25721,0.26339,0.318,0.34576,0.33589,0.33738,0.4378,0.56075,0.51497,0.32091,0.14951,0.13135,0.25814,0.46509,0.72225,0.88762,0.78869,0.50157,0.26522,0.24779,0.41995,0.60543,0.69356,0.70809,0.70939,0.72987,0.76611,0.81371,0.87772,0.93991,0.94431,0.87141,0.78286,0.74648,0.77889,0.84896,0.90926,0.93425,0.93276,0.92905,0.92645,0.89982,0.84182,0.79941,0.82058,0.89016,0.94032,0.94634,0.94069,0.93921,0.9135,0.79934,0.57646,0.33918,0.20831,0.18242,0.16389,0.090207,-0.017879,-0.11092,0,0,0,0,0,0,0,0,0,0,0,0,0,0,0,0,0,0,0,0,0,0,0,0,0,0,0,0,0,0,0,0,0,0,0,0,0,-0.015149,-0.024885,-0.022447,-0.021341,-0.021099,-0.020638,-0.019535,-0.0091303,0,0,0,0,0,0,0,0,0,0,0,0,0,0,0,0,0,0,0,0,0,0,0,0,0.010276,0.058024,0.09328,0.10183,0.096146,0.076008,0.044722,0.014067,-0.012912,0,0,0,0,0,-0.0044036,-0.0052608,-0.003899,-0.0097393,-0.01076,0,0,0,-0.07123,-0.038785,-0.0094142,0.0015619,-5.511e-06,0,0,0,0,0,0,0,0,0,0,0,0,0,0,0,0.13805,0.15962,0.18654,0.18196,0.13635,0.031961,0,0,0,0,0,0,0,0,0,0,0,0,0,0,0,0,0,-0.15233,-0.4346,-0.53985,-0.63796,-0.71504,-0.77276,-0.80743,-0.81068,-0.81244,-0.82814,-0.8593,-0.90806,-0.94678,-0.98,-1.0047,-1.0224,-1.0331,-1.0228,-1.0197,-1.0207,-1.0365,-1.0682,-1.0818,-1.0782,-1.0772,-1.0778,-1.0796,-1.0819,-1.0825,-1.0788,-1.0694,-1.0549,-1.037,-1.0162,-0.99091,-0.95971,-0.92308,-0.88298,-0.84038,-0.79438,-0.74464,-0.69247,-0.63927,-0.56607,-0.49321,-0.43897,-0.38224,-0.3241,-0.26614,-0.20949,-0.15417,-0.099503,-0.044998,0.0090027,0.061636,0.11244,0.16146,0.20849,0.25273,0.29329,0.32991,0.36302,0.39325,0.42109,0.44668,0.46965,0.48918,0.50435,0.51507,0.52282,0.53024,0.5387,0.54548,0.54431,0.53119,0.50944,0.48546,0.46204,0.33722,0.30599,0.37246,0.34246,0.31359,0.28472,0.2595,0.23793,0.21636,0.19782,0.18229,0.16676,0.15263,0.13988,0.12714,0.11466,0.10244,0.09022,0.077735,0.06499,0.052243,0.039145,0.025695,0.012242,-0.0014836,-0.01548,-0.029477,-0.043682,-0.058097,-0.072516,-0.086972,-0.10147,-0.11596,-0.1301,-0.1439,-0.15769,-0.1704,-0.18201,-0.19363,-0.20313,-0.21051,-0.2179,-0.22248,-0.22424,-0.226,-0.22493,-0.22102,-0.21711,-0.21068,-0.20172,-0.19276,-0.18165,-0.16839,-0.15513,-0.14022,-0.12366,-0.1071,-0.089403,-0.070571,-0.051741,-0.032288,-0.012216,0.0078538,0.027957,0.048095,0.068229,0.087805,0.10682,0.12584,0.14379,0.16065,0.17751,0.19291,0.20685,0.22079,0.23306,0.24367,0.25427,0.26306,0.27006,0.27705,0.2821,0.28523,0.28836,0.28949,0.28862,0.28775,0.285,0.28036,0.27572,0.26957,0.26191,0.25426,0.2457,0.23625,0.22679,0.21716,0.20735,0.19754,0.18798,0.17867,0.16936,0.16026,0.15138,0.1425,0.13317,0.1234,0.11362,0.090622,0.054381,0
0,0,0,0,0,0,0,0,0,0,0,0,0,0,0,0,0,0,0,0,0,0,0.10371,0.11015,0.1224,0.14045,0.15852,0.17733,0.19688,0.21643,0.23473,0.25179,0.26885,0.28343,0.29554,0.30764,0.31592,0.32039,0.32485,0.32514,0.32125,0.31736,0.31026,0.29997,0.28968,0.2777,0.26405,0.25038,0.23634,0.2219,0.20746,0.19323,0.17921,0.16518,0.15043,0.13498,0.11952,0.10357,0.087147,0.070722,0.053965,0.036865,0.019761,-0.0011553,-0.025881,-0.050609,-0.079356,-0.11212,-0.14489,-0.17816,-0.21194,-0.24571,-0.27722,-0.30645,-0.33568,-0.3635,-0.3899,-0.41631,-0.44535,-0.47706,-0.50877,-0.54515,-0.5862,-0.62724,-0.66724,-0.70618,-0.74512,-0.77798,-0.80475,-0.83152,-0.84322,-0.83984,-0.83645,-0.81865,-0.78643,-0.75422,-0.72666,-0.70375,-0.68085,-0.66426,-0.65398,-0.6437,-0.65377,-0.68419,-0.71462,-0.75576,-0.80759,-0.85942,-0.8976,-0.92211,-0.94662,-0.96244,-0.96957,-0.97669,-0.98045,-0.98085,-0.98125,-0.99197,-1.013,-1.034,-1.0571,-1.0823,-1.1074,-1.1281,-1.1444,-1.1606,-1.1682,-1.1671,-1.166,-1.1577,-1.142,-1.1264,-1.1045,-1.0764,-1.0482,-1.0239,-1.0034,-0.98285,-0.95997,-0.93473,-0.9095,-0.89309,-0.88551,-0.87793,-0.87029,-0.8626,-0.85491,-0.83278,-0.8063,-0.78525,-0.73874,-0.68301,-0.63943,-0.60322,-0.58265,-0.57434,-0.56346,-0.53569,-0.49322,-0.44342,-0.37901,-0.28954,-0.18243,-0.095902,-0.071908,-0.10957,-0.1415,-0.077422,0.095197,0.28272,0.37409,0.3475,0.27075,0.22798,0.24123,0.26615,0.30383,0.38497,0.53187,0.62994,0.52241,0.30052,0.17102,0.20969,0.34425,0.50733,0.6654,0.76755,0.74312,0.57385,0.37571,0.29529,0.37958,0.5514,0.67643,0.71521,0.71726,0.72621,0.75834,0.81203,0.88389,0.95304,0.97151,0.90947,0.81616,0.77461,0.80411,0.86989,0.92955,0.95837,0.9622,0.95419,0.93002,0.88203,0.83428,0.83623,0.9047,0.97937,0.99694,0.97108,0.95656,0.96625,0.93543,0.78566,0.53009,0.30543,0.23029,0.24897,0.2183,0.096559,-0.054306,-0.068947,0,0,0,0,0,0,0,0,0,0,0,0,0,0,0,0,0,0,0,0,0,0,0,0,0,0,0,0,0,0,0,0,0,0,0,0,0,0,-0.011599,-0.020715,-0.022478,-0.024062,-0.023691,-0.022158,-0.019555,-0.010156,-0.010771,-0.01266,0,0,0,0,0,0,0,0,0,0,0,0,0,0,0,0,0,0,0,0,0,0,0.036352,0.084873,0.11052,0.11366,0.094636,0.059891,0.022143,-0.010578,0,0,0,-0.0052912,-0.0067451,-0.0115,-0.013343,-0.018286,-0.031942,-0.01076,0,0,0,-0.030606,-0.025024,-0.0082493,0,0,0,0,0,0,0,0,0,0,0,0,0,0,0,0,0,0.09616,0.11209,0.12735,0.11149,0.068004,0.063874,0,0,0,0,0,0,0,0,0,0,0,0,0,0,0,-0.065771,-0.11261,-0.30449,-0.39326,-0.48993,-0.58845,-0.67575,-0.74767,-0.7893,-0.79433,-0.80093,-0.81611,-0.84514,-0.88827,-0.92387,-0.96671,-0.99342,-1.0015,-1.0157,-1.0216,-1.021,-1.0223,-1.0184,-1.0488,-1.082,-1.0794,-1.077,-1.0766,-1.0783,-1.0812,-1.0837,-1.0827,-1.075,-1.0607,-1.0423,-1.0214,-0.99738,-0.96846,-0.93483,-0.88453,-0.83131,-0.80018,-0.76318,-0.70976,-0.65685,-0.5854,-0.51456,-0.46171,-0.40504,-0.34608,-0.28708,-0.22943,-0.17324,-0.11787,-0.06284,-0.0084646,0.044394,0.095246,0.14437,0.19199,0.23758,0.28008,0.31876,0.35359,0.38516,0.41413,0.44074,0.46462,0.48488,0.5007,0.51218,0.52102,0.52983,0.53978,0.54769,0.547,0.53385,0.51193,0.4879,0.46442,0.33839,0.30703,0.37449,0.34453,0.31583,0.28714,0.26215,0.24089,0.21963,0.20144,0.18632,0.1712,0.15753,0.14533,0.13313,0.12127,0.10976,0.098243,0.086551,0.074682,0.062811,0.050599,0.038043,0.025482,0.012521,-0.00083819,-0.0142,-0.027958,-0.042109,-0.056267,-0.07055,-0.084961,-0.099368,-0.11342,-0.12712,-0.14082,-0.15342,-0.16494,-0.17645,-0.18588,-0.19324,-0.20059,-0.20524,-0.20718,-0.20912,-0.20836,-0.20492,-0.20148,-0.19562,-0.18736,-0.1791,-0.16873,-0.15624,-0.14375,-0.12953,-0.11358,-0.09764,-0.080454,-0.062026,-0.043597,-0.024479,-0.0046693,0.015137,0.035015,0.054972,0.074927,0.094328,0.11318,0.13204,0.14979,0.16644,0.18309,0.19824,0.21191,0.22557,0.23753,0.24781,0.25808,0.26656,0.27323,0.27989,0.28466,0.28752,0.29038,0.29128,0.29022,0.28917,0.28625,0.28146,0.27668,0.27038,0.26257,0.25475,0.24601,0.23635,0.22669,0.21675,0.20654,0.19634,0.1863,0.17643,0.16656,0.15691,0.14746,0.13801,0.12828,0.11826,0.10824,0.086029,0.051623,0.0083756
0,0,0,0,0,0,0,0,0,0,0,0,0,0,0,0,0,0,0,0,0,0,0.091731,0.099072,0.11087,0.12711,0.14336,0.16133,0.18102,0.20072,0.21959,0.23761,0.25565,0.27156,0.28535,0.29913,0.30933,0.31594,0.32255,0.32513,0.32369,0.32224,0.3176,0.30978,0.30196,0.29217,0.28042,0.26865,0.2561,0.24275,0.22939,0.21552,0.20111,0.18671,0.17124,0.15471,0.13818,0.12117,0.10367,0.08618,0.069234,0.052832,0.03643,0.01638,-0.0073183,-0.031015,-0.058923,-0.09105,-0.12318,-0.1564,-0.19071,-0.22502,-0.25761,-0.28847,-0.31933,-0.34905,-0.37764,-0.40622,-0.43695,-0.46983,-0.50271,-0.53929,-0.57957,-0.61985,-0.65567,-0.68703,-0.7184,-0.74873,-0.77802,-0.80731,-0.82262,-0.82393,-0.82524,-0.81595,-0.79605,-0.77616,-0.75545,-0.73393,-0.71242,-0.69478,-0.68103,-0.66727,-0.67301,-0.69824,-0.72347,-0.75686,-0.7984,-0.83993,-0.87238,-0.89573,-0.91907,-0.93442,-0.94175,-0.94909,-0.9566,-0.96428,-0.97196,-0.9883,-1.0133,-1.0383,-1.0656,-1.0952,-1.1249,-1.1484,-1.1657,-1.1831,-1.1898,-1.186,-1.1822,-1.1704,-1.1507,-1.1309,-1.1019,-1.0635,-1.0252,-0.99557,-0.9747,-0.95385,-0.93298,-0.91212,-0.89125,-0.87663,-0.86827,-0.85992,-0.85198,-0.84445,-0.83693,-0.82132,-0.80234,-0.7766,-0.73385,-0.68873,-0.64828,-0.61786,-0.59878,-0.58908,-0.57077,-0.52489,-0.46159,-0.41198,-0.37759,-0.31938,-0.22219,-0.12001,-0.06998,-0.083662,-0.10281,-0.054681,0.069902,0.21668,0.32505,0.35847,0.30479,0.21945,0.17124,0.18688,0.29147,0.47524,0.65662,0.70215,0.52732,0.22325,0.018324,0.067854,0.33133,0.63869,0.80596,0.79281,0.70172,0.57695,0.42606,0.33157,0.35855,0.50488,0.65308,0.71183,0.71999,0.72048,0.74572,0.80227,0.878,0.94423,0.96386,0.92639,0.84927,0.79912,0.82186,0.88658,0.94954,0.98296,0.98772,0.97057,0.9319,0.88154,0.85338,0.88017,0.95857,1.0201,1.0188,0.98919,0.98116,0.98607,0.91826,0.71675,0.46392,0.31685,0.31629,0.33967,0.25673,0.077235,-0.09803,0,0,0,0,0,0,0,0,0,0,0,0,0,0,0,0,0,0,0,0,0,0,0,0,0,0,0,0,0,0,0,0,0,0,0,0,0,0,0,0,-0.0094101,-0.01119,-0.024618,-0.024496,-0.022891,-0.02141,-0.020912,-0.022413,-0.025676,0,0,0,0,0,0,0,0,0,0,0,0,0,0,0,0,0,0,0,0,0,0,0.012992,0.070487,0.11148,0.12269,0.11151,0.080416,0.04008,0.0048833,-0.0049541,-0.013254,-0.016755,-0.021708,-0.022105,-0.022064,-0.023203,-0.031411,-0.044636,0,0,0,0,0,-0.0083791,-0.0021696,0,0,0,0,0,0,0,0,0,0,0,0,0,0,0,0,0,0.058777,0.078828,0.083202,0.065376,0.05051,0.055956,0,0,0,0,0,0,0,0,0,0,0,0,0,0,0,-0.065771,-0.11261,-0.30126,-0.35569,-0.43287,-0.53227,-0.63368,-0.71662,-0.76375,-0.7833,-0.79118,-0.80325,-0.83358,-0.86339,-0.89712,-0.94857,-0.9763,-0.97679,-0.99706,-1.0201,-1.0223,-1.0229,-1.0196,-1.0321,-1.0651,-1.0809,-1.0773,-1.0751,-1.0752,-1.0775,-1.0813,-1.0823,-1.0762,-1.063,-1.0453,-1.0252,-1.0023,-0.97502,-0.93076,-0.871,-0.82153,-0.79241,-0.76831,-0.72685,-0.67386,-0.60396,-0.53535,-0.48392,-0.42752,-0.36813,-0.30849,-0.25022,-0.19344,-0.1375,-0.081961,-0.027196,0.025968,0.077046,0.12633,0.17431,0.22083,0.26497,0.30571,0.34261,0.37593,0.40627,0.43389,0.45859,0.47961,0.49622,0.50857,0.5184,0.52847,0.53992,0.54919,0.54925,0.53619,0.51418,0.49008,0.46655,0.33942,0.30803,0.37651,0.3466,0.31807,0.28955,0.2648,0.24385,0.2229,0.20506,0.19034,0.17563,0.16244,0.15078,0.13912,0.12789,0.11708,0.10627,0.095369,0.084376,0.073379,0.062049,0.050386,0.038722,0.026528,0.013804,0.001077,-0.012233,-0.026123,-0.040017,-0.054128,-0.068452,-0.082774,-0.096736,-0.11034,-0.12395,-0.13645,-0.14786,-0.15927,-0.16863,-0.17596,-0.18328,-0.188,-0.19012,-0.19223,-0.1918,-0.18882,-0.18584,-0.18057,-0.17301,-0.16545,-0.15581,-0.14408,-0.13236,-0.11883,-0.10351,-0.08818,-0.071505,-0.053479,-0.035452,-0.01667,0.0028725,0.022418,0.042076,0.061852,0.081628,0.10086,0.11954,0.13823,0.15579,0.17222,0.18866,0.20357,0.21696,0.23034,0.24201,0.25195,0.2619,0.27005,0.27639,0.28274,0.28721,0.2898,0.29239,0.29307,0.29182,0.29058,0.28749,0.28257,0.27764,0.27119,0.26322,0.25524,0.24632,0.23645,0.22658,0.21634,0.20573,0.19513,0.18461,0.17419,0.16377,0.15355,0.14354,0.13352,0.12338,0.11312,0.10285,0.081433,0.048862,0.01629
0,0,0,0,0,0,0,0,0,0,0,0,0,0,0,0,0,0,0,0,0,0,0.084203,0.09071,0.10119,0.11565,0.1301,0.14695,0.1662,0.18545,0.20445,0.22321,0.24198,0.25902,0.27434,0.28966,0.30166,0.31032,0.31899,0.32379,0.32471,0.32563,0.32337,0.31792,0.31248,0.30486,0.29506,0.28526,0.27426,0.26208,0.24989,0.23664,0.22231,0.20798,0.19235,0.17542,0.1585,0.14097,0.12284,0.10471,0.087518,0.071272,0.055025,0.035706,0.013316,-0.0090666,-0.03603,-0.067586,-0.099145,-0.13239,-0.16732,-0.20225,-0.23592,-0.26833,-0.30074,-0.33218,-0.36262,-0.39307,-0.42505,-0.45857,-0.49209,-0.52841,-0.56751,-0.60662,-0.64084,-0.67018,-0.69953,-0.72902,-0.75866,-0.7883,-0.80582,-0.81123,-0.81662,-0.81343,-0.80164,-0.78984,-0.77462,-0.75595,-0.73728,-0.72181,-0.70953,-0.69725,-0.70088,-0.72041,-0.73996,-0.76598,-0.79848,-0.83099,-0.85755,-0.87815,-0.89876,-0.91305,-0.92103,-0.929,-0.93959,-0.95282,-0.96604,-0.9868,-1.0151,-1.0434,-1.0734,-1.1053,-1.1371,-1.1614,-1.1782,-1.1951,-1.2004,-1.1942,-1.188,-1.1733,-1.1502,-1.127,-1.0924,-1.0464,-1.0004,-0.96628,-0.94406,-0.92185,-0.9025,-0.88601,-0.86952,-0.85758,-0.8502,-0.84282,-0.83546,-0.82812,-0.82077,-0.80997,-0.79766,-0.76911,-0.7324,-0.6935,-0.65072,-0.6242,-0.6066,-0.59274,-0.56225,-0.49926,-0.42752,-0.38044,-0.36224,-0.33666,-0.26912,-0.17094,-0.099077,-0.081458,-0.080487,-0.048567,0.039887,0.16581,0.28495,0.35297,0.32874,0.23314,0.14334,0.14443,0.27765,0.51444,0.74812,0.80954,0.59571,0.17473,-0.18897,-0.1783,0.24395,0.73232,0.97939,0.94079,0.75104,0.58104,0.44625,0.34989,0.35217,0.46329,0.61314,0.7001,0.71369,0.71107,0.73178,0.78778,0.86208,0.92256,0.94372,0.92124,0.86541,0.81781,0.83233,0.89994,0.96755,1.0031,1.0031,0.97497,0.92998,0.88833,0.87852,0.91441,0.97885,1.0269,1.0267,1.0065,1.0035,0.983,0.8638,0.62415,0.40919,0.3617,0.42054,0.41116,0.25712,0.037161,-0.13381,0,0,0,0,0,0,0,0,0,0,0,0,0,0,0,0,0,0,0,0,0,0,0,0,0,0,0,0,0,0,0,0,0,0,0,0,0,0,0,0,0,0,-0.011952,-0.023458,-0.023285,-0.022095,-0.021417,-0.022522,-0.024997,-0.012227,0,0,0,0,0,0,0,0,0,0,0,0,0,0,0,0,0,0,0,0,0,0,0.06176,0.10462,0.12695,0.12372,0.10396,0.068779,0.030821,-0.0023548,-0.027495,-0.040973,-0.044034,-0.039144,-0.030964,-0.027092,-0.028778,-0.03766,0,0,0,0,0,0,0.0011568,0,0,0,0,0,0,0,0,0,0,0,0,0,0,0,0,0,0.019664,0.054626,0.055667,0.04705,0.0482,0.046244,0,0,0,0,0,0,0,0,0,0,0,0,0,0,0,0,0,-0.28599,-0.32364,-0.38117,-0.47485,-0.58682,-0.67462,-0.72757,-0.75916,-0.77258,-0.78696,-0.81754,-0.84217,-0.87415,-0.92645,-0.9573,-0.96419,-0.98048,-1.0073,-1.0212,-1.0213,-1.0194,-1.0154,-1.0488,-1.0827,-1.0779,-1.0731,-1.0704,-1.0721,-1.0765,-1.078,-1.0729,-1.0614,-1.0454,-1.0269,-1.0053,-0.97919,-0.9243,-0.86901,-0.83688,-0.7966,-0.76009,-0.71958,-0.66836,-0.61092,-0.55435,-0.50404,-0.4483,-0.38931,-0.32974,-0.27123,-0.21405,-0.15766,-0.1017,-0.04653,0.0070956,0.058682,0.10837,0.15666,0.20372,0.24897,0.29151,0.3306,0.36599,0.39785,0.42654,0.45208,0.47396,0.49152,0.50484,0.51563,0.52678,0.53952,0.55014,0.55115,0.53825,0.51573,0.49111,0.46739,0.33982,0.30838,0.37717,0.34736,0.31912,0.29087,0.26654,0.24615,0.22575,0.20855,0.19453,0.18051,0.16803,0.15709,0.14615,0.13564,0.12555,0.11547,0.10529,0.095023,0.084754,0.074091,0.063037,0.051985,0.040287,0.027943,0.015598,0.0025765,-0.011123,-0.024824,-0.038764,-0.05294,-0.067115,-0.080883,-0.094241,-0.1076,-0.11981,-0.1309,-0.14198,-0.15108,-0.15822,-0.16536,-0.17007,-0.17235,-0.17462,-0.17452,-0.17205,-0.16958,-0.16494,-0.15813,-0.15132,-0.14246,-0.13156,-0.12064,-0.10786,-0.09321,-0.078557,-0.062453,-0.044894,-0.027334,-0.008944,0.010282,0.029512,0.04889,0.068417,0.087945,0.10692,0.12536,0.14379,0.16109,0.17726,0.19343,0.20806,0.22116,0.23426,0.24563,0.25526,0.26489,0.27272,0.27876,0.28479,0.28896,0.29128,0.29359,0.29402,0.29256,0.29109,0.28781,0.28272,0.27762,0.27101,0.26289,0.25478,0.24569,0.23563,0.22557,0.21505,0.20408,0.19311,0.18213,0.17115,0.16017,0.14938,0.13878,0.12819,0.11759,0.10699,0.096388,0.07591,0.045548,0.015188
0,0,0,0,0,0,0,0,0,0,0,0,0,0,0,0,0.015221,0,0,0,0,0,0.081122,0.085063,0.093377,0.10607,0.11876,0.13421,0.15241,0.17061,0.18933,0.20857,0.22782,0.24581,0.26252,0.27924,0.29291,0.30354,0.31417,0.32109,0.32431,0.32753,0.32756,0.3244,0.32124,0.31577,0.30798,0.30019,0.29083,0.27989,0.26896,0.25659,0.24279,0.22898,0.21375,0.19711,0.18047,0.16298,0.14464,0.12631,0.10882,0.092184,0.075543,0.056821,0.036024,0.015232,-0.010678,-0.041728,-0.07278,-0.10613,-0.14177,-0.17741,-0.21217,-0.24604,-0.27992,-0.31286,-0.34486,-0.37685,-0.40966,-0.4433,-0.47693,-0.51252,-0.55003,-0.58755,-0.62276,-0.65563,-0.68852,-0.71887,-0.74668,-0.77449,-0.79284,-0.80173,-0.81061,-0.8111,-0.80319,-0.79528,-0.78415,-0.76979,-0.75543,-0.74533,-0.73947,-0.73362,-0.73737,-0.75072,-0.76407,-0.78311,-0.80784,-0.83258,-0.85309,-0.86938,-0.88567,-0.89834,-0.90738,-0.91641,-0.92944,-0.94648,-0.96351,-0.98749,-1.0184,-1.0493,-1.0807,-1.1124,-1.1441,-1.1673,-1.1819,-1.1966,-1.1999,-1.1917,-1.1834,-1.1664,-1.1406,-1.1147,-1.0762,-1.0251,-0.97392,-0.93605,-0.91145,-0.88686,-0.86851,-0.8564,-0.8443,-0.83592,-0.83128,-0.82664,-0.82074,-0.81359,-0.80644,-0.79931,-0.78456,-0.76075,-0.73172,-0.69438,-0.65872,-0.63402,-0.6185,-0.60076,-0.55817,-0.48214,-0.40487,-0.35608,-0.33796,-0.33005,-0.29493,-0.22451,-0.15371,-0.11346,-0.089481,-0.049844,0.033153,0.15726,0.2717,0.32959,0.31385,0.23401,0.15074,0.14772,0.27106,0.50177,0.78101,0.90645,0.69118,0.18484,-0.31513,-0.37507,0.11475,0.75021,1.1036,1.0762,0.83852,0.61698,0.46635,0.36963,0.35245,0.42696,0.5557,0.66592,0.70204,0.6997,0.71847,0.77095,0.84,0.89635,0.91859,0.90235,0.86484,0.82986,0.84358,0.91073,0.9772,1.0116,1.0057,0.96882,0.92157,0.89032,0.89639,0.93833,0.98802,1.0211,1.0269,1.0199,1.0099,0.95091,0.79198,0.56305,0.41348,0.42402,0.47752,0.41277,0.21422,-0.0060641,-0.14723,0,0,0,0,0,0,0,0,0,0,0,0,0,0,0,0,0,0,0,0,0,0,0,0,0,0,0,0,0,0,0,0,0,0,0,0,0,0,0,0,0,0,0,-0.020241,-0.023218,-0.021822,-0.020635,-0.020543,-0.021797,-0.022649,-0.011341,-0.010823,-0.0093033,0,0,0,0,0,0,0,0,0,0,0,0,0,0,0,0,0,0,0,0.056998,0.094149,0.12646,0.13302,0.12391,0.09777,0.057555,0.011158,-0.03226,-0.061335,-0.067469,-0.052296,-0.029259,-0.016313,-0.011464,-0.014753,0,0,0,0,0,0,0,0,0,0,0,0,0,0,0,0,0,0,0,0,0,0,0,0,0,0.032769,0.034888,0.035097,0.026569,0.0222,0,0,0,0,0,0,0,0,0,0,0,0,0,0,0,0,0,-0.26579,-0.29376,-0.34198,-0.42583,-0.52973,-0.61919,-0.68916,-0.73542,-0.758,-0.77546,-0.79264,-0.81385,-0.85277,-0.89591,-0.93106,-0.95514,-0.96637,-0.98382,-1.0072,-1.0177,-1.0175,-1.0162,-1.0508,-1.0844,-1.0778,-1.07,-1.0656,-1.0667,-1.0709,-1.0718,-1.0666,-1.0566,-1.0432,-1.0269,-1.0066,-0.98178,-0.92973,-0.8778,-0.84836,-0.81079,-0.76386,-0.71276,-0.66371,-0.61782,-0.57179,-0.52192,-0.46733,-0.40966,-0.3509,-0.29247,-0.23493,-0.17817,-0.12193,-0.066377,-0.012129,0.04024,0.09064,0.1394,0.18681,0.23276,0.27669,0.31774,0.35515,0.38867,0.4186,0.44515,0.46805,0.48668,0.50104,0.51279,0.52488,0.53869,0.5505,0.55249,0.53976,0.51652,0.49114,0.46708,0.33963,0.30805,0.37647,0.3468,0.31895,0.2911,0.26737,0.24779,0.22821,0.2119,0.19886,0.18583,0.17429,0.16425,0.15421,0.14452,0.13517,0.12583,0.11632,0.10663,0.096937,0.086728,0.076,0.065272,0.053799,0.041581,0.029364,0.016468,0.002888,-0.010693,-0.024464,-0.03843,-0.052393,-0.065857,-0.078815,-0.091768,-0.10352,-0.11405,-0.12459,-0.13325,-0.14005,-0.14684,-0.15144,-0.15386,-0.15627,-0.15652,-0.15461,-0.15271,-0.14875,-0.14274,-0.13674,-0.12871,-0.11865,-0.1086,-0.096609,-0.08269,-0.068771,-0.053298,-0.03627,-0.01924,-0.0012984,0.017559,0.03642,0.055454,0.074661,0.093868,0.11252,0.13063,0.14873,0.1657,0.18154,0.19739,0.21171,0.22452,0.23733,0.2484,0.25773,0.26707,0.27459,0.28032,0.28604,0.28991,0.29194,0.29397,0.29413,0.29242,0.29071,0.28721,0.28192,0.27663,0.26986,0.26161,0.25335,0.24411,0.23388,0.22365,0.21288,0.20158,0.19029,0.17886,0.16731,0.15576,0.14439,0.13319,0.122,0.11089,0.099872,0.088854,0.069457,0.041679,0.013899
0,0,0,0,0,0,0,0,0,0,0,0,0,0,0,0,0.038046,0,0,0,0,0,0.07804,0.079415,0.085566,0.096492,0.10742,0.12146,0.13862,0.15577,0.17421,0.19394,0.21367,0.23259,0.2507,0.26881,0.28416,0.29675,0.30934,0.3184,0.32391,0.32943,0.33175,0.33088,0.33,0.32668,0.3209,0.31512,0.30739,0.2977,0.28802,0.27654,0.26326,0.24998,0.23515,0.21879,0.20243,0.18498,0.16645,0.14792,0.13013,0.11309,0.096057,0.077935,0.058733,0.039535,0.014673,-0.015872,-0.046417,-0.079864,-0.11621,-0.15256,-0.18841,-0.22375,-0.2591,-0.29354,-0.32708,-0.36061,-0.39426,-0.42802,-0.46177,-0.49661,-0.53255,-0.56848,-0.60466,-0.64107,-0.67749,-0.7087,-0.73469,-0.76068,-0.77986,-0.79223,-0.8046,-0.80877,-0.80475,-0.80072,-0.79368,-0.78364,-0.77359,-0.76885,-0.76942,-0.76999,-0.77386,-0.78102,-0.78818,-0.80024,-0.8172,-0.83417,-0.84864,-0.86062,-0.87259,-0.88363,-0.89373,-0.90383,-0.9193,-0.94014,-0.96098,-0.98819,-1.0217,-1.0553,-1.0879,-1.1195,-1.151,-1.1731,-1.1857,-1.1982,-1.1994,-1.1891,-1.1789,-1.1595,-1.1309,-1.1024,-1.06,-1.0037,-0.94745,-0.90582,-0.87885,-0.85188,-0.83453,-0.8268,-0.81908,-0.81427,-0.81236,-0.81046,-0.80603,-0.79906,-0.7921,-0.78791,-0.77021,-0.75181,-0.73177,-0.70385,-0.68209,-0.6579,-0.63503,-0.6057,-0.55422,-0.47555,-0.39355,-0.34288,-0.32718,-0.32294,-0.30365,-0.25847,-0.20201,-0.14951,-0.097954,-0.030019,0.059909,0.17069,0.26113,0.2938,0.27635,0.22159,0.16783,0.17054,0.28006,0.49417,0.77722,0.92634,0.73078,0.23255,-0.28291,-0.39552,0.037472,0.69295,1.1063,1.1116,0.88282,0.64876,0.49257,0.39766,0.36742,0.41953,0.51819,0.63037,0.69065,0.69035,0.70614,0.75367,0.81833,0.87163,0.89083,0.87494,0.84955,0.83334,0.85606,0.9186,0.97728,1.0072,0.99754,0.9568,0.90963,0.88715,0.90679,0.95428,0.99642,1.0183,1.0241,1.0223,0.99703,0.90486,0.73978,0.56878,0.48739,0.49083,0.46718,0.33741,0.13739,-0.043907,-0.14565,0,0,0,0,0,0,0,0,0,0,0,0,0,0,0,0,0,0,0,0,0,0,0,0,0,0,0,0,0,0,0,0,0,0,0,0,0,0,0,0,0,0,0,-0.0089444,-0.021197,-0.020488,-0.018858,-0.017988,-0.018069,-0.019314,-0.020943,-0.020921,-0.019802,-0.011032,-0.011356,0,0,0,0,0,0,0,0,0,0,0,0,0,0,0,0,0,0.025844,0.070736,0.11537,0.13834,0.13396,0.11593,0.077926,0.020801,-0.040107,-0.085464,-0.091325,-0.059835,-0.013773,0.014108,0,0,0,0,0,0,0,0,0,0,0,0,0,0,0,0,0,0,0,0,0,0,0,0,0,0,0,0.01092,0.013141,0.01321,0,0,0,0,0,0,0,0,0,0,0,0,0,0,0,0,0,0,0,-0.24619,-0.26442,-0.30288,-0.37372,-0.46508,-0.56115,-0.64636,-0.7071,-0.73612,-0.75094,-0.76178,-0.78733,-0.83429,-0.87037,-0.90072,-0.9404,-0.96534,-0.97245,-0.99405,-1.0138,-1.0143,-1.0153,-1.0321,-1.0648,-1.0756,-1.066,-1.061,-1.0623,-1.0658,-1.0661,-1.0604,-1.051,-1.0397,-1.0257,-1.0073,-0.98444,-0.93462,-0.88426,-0.85595,-0.82075,-0.77756,-0.72984,-0.68221,-0.63589,-0.58886,-0.539,-0.48584,-0.43005,-0.37258,-0.31448,-0.2567,-0.19963,-0.14316,-0.08726,-0.032337,0.020984,0.07233,0.12179,0.16968,0.21624,0.26116,0.30365,0.34275,0.37794,0.40931,0.43711,0.46119,0.48096,0.49637,0.50909,0.52215,0.53699,0.54986,0.55265,0.54009,0.51652,0.49073,0.46651,0.33935,0.30772,0.37576,0.34624,0.31879,0.29133,0.26821,0.24943,0.23066,0.21525,0.2032,0.19115,0.18055,0.17141,0.16227,0.1534,0.1448,0.1362,0.12734,0.11823,0.10912,0.099364,0.088961,0.07856,0.067316,0.055221,0.043129,0.030357,0.0169,0.0034395,-0.010167,-0.023921,-0.037671,-0.050825,-0.063385,-0.075943,-0.087219,-0.097208,-0.10719,-0.11542,-0.12187,-0.12832,-0.13282,-0.13537,-0.13792,-0.13852,-0.13717,-0.13583,-0.13255,-0.12735,-0.12215,-0.11495,-0.10575,-0.096547,-0.085354,-0.072169,-0.058984,-0.044142,-0.027643,-0.011145,0.0063484,0.024839,0.043332,0.062022,0.08091,0.099798,0.11813,0.13589,0.15366,0.1703,0.18583,0.20135,0.21537,0.22788,0.2404,0.25117,0.2602,0.26924,0.27646,0.28187,0.28728,0.29086,0.29261,0.29436,0.29425,0.29228,0.29032,0.2866,0.28112,0.27564,0.2687,0.26032,0.25192,0.24253,0.23213,0.22172,0.21071,0.19909,0.18747,0.17559,0.16347,0.15135,0.13939,0.1276,0.11581,0.10419,0.092757,0.081319,0.063002,0.037806,0.012607
0,0,0,0,0,0,0,0,0,0,0,0,0,0,0,0,0.044114,0,0,0,0,0.037099,0.074556,0.073809,0.077885,0.086779,0.095674,0.10811,0.1241,0.14008,0.15812,0.17824,0.19837,0.21814,0.23755,0.25696,0.27392,0.28842,0.30292,0.31404,0.32178,0.32952,0.33406,0.3354,0.33673,0.33551,0.33174,0.32798,0.32201,0.31383,0.30566,0.29545,0.28319,0.27093,0.25697,0.24131,0.22564,0.20863,0.19026,0.17189,0.15379,0.13596,0.11811,0.099861,0.081205,0.062547,0.038695,0.0096429,-0.019404,-0.052155,-0.088629,-0.12509,-0.16157,-0.19808,-0.23461,-0.2702,-0.30486,-0.33952,-0.37362,-0.40716,-0.44071,-0.47464,-0.50896,-0.54329,-0.57932,-0.61705,-0.65479,-0.68761,-0.71548,-0.74336,-0.76498,-0.78032,-0.79565,-0.80344,-0.80368,-0.80391,-0.80173,-0.79713,-0.79254,-0.79264,-0.79744,-0.80224,-0.80545,-0.80706,-0.80867,-0.81552,-0.82761,-0.8397,-0.84966,-0.85749,-0.86533,-0.87507,-0.88672,-0.89838,-0.91663,-0.94149,-0.96634,-0.99633,-1.0315,-1.0666,-1.099,-1.1286,-1.1582,-1.1777,-1.1871,-1.1966,-1.1951,-1.1829,-1.1706,-1.1493,-1.119,-1.0887,-1.045,-0.98805,-0.93106,-0.8872,-0.85649,-0.82579,-0.80815,-0.80359,-0.79903,-0.79583,-0.79398,-0.79213,-0.78759,-0.78036,-0.77312,-0.76575,-0.75569,-0.74435,-0.73242,-0.71408,-0.69267,-0.66991,-0.64475,-0.60866,-0.54957,-0.47168,-0.3931,-0.35033,-0.3409,-0.33256,-0.30969,-0.26718,-0.21465,-0.15106,-0.076146,0.0057225,0.087077,0.16151,0.22469,0.25707,0.2497,0.2138,0.18074,0.19488,0.30359,0.49027,0.73777,0.87096,0.69374,0.2803,-0.13211,-0.23458,0.088605,0.62478,1.0114,1.0599,0.87073,0.65183,0.50814,0.42997,0.40044,0.43046,0.50814,0.61649,0.68398,0.68764,0.6985,0.73949,0.80012,0.85017,0.86615,0.8527,0.84035,0.84041,0.86892,0.92471,0.97319,0.99598,0.98305,0.94221,0.89943,0.88613,0.91377,0.96172,1.0005,1.0222,1.0335,1.0241,0.97157,0.861,0.72184,0.62486,0.5888,0.54116,0.4154,0.23018,0.049026,-0.081738,-0.146,-0.069558,0,0,0,0,0,0,0,0,0,0,0,0,0,0,0,0,0,0,0,0,0,0,0,0,0,0,0,0,0,0,0,0,0,0,0,0,0,0,0,0,0,0,0,-0.0097264,-0.017532,-0.016308,-0.015098,-0.015325,-0.016924,-0.018674,-0.020104,-0.021287,-0.022474,-0.023442,-0.011941,-0.010918,0,0,0,0,0,0,0,0,0,0,0,0,0,0,0,0,0.043581,0.088638,0.12893,0.13212,0.11843,0.082442,0.020232,-0.050371,-0.10379,-0.1095,-0.058367,0.016124,0.056845,0,0,0,0,0,0,0,0,0,0,0,0,0,0,0,0,0,0,0,0,0,0,0,0,0,0,0,0,0,0,0,0,0,0,0,0,0,0,0,0,0,0,0,0,0,0,0,0,0,-0.22029,-0.24307,-0.26145,-0.30518,-0.38516,-0.48916,-0.59504,-0.67539,-0.714,-0.72789,-0.74154,-0.77195,-0.81178,-0.85231,-0.8857,-0.91809,-0.95436,-0.97208,-0.9826,-1.0014,-1.0118,-1.013,-1.0112,-1.0425,-1.0714,-1.0624,-1.0576,-1.0585,-1.0613,-1.0612,-1.0556,-1.0461,-1.0357,-1.0238,-1.008,-0.98767,-0.9394,-0.88938,-0.86117,-0.82777,-0.78853,-0.7451,-0.70002,-0.65414,-0.60661,-0.55692,-0.50512,-0.45116,-0.39513,-0.3377,-0.27993,-0.22265,-0.16597,-0.10974,-0.054189,7.8623e-05,0.052472,0.10288,0.15157,0.1988,0.24445,0.28785,0.32816,0.3648,0.3977,0.42698,0.45235,0.47323,0.48968,0.50351,0.51774,0.53363,0.54733,0.55081,0.53851,0.51456,0.48816,0.46361,0.3379,0.30645,0.37322,0.34411,0.31731,0.2905,0.26826,0.25058,0.2329,0.21863,0.20779,0.19694,0.18746,0.17935,0.17124,0.16324,0.15536,0.14749,0.13919,0.13048,0.12177,0.11226,0.10196,0.091661,0.080454,0.068334,0.056216,0.043482,0.030128,0.016771,0.0033733,-0.010065,-0.023498,-0.036216,-0.048227,-0.060235,-0.070911,-0.08025,-0.089587,-0.097304,-0.1034,-0.10949,-0.11389,-0.1166,-0.1193,-0.12028,-0.11954,-0.11879,-0.11621,-0.11182,-0.10742,-0.10103,-0.092646,-0.084261,-0.073832,-0.061362,-0.048892,-0.0347,-0.018788,-0.0028763,0.014084,0.03209,0.050097,0.068327,0.086777,0.10523,0.12313,0.14048,0.15783,0.17409,0.18925,0.20441,0.2181,0.23033,0.24255,0.25305,0.26184,0.27062,0.27757,0.2827,0.28784,0.29111,0.29253,0.29395,0.29352,0.29123,0.28895,0.28493,0.2792,0.27346,0.26631,0.25774,0.24918,0.23961,0.22903,0.21845,0.20721,0.1953,0.1834,0.17117,0.15861,0.14605,0.13365,0.1214,0.10915,0.097092,0.085229,0.073368,0.056199,0.033723,0.011247
0,0,0,0,0,0,0,0,0,0,0,0,0,0,0,0,0.041048,0.032929,0.039063,0.038162,0.03726,0.073093,0.07067,0.068246,0.070335,0.076935,0.083536,0.094176,0.10885,0.12352,0.14108,0.1615,0.18193,0.20245,0.22307,0.24369,0.26218,0.27854,0.2949,0.30802,0.31791,0.32781,0.33449,0.33795,0.34142,0.34228,0.34052,0.33876,0.33468,0.32828,0.32189,0.31332,0.30258,0.29184,0.27919,0.26464,0.2501,0.23391,0.21608,0.19825,0.17981,0.16077,0.14172,0.1226,0.10344,0.084261,0.061391,0.034819,0.0082537,-0.023011,-0.059003,-0.094988,-0.13167,-0.16907,-0.20648,-0.24286,-0.27821,-0.31355,-0.34773,-0.38073,-0.41373,-0.44658,-0.47928,-0.51199,-0.54676,-0.58359,-0.62043,-0.65559,-0.68907,-0.72256,-0.7482,-0.76599,-0.78378,-0.79511,-0.79999,-0.80487,-0.8083,-0.81029,-0.81228,-0.81669,-0.82353,-0.83037,-0.83214,-0.82885,-0.82556,-0.82896,-0.83906,-0.84917,-0.85615,-0.86002,-0.86388,-0.87266,-0.88636,-0.90005,-0.92144,-0.95051,-0.97958,-1.0119,-1.0476,-1.0832,-1.1139,-1.1397,-1.1656,-1.1811,-1.1864,-1.1917,-1.1872,-1.173,-1.1587,-1.1359,-1.1048,-1.0736,-1.0314,-0.97806,-0.92473,-0.88016,-0.84437,-0.80858,-0.78938,-0.78676,-0.78415,-0.7806,-0.77613,-0.77165,-0.76543,-0.75747,-0.75528,-0.74796,-0.7422,-0.73582,-0.72949,-0.71959,-0.69791,-0.67509,-0.64419,-0.60144,-0.53965,-0.46852,-0.40772,-0.377,-0.36653,-0.35238,-0.31557,-0.254,-0.18479,-0.10431,-0.024352,0.036156,0.079961,0.11549,0.16109,0.2121,0.23432,0.21898,0.19807,0.2223,0.33461,0.50599,0.67034,0.74449,0.61156,0.30998,0.043851,-0.0021717,0.22909,0.60793,0.90086,0.95614,0.81478,0.63035,0.50975,0.45746,0.44146,0.45753,0.51129,0.59495,0.66873,0.69465,0.7023,0.73265,0.7837,0.82978,0.84882,0.84506,0.84372,0.8503,0.87858,0.92922,0.97043,0.98539,0.96765,0.92861,0.89413,0.88942,0.91902,0.96483,1.0066,1.0366,1.0513,1.0231,0.94255,0.83298,0.73829,0.70154,0.67572,0.5658,0.35948,0.13678,-0.030238,-0.12626,-0.16232,-0.15007,-0.064356,0,0,0,0,0,0,0,0,0,0,0,0,0,0,0,0,0,0,0,0,0,0,0,0,0,0,0,0,0,0,0,0,0,0,0,0,0,0,0,0,0,0,0,-0.0077571,-0.012171,-0.011444,-0.013046,-0.016078,-0.018868,-0.020501,-0.021897,-0.023132,-0.023934,-0.024168,-0.02338,0,0,0,0,0,0,0,0,0,0,0,0,0,0,0,0,0.016943,0.035187,0.090651,0.11243,0.10107,0.064928,0.0045737,-0.065634,-0.11547,-0.10943,-0.037896,0.054865,0.099863,0,0,0,0,0,0,0,0,0,0,0,0,0,0,0,0,0,0,0,0,0,0,0,0,0,0,0,0,0,0,0,0,0,0,0,0,0,0,0,0,0,0,0,0,0,0,0,0,0,-0.19277,-0.22567,-0.22656,-0.23295,-0.29082,-0.40195,-0.53777,-0.64535,-0.69362,-0.70578,-0.7168,-0.74692,-0.78709,-0.82839,-0.87219,-0.90476,-0.94186,-0.971,-0.97286,-0.99226,-1.0116,-1.0101,-1.0067,-1.0179,-1.0473,-1.0602,-1.0567,-1.0561,-1.0565,-1.0549,-1.0497,-1.0414,-1.0321,-1.0221,-1.009,-0.99082,-0.94354,-0.89337,-0.86503,-0.83315,-0.79743,-0.75823,-0.7164,-0.67208,-0.62514,-0.57605,-0.52529,-0.47276,-0.41817,-0.36175,-0.30443,-0.24716,-0.19025,-0.13366,-0.07754,-0.022452,0.030981,0.08252,0.13224,0.18026,0.22647,0.27038,0.3114,0.34915,0.38352,0.41433,0.44103,0.46299,0.48048,0.49556,0.51116,0.52815,0.54249,0.54636,0.5343,0.51024,0.48347,0.45854,0.3353,0.3042,0.36885,0.34038,0.31451,0.28863,0.26754,0.25122,0.23491,0.22204,0.21262,0.2032,0.19501,0.18805,0.1811,0.17403,0.16686,0.15969,0.15187,0.14338,0.13489,0.12543,0.115,0.10457,0.093212,0.080919,0.068628,0.055846,0.042573,0.029299,0.016153,0.0031373,-0.0098742,-0.022031,-0.033339,-0.044646,-0.054593,-0.063179,-0.071766,-0.078915,-0.084623,-0.090332,-0.094636,-0.097534,-0.10043,-0.10182,-0.1017,-0.10158,-0.09973,-0.09614,-0.092549,-0.086951,-0.079344,-0.071737,-0.062045,-0.05027,-0.038495,-0.024972,-0.0097029,0.0055658,0.021905,0.039312,0.056718,0.074367,0.092259,0.11015,0.12753,0.14439,0.16125,0.17706,0.19181,0.20656,0.21991,0.23185,0.24379,0.25405,0.26263,0.27121,0.27793,0.28281,0.28769,0.29066,0.29171,0.29277,0.29196,0.28927,0.28659,0.28221,0.27615,0.27009,0.26267,0.25389,0.24511,0.23534,0.22459,0.21383,0.20238,0.19024,0.1781,0.1656,0.15273,0.13987,0.12716,0.11459,0.10201,0.089582,0.077291,0.064999,0.049046,0.02943,0.0098152
0,0,0,0,0,0,0,0,0,0,0,0,0,0,0,0,0.037981,0.063303,0.075456,0.074447,0.073437,0.070882,0.066782,0.062682,0.062785,0.06709,0.071394,0.080233,0.093606,0.10698,0.12403,0.14476,0.16548,0.18676,0.20858,0.23041,0.25044,0.26866,0.28687,0.302,0.31404,0.32609,0.33491,0.34051,0.34612,0.34904,0.34929,0.34953,0.34735,0.34273,0.33811,0.3312,0.32197,0.31275,0.30142,0.28799,0.27455,0.25919,0.2419,0.22461,0.20584,0.18558,0.16532,0.14535,0.12566,0.10598,0.084094,0.060001,0.035913,0.0061241,-0.029377,-0.064878,-0.10177,-0.14006,-0.17835,-0.21552,-0.25155,-0.28759,-0.32184,-0.3543,-0.38676,-0.41853,-0.44961,-0.48069,-0.5142,-0.55014,-0.58607,-0.62358,-0.66266,-0.70175,-0.73142,-0.75167,-0.77191,-0.78679,-0.7963,-0.80582,-0.81486,-0.82344,-0.83201,-0.84074,-0.84961,-0.85849,-0.85883,-0.85064,-0.84244,-0.8424,-0.85052,-0.85863,-0.86264,-0.86254,-0.86243,-0.87025,-0.88599,-0.90173,-0.92625,-0.95954,-0.99283,-1.0275,-1.0637,-1.0998,-1.1288,-1.1509,-1.1729,-1.1846,-1.1857,-1.1869,-1.1793,-1.163,-1.1467,-1.1225,-1.0905,-1.0586,-1.0177,-0.96807,-0.9184,-0.87312,-0.83225,-0.79138,-0.7706,-0.76993,-0.76926,-0.76537,-0.75828,-0.75118,-0.74328,-0.73459,-0.73121,-0.73348,-0.73109,-0.7257,-0.72901,-0.72398,-0.70555,-0.67921,-0.63644,-0.58333,-0.52349,-0.46842,-0.43177,-0.41375,-0.39965,-0.37034,-0.31067,-0.2222,-0.1258,-0.030865,0.033404,0.050337,0.04921,0.057922,0.09014,0.14457,0.19176,0.20923,0.22302,0.26374,0.36047,0.51092,0.59857,0.59717,0.51472,0.33612,0.19407,0.20628,0.38008,0.62699,0.81129,0.84156,0.73734,0.59849,0.50829,0.47761,0.47622,0.48959,0.52582,0.58232,0.64861,0.702,0.723,0.73677,0.76769,0.80631,0.83503,0.84854,0.85698,0.86111,0.8827,0.92894,0.96642,0.97618,0.95525,0.91971,0.89359,0.89448,0.92412,0.97093,1.0202,1.0575,1.064,1.0136,0.91863,0.82657,0.77746,0.77201,0.72673,0.56575,0.32139,0.085117,-0.080066,-0.16698,-0.19428,-0.18395,-0.15425,-0.07503,-0.062984,0,0,0,0,0,0,0,0,0,0,0,0,0.0024515,-0.0015231,-0.005228,-0.0081968,-0.0099227,-0.0098117,-0.0087119,0,0,0,0,0,0,0,0,0,0,0,0,0,0,0,0,0,0,0,0,0,0,0,-0.0076917,-0.0046721,-0.0059747,-0.0080452,-0.019397,-0.021476,-0.023087,-0.023423,-0.023847,-0.024564,-0.025102,-0.011531,0,0,0,0,0,0,0,0,0,0,0,0,0,0,0,0,0,0.031176,0.061415,0.059855,0.02947,-0.024558,-0.084304,-0.11896,-0.096348,-0.0099249,0.09129,0.13597,0.065715,0,0,0,0,0,0,0,0,0,0,0,0,0,0,0,0,0,0,0,0,0,0,0,0,0,0,0,0,0,0,0,0,0,0,0,0,0,0,0,0,0,0,0,0,0,0,0,0,-0.15016,-0.18881,-0.1984,-0.16068,-0.18051,-0.30081,-0.46939,-0.60255,-0.66451,-0.68078,-0.69331,-0.72573,-0.76678,-0.80685,-0.84844,-0.88973,-0.9277,-0.95991,-0.97561,-0.98602,-1.0034,-1.0083,-1.0012,-0.99362,-1.0063,-1.041,-1.0579,-1.0549,-1.0509,-1.0467,-1.0422,-1.037,-1.0305,-1.0223,-1.0105,-0.99345,-0.94669,-0.89655,-0.86852,-0.83797,-0.80506,-0.76955,-0.73103,-0.68906,-0.64365,-0.59552,-0.54558,-0.49415,-0.44092,-0.38578,-0.32934,-0.27234,-0.21525,-0.15827,-0.10163,-0.045805,0.0086698,0.061414,0.11225,0.16107,0.20773,0.25192,0.29336,0.33194,0.36754,0.39973,0.42767,0.4507,0.46935,0.48582,0.50283,0.52089,0.53569,0.53942,0.52737,0.50404,0.47798,0.45321,0.33263,0.30192,0.36448,0.33666,0.31171,0.28676,0.26681,0.25186,0.23692,0.22545,0.21745,0.20946,0.20256,0.19675,0.19095,0.18482,0.17836,0.1719,0.16454,0.15627,0.14801,0.13859,0.12804,0.11748,0.10597,0.093503,0.081038,0.06821,0.055016,0.041823,0.028931,0.016337,0.0037504,-0.007842,-0.018449,-0.029053,-0.038272,-0.046108,-0.053946,-0.060529,-0.065853,-0.071177,-0.075386,-0.078475,-0.081561,-0.08336,-0.08387,-0.08438,-0.083245,-0.080462,-0.077678,-0.072873,-0.066043,-0.059212,-0.050258,-0.039179,-0.028099,-0.015245,-0.00061801,0.014009,0.029725,0.046531,0.063337,0.080406,0.097741,0.11508,0.13193,0.1483,0.16467,0.18003,0.19437,0.20872,0.22172,0.23338,0.24503,0.25505,0.26342,0.2718,0.2783,0.28292,0.28754,0.2902,0.29089,0.29159,0.29039,0.28731,0.28422,0.27949,0.27311,0.26672,0.25903,0.25004,0.24105,0.23108,0.22015,0.20921,0.19755,0.18517,0.17279,0.16002,0.14686,0.13369,0.12067,0.10778,0.094883,0.082075,0.069354,0.056631,0.041894,0.025138,0.0083817
0,0,0,0,0,0,0,0,0,0,0,0,0,0,0,0,0.038258,0.063769,0.075077,0.072185,0.069292,0.065084,0.05956,0.054036,0.052164,0.053944,0.055725,0.062987,0.075731,0.08847,0.10532,0.12629,0.14724,0.1691,0.19185,0.21461,0.236,0.25603,0.27606,0.29318,0.30739,0.3216,0.33259,0.34037,0.34815,0.35324,0.35562,0.35801,0.35792,0.35536,0.3528,0.34785,0.34049,0.33314,0.32347,0.3115,0.29952,0.28529,0.26881,0.25233,0.23372,0.21299,0.19225,0.17145,0.15059,0.12974,0.10799,0.08536,0.062727,0.033759,-0.0015317,-0.036821,-0.074069,-0.11327,-0.15248,-0.19057,-0.22757,-0.26458,-0.29944,-0.33218,-0.36491,-0.39664,-0.42738,-0.45812,-0.4912,-0.52664,-0.56208,-0.59966,-0.63941,-0.67916,-0.71145,-0.73629,-0.76112,-0.78043,-0.7942,-0.80797,-0.82138,-0.83443,-0.84748,-0.85792,-0.86576,-0.8736,-0.87316,-0.86443,-0.8557,-0.85436,-0.86041,-0.86646,-0.86871,-0.86717,-0.86562,-0.87382,-0.89177,-0.90972,-0.93635,-0.97166,-1.007,-1.0421,-1.0771,-1.1121,-1.1389,-1.1574,-1.1759,-1.1842,-1.182,-1.1799,-1.1697,-1.1513,-1.133,-1.1074,-1.0747,-1.0419,-1.002,-0.95501,-0.908,-0.86447,-0.82443,-0.78438,-0.76312,-0.76062,-0.75813,-0.75334,-0.74626,-0.73917,-0.73166,-0.72373,-0.71533,-0.7238,-0.72505,-0.71783,-0.72711,-0.72263,-0.70381,-0.67293,-0.62303,-0.56486,-0.51031,-0.47243,-0.45491,-0.45109,-0.43684,-0.38652,-0.29766,-0.17918,-0.059477,0.034022,0.069753,0.049183,0.019382,0.0092036,0.027562,0.070061,0.1265,0.18457,0.244,0.3066,0.38539,0.48363,0.53521,0.5077,0.45172,0.36929,0.30794,0.35228,0.48593,0.64264,0.74403,0.7455,0.66592,0.56918,0.50867,0.49229,0.49916,0.51563,0.54625,0.5962,0.65502,0.71079,0.74673,0.75319,0.75701,0.78081,0.81758,0.85117,0.87245,0.87441,0.88635,0.92419,0.9565,0.96466,0.94633,0.91695,0.89723,0.90113,0.93193,0.98331,1.0401,1.0779,1.0695,1.0013,0.90508,0.83637,0.81758,0.81375,0.7398,0.55533,0.31004,0.077806,-0.091497,-0.18684,-0.22602,-0.22942,-0.20777,-0.17114,-0.11957,0,0,0,0,0,0,0,0,0,0,0,0,0.019077,-0.0011621,-0.016547,-0.027393,-0.033484,-0.034031,-0.029866,0,0,0,0,0,0,0,0,0,0,0,0,0,0,0,0,0,0,0,0,0,0,0,-0.0029436,0,0,0,-0.0096017,-0.010981,-0.023468,-0.023719,-0.024228,-0.025123,-0.025535,-0.023908,-0.011938,-0.01124,0,0,0,0,0,0,0,0,0,0,0,0,0,0,0,0,0.012845,0.0048553,-0.017466,-0.059767,-0.10124,-0.11413,-0.078755,0.010354,0.11315,0.15919,0.1387,0.049584,0,0,0,0,0,0,0,0,0,0,0,0,0,0,0,0,0,0,0,0,0,0,0,0,0,0,0,0,0,0,0,0,0,0,0,0,0,0,0,0,0,0,0,0,0,0,0,-0.097668,-0.14641,-0.16938,-0.088871,-0.064875,-0.18183,-0.38508,-0.55214,-0.63182,-0.65807,-0.67586,-0.711,-0.75258,-0.79882,-0.83614,-0.87499,-0.91305,-0.93916,-0.96886,-0.98121,-0.99763,-1.0091,-0.99854,-0.99135,-0.98863,-1.0253,-1.0612,-1.0551,-1.0452,-1.0371,-1.0333,-1.0322,-1.0303,-1.0241,-1.0125,-0.9958,-0.94955,-0.9002,-0.87322,-0.84372,-0.81259,-0.77972,-0.74415,-0.7048,-0.66127,-0.61441,-0.56553,-0.51518,-0.46317,-0.40931,-0.35391,-0.29748,-0.24051,-0.18329,-0.12618,-0.069588,-0.014056,0.039866,0.091744,0.14129,0.18839,0.2329,0.2748,0.31412,0.35071,0.38394,0.41288,0.43698,0.45698,0.47501,0.49344,0.51238,0.52737,0.5307,0.51842,0.49546,0.46986,0.44511,0.32852,0.29853,0.35804,0.33125,0.30763,0.28402,0.26553,0.25217,0.23882,0.22888,0.22237,0.21586,0.21028,0.20565,0.20102,0.19581,0.19002,0.18423,0.17725,0.1691,0.16094,0.15147,0.1407,0.12992,0.11822,0.10558,0.092943,0.080103,0.067061,0.054019,0.041479,0.029438,0.017397,0.0064701,-0.0033487,-0.013168,-0.021653,-0.028808,-0.035962,-0.042072,-0.047138,-0.052203,-0.056406,-0.059746,-0.063083,-0.065312,-0.066431,-0.067547,-0.067078,-0.065021,-0.062963,-0.058866,-0.052731,-0.046595,-0.038319,-0.027902,-0.017485,-0.0053046,0.0086401,0.022585,0.037603,0.053697,0.069791,0.086169,0.10283,0.11949,0.13573,0.15155,0.16737,0.18225,0.19619,0.21013,0.22278,0.23414,0.24549,0.25524,0.26336,0.27149,0.27772,0.28206,0.28639,0.28871,0.28902,0.28933,0.28772,0.2842,0.28068,0.27553,0.26875,0.26197,0.25395,0.24468,0.23541,0.22522,0.21412,0.20301,0.1912,0.17869,0.16618,0.15327,0.13996,0.12665,0.11345,0.10036,0.087269,0.074285,0.061408,0.048531,0.035078,0.021048,0.0070185
0,0,0,0,0,0,0,0,0,0,0,0,0,0,0,0,0.041885,0.069814,0.079658,0.071416,0.06317,0.0557,0.049004,0.042309,0.038475,0.037502,0.036528,0.042434,0.055219,0.068001,0.084955,0.10608,0.12721,0.14947,0.17287,0.19627,0.21887,0.24066,0.26246,0.28155,0.29795,0.31435,0.32754,0.33754,0.34754,0.35487,0.35952,0.36418,0.36639,0.36618,0.36596,0.36328,0.35814,0.353,0.34535,0.33517,0.32499,0.3122,0.2968,0.28141,0.26347,0.24298,0.22249,0.2009,0.17822,0.15554,0.13309,0.11089,0.088688,0.059901,0.024544,-0.010814,-0.048569,-0.088719,-0.12886,-0.16805,-0.20629,-0.24452,-0.28054,-0.31437,-0.34818,-0.38093,-0.41261,-0.44429,-0.47779,-0.51311,-0.54843,-0.58383,-0.61931,-0.65479,-0.6883,-0.71986,-0.75142,-0.77602,-0.79367,-0.81132,-0.82785,-0.84326,-0.85868,-0.86825,-0.87199,-0.87572,-0.87514,-0.87024,-0.86534,-0.86484,-0.86874,-0.87265,-0.87437,-0.87391,-0.87345,-0.88337,-0.90369,-0.92401,-0.95173,-0.98687,-1.022,-1.0557,-1.088,-1.1203,-1.144,-1.1593,-1.1746,-1.1799,-1.1753,-1.1707,-1.1583,-1.1379,-1.1176,-1.0907,-1.0572,-1.0236,-0.98422,-0.93887,-0.89352,-0.85421,-0.82091,-0.78761,-0.76692,-0.75883,-0.75075,-0.74449,-0.74006,-0.73563,-0.73057,-0.72487,-0.71917,-0.72157,-0.72243,-0.72018,-0.72548,-0.71742,-0.69494,-0.66063,-0.60916,-0.55417,-0.50875,-0.48179,-0.47311,-0.473,-0.45791,-0.39916,-0.28967,-0.1463,-0.014245,0.065371,0.073629,0.03466,-0.00087336,-0.016136,-0.011748,0.015634,0.074354,0.16141,0.25831,0.34643,0.42008,0.47653,0.50021,0.4742,0.42477,0.39066,0.39024,0.44464,0.54405,0.64236,0.69433,0.68041,0.61911,0.55152,0.50943,0.49848,0.50837,0.53123,0.56777,0.62029,0.68163,0.73174,0.7604,0.75791,0.74834,0.76141,0.79622,0.84349,0.87258,0.8803,0.89381,0.91923,0.94105,0.9475,0.936,0.91601,0.90249,0.90861,0.94135,0.99702,1.0567,1.0888,1.0653,0.98875,0.90161,0.85161,0.84131,0.82305,0.73223,0.55258,0.32654,0.10673,-0.066161,-0.17902,-0.24209,-0.26647,-0.25701,-0.21301,-0.13812,0,0,0,0,0,0,0,0,0,0,0.036798,0.033776,0.038729,0.0019879,-0.029201,-0.051429,-0.062077,-0.062846,-0.055732,0,0,0,0,0,0,0,0,0,0,0,0,0,0,0,0,0,0,0,0,0,0,0,0,0,0,0,0,0,-0.01149,-0.022723,-0.024763,-0.026654,-0.026835,-0.026696,-0.026583,-0.026435,-0.014907,0,0,0,0,0,0,0,0,0,0,0,0,0,0,0,0,-0.037624,-0.063331,-0.092034,-0.11466,-0.10822,-0.062464,0.020689,0.10996,0.16153,0.15255,0.10983,0,0,0,0,0,0,0,0,0,0,0,0,0,0,0,0,0,0,0,0,0,0,0,0,0,0,0,0,0,0,0,0,0,0,0,0,0,0,0,0,0,0,0,0,0,0,0,-0.037258,-0.0659,-0.087313,-0.027379,0.020045,-0.074737,-0.28116,-0.47783,-0.58597,-0.62583,-0.65093,-0.69139,-0.7427,-0.79286,-0.83247,-0.8662,-0.90343,-0.93081,-0.96293,-0.98733,-0.99392,-1.0036,-1.0015,-0.99424,-0.99477,-1.0156,-1.0493,-1.0568,-1.0411,-1.0284,-1.0247,-1.0276,-1.0303,-1.0267,-1.0159,-0.9995,-0.95365,-0.90536,-0.87969,-0.85101,-0.821,-0.79002,-0.75678,-0.71958,-0.67785,-0.63256,-0.5851,-0.53599,-0.48508,-0.43233,-0.37804,-0.32261,-0.26624,-0.20912,-0.15165,-0.09436,-0.037909,0.016976,0.069699,0.11992,0.16757,0.21267,0.25532,0.29551,0.33291,0.36683,0.39649,0.42161,0.44309,0.46287,0.48283,0.50255,0.51739,0.52023,0.50772,0.48474,0.45907,0.43414,0.32298,0.29401,0.34954,0.32416,0.30228,0.2804,0.26369,0.25214,0.24059,0.23233,0.22737,0.2224,0.21819,0.21474,0.21129,0.20699,0.20183,0.19667,0.19001,0.18184,0.17368,0.16405,0.15297,0.14189,0.12995,0.11715,0.10434,0.09153,0.078713,0.065892,0.053802,0.042437,0.031068,0.02091,0.011958,0.0030044,-0.0047409,-0.011277,-0.017814,-0.023548,-0.028478,-0.033408,-0.037699,-0.041351,-0.044999,-0.047679,-0.049385,-0.051087,-0.05123,-0.049817,-0.048402,-0.044932,-0.039408,-0.033884,-0.026229,-0.016443,-0.0066556,0.0048489,0.01807,0.031292,0.045539,0.060813,0.076085,0.091658,0.10753,0.1234,0.13894,0.15415,0.16935,0.18372,0.19726,0.21078,0.22307,0.23412,0.24517,0.25462,0.26245,0.27029,0.27621,0.28022,0.28423,0.28619,0.28609,0.286,0.28395,0.27995,0.27595,0.27033,0.26309,0.25584,0.24742,0.23781,0.22821,0.21777,0.20651,0.19524,0.18334,0.1708,0.15826,0.14534,0.13203,0.11873,0.1055,0.092332,0.07917,0.06621,0.053456,0.0407,0.028601,0.017162,0.0057236
0,0,0,0,0,0,0,0,0,0,0,0,0,0,0,0,0.021849,0.036419,0.084232,0.070642,0.057047,0.046315,0.038449,0.03058,0.024783,0.021057,0.01733,0.021878,0.034705,0.047535,0.064595,0.085884,0.10717,0.12984,0.15389,0.17793,0.20173,0.22529,0.24886,0.26993,0.28851,0.30709,0.32249,0.33471,0.34693,0.3565,0.36343,0.37035,0.37487,0.37699,0.37911,0.37871,0.37579,0.37287,0.36723,0.35885,0.35046,0.33912,0.3248,0.31049,0.29321,0.27297,0.25274,0.23036,0.20585,0.18134,0.15819,0.13642,0.11464,0.086039,0.050617,0.015194,-0.023066,-0.064158,-0.10525,-0.14554,-0.185,-0.22446,-0.26164,-0.29655,-0.33145,-0.36521,-0.39783,-0.43045,-0.46438,-0.49959,-0.5348,-0.568,-0.59921,-0.63041,-0.66516,-0.70344,-0.74172,-0.77163,-0.79314,-0.81466,-0.83432,-0.85209,-0.86987,-0.87857,-0.8782,-0.87783,-0.87711,-0.87604,-0.87497,-0.87532,-0.87707,-0.87883,-0.88003,-0.88065,-0.88128,-0.89293,-0.91561,-0.9383,-0.96712,-1.0021,-1.037,-1.0693,-1.0989,-1.1284,-1.1492,-1.1612,-1.1732,-1.1757,-1.1686,-1.1616,-1.1469,-1.1245,-1.1022,-1.0739,-1.0397,-1.0054,-0.96643,-0.92274,-0.87906,-0.84394,-0.81739,-0.79083,-0.77072,-0.75705,-0.74338,-0.73565,-0.73387,-0.7321,-0.72947,-0.72601,-0.72255,-0.71811,-0.71885,-0.72315,-0.7251,-0.71162,-0.68418,-0.64914,-0.60208,-0.55538,-0.51824,-0.49564,-0.48681,-0.48161,-0.4633,-0.40711,-0.29586,-0.14802,-0.016038,0.051116,0.046455,0.0091725,-0.017416,-0.024694,-0.021392,-0.0039272,0.045666,0.13787,0.25924,0.37713,0.46077,0.49822,0.4928,0.45552,0.4094,0.39846,0.43955,0.50578,0.57772,0.63785,0.66329,0.64525,0.59586,0.54111,0.4993,0.48304,0.49391,0.531,0.58539,0.64368,0.70148,0.74621,0.76579,0.75532,0.73907,0.73846,0.76348,0.81308,0.8544,0.88054,0.90073,0.91338,0.92037,0.92092,0.91497,0.90582,0.90115,0.91204,0.94729,1.0034,1.0592,1.082,1.0485,0.97297,0.89909,0.86017,0.84521,0.81187,0.71716,0.55583,0.35722,0.15427,-0.018937,-0.14751,-0.23424,-0.28277,-0.29081,-0.25669,-0.19614,-0.086427,-0.062772,0,0,0,0,0,0,0,0.04452,0.076724,0.060048,0.030757,-0.009755,-0.049003,-0.078788,-0.093805,-0.095666,-0.087503,-0.04026,0,0,0,0,0,0,0,0,0,0,0,0,0,0,0,0,0,0,0,0,0,0,0,0,0,0,0,0,0,-0.010738,-0.012534,-0.027627,-0.029223,-0.031292,-0.033976,-0.03702,-0.038123,-0.021908,-0.017197,0,0,0,0,0,0,0,0,0,0,0,0,0,0,-0.059752,-0.094485,-0.11999,-0.12821,-0.11081,-0.063881,0.010503,0.084711,0.14004,0.15846,0.13669,0,0,0,0,0,0,0,0,0,0,0,0,0,0,0,0,0,0,0,0,0,0,0,0,0,0,0,0,0,0,0,0,0,0,0,0,0,0,0,0,0,0,0,0,0,0,0,0,0.00013007,-0.0090515,0.056995,0.10599,0.031878,-0.17188,-0.39355,-0.52772,-0.583,-0.63126,-0.69476,-0.75174,-0.79594,-0.82849,-0.8587,-0.89365,-0.92849,-0.9594,-0.98448,-0.99201,-0.9923,-1.0003,-1.0033,-1.0047,-1.0088,-1.0225,-1.0248,-1.0218,-1.024,-1.0202,-1.0253,-1.0308,-1.0298,-1.0208,-0.99183,-0.9468,-0.91303,-0.88829,-0.86026,-0.83103,-0.80126,-0.76945,-0.73366,-0.6935,-0.64997,-0.60412,-0.55633,-0.50649,-0.45478,-0.40168,-0.3475,-0.29216,-0.23562,-0.17819,-0.12055,-0.063588,-0.008164,0.045125,0.095971,0.14435,0.19039,0.2341,0.27528,0.31344,0.34786,0.37803,0.40413,0.42716,0.44883,0.4705,0.49105,0.50559,0.50768,0.49501,0.47253,0.44734,0.42271,0.31733,0.28947,0.34103,0.31706,0.29693,0.27679,0.26185,0.25211,0.24237,0.23578,0.23236,0.22894,0.2261,0.22383,0.22157,0.21817,0.21364,0.20912,0.20277,0.19459,0.18642,0.17664,0.16525,0.15386,0.14168,0.12872,0.11574,0.10296,0.090364,0.077766,0.066123,0.055433,0.04474,0.035351,0.027264,0.019175,0.012171,0.0062533,0.00033268,-0.0050244,-0.0098187,-0.014613,-0.018992,-0.022956,-0.026919,-0.030047,-0.032338,-0.034627,-0.035384,-0.034611,-0.03384,-0.030999,-0.026086,-0.021174,-0.01414,-0.0049832,0.0041739,0.015001,0.027499,0.039998,0.053474,0.067927,0.08238,0.097146,0.11223,0.12731,0.14215,0.15674,0.17134,0.1852,0.19832,0.21144,0.22337,0.23411,0.24485,0.25399,0.26154,0.26909,0.27471,0.27839,0.28207,0.28366,0.28317,0.28267,0.28018,0.27571,0.27123,0.26513,0.25742,0.24971,0.24089,0.23094,0.221,0.21032,0.19889,0.18747,0.17547,0.1629,0.15033,0.1374,0.1241,0.11081,0.097544,0.084308,0.071072,0.058137,0.045505,0.032869,0.022125,0.013276,0.0025376
0,0,0,0,0,0,0,0,0,0,0,0,0,0,0,0,0,0,0.073181,0.061802,0.05042,0.038862,0.027126,0.015389,0.0068498,0.0015103,-0.00383,-7.31e-05,0.012782,0.02564,0.042425,0.063134,0.083843,0.10648,0.13105,0.15562,0.18048,0.20562,0.23076,0.2537,0.27444,0.29519,0.31289,0.32754,0.34218,0.3542,0.36359,0.37298,0.37998,0.3846,0.38922,0.39128,0.39077,0.39026,0.38686,0.38058,0.3743,0.36473,0.35188,0.33902,0.32277,0.30313,0.28349,0.26093,0.23544,0.20995,0.18555,0.16227,0.13898,0.11016,0.075801,0.041441,0.0033688,-0.038409,-0.080198,-0.1214,-0.16201,-0.20262,-0.24102,-0.27719,-0.31336,-0.34833,-0.38208,-0.41584,-0.45042,-0.48582,-0.52122,-0.55434,-0.5852,-0.61606,-0.65233,-0.69399,-0.73565,-0.76805,-0.79117,-0.81429,-0.83483,-0.8528,-0.87077,-0.8786,-0.87629,-0.87398,-0.87293,-0.87312,-0.87332,-0.87518,-0.87869,-0.88221,-0.88735,-0.89409,-0.90083,-0.91608,-0.93983,-0.96358,-0.99153,-1.0237,-1.0558,-1.0848,-1.1107,-1.1365,-1.1545,-1.1647,-1.1748,-1.1761,-1.1685,-1.161,-1.1454,-1.1219,-1.0985,-1.0689,-1.0333,-0.99777,-0.9588,-0.91644,-0.87408,-0.8423,-0.8211,-0.7999,-0.78122,-0.76505,-0.74889,-0.74004,-0.73849,-0.73695,-0.73451,-0.73116,-0.72921,-0.72456,-0.72287,-0.72686,-0.72778,-0.70896,-0.6765,-0.64316,-0.60423,-0.56717,-0.53536,-0.51047,-0.49392,-0.48276,-0.46316,-0.41428,-0.31909,-0.18833,-0.067292,-0.0035669,-0.0018563,-0.024118,-0.035447,-0.028972,-0.015349,0.0030677,0.041094,0.11784,0.23265,0.35531,0.44442,0.47647,0.45834,0.42837,0.40955,0.41439,0.46339,0.52938,0.58274,0.62811,0.64792,0.62287,0.57297,0.52102,0.47801,0.46176,0.47645,0.51995,0.58074,0.64092,0.69933,0.74008,0.75481,0.75135,0.73615,0.72699,0.74255,0.7846,0.83588,0.87629,0.89693,0.9002,0.89389,0.88598,0.88098,0.88046,0.88729,0.90768,0.9463,0.99784,1.0429,1.0574,1.022,0.95151,0.88871,0.85557,0.83746,0.79424,0.6975,0.55552,0.38376,0.19917,0.03131,-0.10337,-0.20488,-0.27342,-0.30231,-0.29252,-0.25374,-0.20139,-0.15264,-0.060351,0,0,0,0,0,0.046373,0.08241,0.062217,0.030357,-0.0077956,-0.047258,-0.083169,-0.11244,-0.12808,-0.13043,-0.12162,-0.098448,0,0,0,0,0,0,0,0,0,0,0,0,0,0,0,0,0,0,0,0,0,0,0,0,0,0,0,0,0,0,0,-0.026383,-0.030034,-0.036314,-0.045527,-0.055667,-0.062444,-0.060594,-0.047445,-0.015867,-0.0059799,0.0060389,0,0,0,0,0,0,0,0,0,0,0,-0.05389,-0.10067,-0.14007,-0.14238,-0.12486,-0.084359,-0.021689,0.049171,0.11415,0.15938,0.16759,0,0,0,0,0,0,0,0,0,0,0,0,0,0,0,0,0,0,0,0,0,0,0,0,0,0,0,0,0,0,0,0,0,0,0,0,0,0,0,0,0,0,0,0,0,0,0,0,0,0,0.20713,0.2754,0.1455,-0.12677,-0.3592,-0.47363,-0.53603,-0.61916,-0.70874,-0.76832,-0.80528,-0.82582,-0.85503,-0.89471,-0.92404,-0.95055,-0.97442,-0.99343,-0.99521,-0.99367,-1.0067,-1.0172,-1.0197,-1.0144,-0.99662,-0.99078,-0.99078,-0.9853,-1.0062,-1.0129,-0.99889,-0.99466,-0.97064,-0.94225,-0.92304,-0.89884,-0.87139,-0.84267,-0.81327,-0.78192,-0.74705,-0.70832,-0.66643,-0.6221,-0.57558,-0.52689,-0.47631,-0.4244,-0.37143,-0.31726,-0.2617,-0.20493,-0.14762,-0.090778,-0.035301,0.018262,0.069664,0.11889,0.166,0.21087,0.25309,0.29203,0.327,0.35778,0.38485,0.40937,0.43282,0.45603,0.47733,0.49156,0.49289,0.47996,0.45786,0.43325,0.40913,0.31066,0.28426,0.33132,0.30908,0.29094,0.27281,0.25981,0.25197,0.24412,0.23928,0.23743,0.23559,0.2341,0.23295,0.23181,0.22922,0.22517,0.22112,0.21495,0.20665,0.19836,0.18837,0.17669,0.16501,0.15268,0.1397,0.12672,0.11415,0.102,0.089844,0.078809,0.068901,0.05899,0.050371,0.043045,0.035718,0.029295,0.023773,0.018249,0.013079,0.0082578,0.0034362,-0.0011206,-0.0054209,-0.0097214,-0.013257,-0.016036,-0.018813,-0.020067,-0.019802,-0.019538,-0.017218,-0.012838,-0.0084577,-0.0020042,0.0065218,0.015048,0.025174,0.036899,0.048626,0.061277,0.074851,0.088423,0.10232,0.11654,0.13077,0.14483,0.15875,0.17266,0.18594,0.1986,0.21126,0.22279,0.2332,0.24362,0.25243,0.25965,0.26687,0.27212,0.2754,0.27869,0.27986,0.27891,0.27795,0.275,0.27004,0.26507,0.25852,0.25036,0.2422,0.23299,0.22274,0.21248,0.20158,0.19003,0.17847,0.16643,0.1539,0.14138,0.12852,0.11533,0.10213,0.088918,0.075683,0.06245,0.049451,0.036688,0.023924,0.014618,0.0087714,0
0,0,0,0,0,0,0,0,0,0,0,0,0,0,0,0,0,0,0.029924,0.044901,0.04329,0.033338,0.015038,-0.0032636,-0.015321,-0.021137,-0.026953,-0.023426,-0.010556,0.0023178,0.018447,0.037829,0.057214,0.079392,0.10437,0.12935,0.1551,0.18163,0.20815,0.23286,0.25576,0.27867,0.29875,0.31602,0.3333,0.34796,0.36002,0.37207,0.38173,0.38901,0.39628,0.40097,0.40307,0.40516,0.40427,0.40038,0.39649,0.38904,0.37803,0.36701,0.35215,0.33346,0.31476,0.2926,0.26698,0.24135,0.21517,0.18844,0.16171,0.13226,0.1001,0.067934,0.030734,-0.011481,-0.053698,-0.095651,-0.13732,-0.17899,-0.21865,-0.25629,-0.29393,-0.33029,-0.36537,-0.40045,-0.43592,-0.47181,-0.5077,-0.54286,-0.57729,-0.61173,-0.64981,-0.69152,-0.73322,-0.76531,-0.78775,-0.81019,-0.8294,-0.84539,-0.86137,-0.86833,-0.86626,-0.86418,-0.86259,-0.86149,-0.86039,-0.86443,-0.87361,-0.88279,-0.89632,-0.91421,-0.9321,-0.95281,-0.97633,-0.99985,-1.025,-1.0516,-1.0783,-1.1023,-1.1234,-1.1446,-1.16,-1.1697,-1.1794,-1.1811,-1.175,-1.1689,-1.1539,-1.1301,-1.1063,-1.0757,-1.0382,-1.0007,-0.96133,-0.91995,-0.87857,-0.84926,-0.83203,-0.8148,-0.7984,-0.78284,-0.76728,-0.75763,-0.75391,-0.75019,-0.74566,-0.74032,-0.73637,-0.73185,-0.72958,-0.73221,-0.73232,-0.70968,-0.67453,-0.64478,-0.61357,-0.58286,-0.55268,-0.52426,-0.50118,-0.4849,-0.4676,-0.43104,-0.35932,-0.25482,-0.14921,-0.081921,-0.062598,-0.065008,-0.059083,-0.038337,-0.011483,0.015327,0.050436,0.11095,0.20285,0.30737,0.38987,0.42437,0.41318,0.39505,0.39319,0.42363,0.48042,0.53422,0.57734,0.61083,0.62384,0.59891,0.5517,0.50081,0.46297,0.45501,0.4758,0.51563,0.56783,0.62435,0.67737,0.71003,0.72058,0.73018,0.73473,0.73326,0.74424,0.77575,0.82006,0.85888,0.87823,0.8769,0.86375,0.8496,0.84049,0.84275,0.86133,0.89505,0.93951,0.98517,1.0169,1.0205,0.98551,0.9249,0.87432,0.84697,0.82512,0.77359,0.67805,0.54869,0.39641,0.23465,0.078856,-0.056417,-0.16521,-0.24416,-0.29153,-0.30452,-0.28325,-0.24154,-0.19227,-0.13833,-0.055384,-0.034385,-0.015322,0.0048277,0.017832,0.065614,0.049711,0.017326,-0.02077,-0.063637,-0.10452,-0.1374,-0.15926,-0.16361,-0.1567,-0.14492,-0.12876,0,0,0,0,0,0,0,0,0,0,0,0,0,0,0,0,0,0,0,0,0,0,0,0,0,0,0,0,0,0,0,-0.012625,-0.024767,-0.038955,-0.061492,-0.086521,-0.10384,-0.10183,-0.078423,-0.04529,-0.016101,0.015493,0.029035,0,0,0,0,0,0,0,0,0,0,-0.020535,-0.048123,-0.14591,-0.15728,-0.14999,-0.12,-0.065222,0.0066429,0.083588,0.15038,0.18849,0.10566,0.088576,0,0,0,0,0,0,0,0,0,0,0,0,0,0,0,0,0,0,0,0,0,0,0,0,0,0,0,0,0,0,0,0,0,0,0,0,0,0,0,0,0,0,0,0,0,0,0,0,0.14904,0.54676,0.20525,-0.19783,-0.38908,-0.43118,-0.49378,-0.61102,-0.7152,-0.77227,-0.80498,-0.834,-0.8628,-0.89869,-0.9211,-0.94206,-0.97135,-0.98971,-0.99287,-0.99173,-1.0029,-1.0098,-1.0187,-1.0219,-1.0049,-0.98291,-0.96561,-0.95821,-0.97568,-0.98053,-0.96822,-0.96855,-0.96335,-0.95181,-0.93375,-0.91036,-0.88374,-0.85549,-0.82594,-0.79445,-0.76016,-0.72261,-0.68206,-0.63899,-0.59367,-0.54622,-0.49689,-0.44609,-0.39417,-0.34111,-0.28673,-0.23117,-0.17491,-0.11877,-0.063649,-0.010059,0.0418,0.091803,0.13984,0.18571,0.22884,0.26856,0.30432,0.33598,0.36416,0.39006,0.41481,0.43874,0.45999,0.47378,0.47483,0.46204,0.4405,0.41668,0.39332,0.30292,0.27834,0.32041,0.30022,0.28433,0.26844,0.25757,0.25171,0.24586,0.24282,0.24258,0.24234,0.24219,0.24211,0.24204,0.24014,0.23642,0.2327,0.22657,0.21803,0.2095,0.19925,0.18729,0.17533,0.16293,0.1501,0.13727,0.12511,0.11362,0.10212,0.091863,0.08284,0.073818,0.065971,0.059301,0.052633,0.046628,0.041283,0.035939,0.030764,0.025753,0.020741,0.01591,0.011252,0.0065931,0.0026856,-0.0004787,-0.0036433,-0.00528,-0.0053905,-0.0055004,-0.003592,0.00033623,0.0042655,0.010177,0.018071,0.025966,0.035366,0.04627,0.057174,0.068945,0.081581,0.094214,0.10718,0.12048,0.13378,0.147,0.16015,0.1733,0.18595,0.19809,0.21024,0.22134,0.23141,0.24147,0.24992,0.25677,0.26361,0.26845,0.27127,0.27408,0.27477,0.27331,0.27185,0.2684,0.26295,0.2575,0.25048,0.2419,0.23331,0.22375,0.2132,0.20265,0.19156,0.17991,0.16825,0.15622,0.14381,0.1314,0.11869,0.10569,0.092697,0.079618,0.066458,0.053299,0.040148,0.027007,0.013867,0.0060799,0.0036468,0.00018084
0,0,0,0,0,0,0,0,0,0,0,0,0,0,0,0,0,0,0,0.018225,0.019862,0.015288,0.004497,-0.0062948,-0.037492,-0.043783,-0.050073,-0.046776,-0.03389,-0.021002,-0.005533,0.012523,0.030582,0.052303,0.077687,0.10308,0.12973,0.15763,0.18554,0.21202,0.23708,0.26214,0.28462,0.30452,0.32441,0.34172,0.35644,0.37116,0.38348,0.39341,0.40334,0.41066,0.41536,0.42007,0.42167,0.42017,0.41868,0.41335,0.40418,0.395,0.38154,0.36379,0.34602,0.32427,0.29851,0.27276,0.24479,0.21461,0.18443,0.15436,0.12439,0.094425,0.058108,0.015451,-0.027199,-0.069894,-0.11264,-0.15536,-0.19628,-0.23539,-0.2745,-0.31226,-0.34866,-0.38505,-0.42144,-0.45781,-0.49418,-0.53137,-0.56939,-0.60741,-0.6473,-0.68905,-0.73079,-0.76255,-0.78432,-0.80608,-0.82396,-0.83797,-0.85197,-0.85806,-0.85622,-0.85438,-0.85226,-0.84986,-0.84746,-0.85368,-0.86853,-0.88337,-0.90531,-0.93434,-0.96337,-0.98953,-1.0128,-1.0361,-1.0584,-1.0796,-1.1008,-1.1197,-1.1362,-1.1526,-1.1655,-1.1747,-1.1839,-1.1862,-1.1815,-1.1768,-1.1624,-1.1383,-1.1142,-1.0824,-1.0431,-1.0037,-0.96387,-0.92347,-0.88308,-0.85625,-0.84297,-0.8297,-0.81559,-0.80063,-0.78567,-0.77524,-0.76934,-0.76345,-0.75682,-0.74947,-0.74213,-0.73937,-0.73865,-0.73694,-0.73458,-0.71187,-0.67991,-0.65547,-0.62753,-0.596,-0.5643,-0.53665,-0.51477,-0.49431,-0.47899,-0.46163,-0.41643,-0.33548,-0.24138,-0.16921,-0.13207,-0.11325,-0.090443,-0.057917,-0.022129,0.011878,0.049071,0.099876,0.16854,0.24562,0.31135,0.34915,0.35879,0.36585,0.3803,0.41474,0.46911,0.53015,0.57934,0.5986,0.59911,0.57997,0.53872,0.49002,0.45724,0.45183,0.47113,0.5042,0.54596,0.59281,0.64337,0.67847,0.69243,0.70797,0.7195,0.72389,0.74118,0.7716,0.806,0.83695,0.85166,0.84766,0.82989,0.81116,0.80026,0.80334,0.82789,0.87055,0.9203,0.96174,0.9822,0.97568,0.94399,0.89864,0.8597,0.83413,0.80667,0.75173,0.66278,0.54207,0.40431,0.26692,0.12439,-0.01109,-0.12226,-0.20398,-0.26139,-0.28809,-0.28032,-0.25196,-0.21321,-0.17184,-0.1308,-0.090933,-0.053281,-0.019115,0.0010971,0.0018566,-0.014026,-0.043347,-0.080992,-0.12491,-0.17088,-0.21185,-0.22207,-0.20211,-0.17307,-0.1492,-0.14014,-0.071398,0,0,0,0,0,0,0,0,0,0,0,0,0,0,0,0,0,0,0,0,0,0,0,0,0,0,0,0,0,0,0,-0.010014,-0.019616,-0.080984,-0.13265,-0.16299,-0.15252,-0.11451,-0.070518,-0.027171,0.015213,0.059863,0.052649,0,0,0,0,0,0,0,0,0,0,0,-0.13014,-0.17555,-0.18886,-0.16642,-0.11473,-0.045443,0.033187,0.11405,0.18579,0.22952,0.2254,0.10752,0,0,0,0,0,0,0,0,0,0,0,0,0,0,0,0,0,0,0,0,0,0,0,0,0,0,0,0,0,0,0,0,0,0,0,0,0,0,0,0,0,0,0,0,0,0,0,0,0.86428,0.14115,-0.34755,-0.43295,-0.40811,-0.48033,-0.61867,-0.71794,-0.76504,-0.80108,-0.84252,-0.87996,-0.90555,-0.92369,-0.93856,-0.9635,-0.97881,-0.98188,-0.99087,-0.9992,-1.0007,-1.0059,-1.0174,-1.0122,-0.9942,-0.97891,-0.97027,-0.96759,-0.9679,-0.96964,-0.97139,-0.96943,-0.9604,-0.94398,-0.92185,-0.8961,-0.86815,-0.83842,-0.80682,-0.77291,-0.73619,-0.69659,-0.65454,-0.61039,-0.56426,-0.5162,-0.4664,-0.41529,-0.3632,-0.31019,-0.25621,-0.20147,-0.14648,-0.09189,-0.038358,0.013689,0.064197,0.11293,0.15941,0.2033,0.24398,0.28078,0.31372,0.34332,0.37034,0.39573,0.41945,0.43964,0.45283,0.45467,0.44317,0.42253,0.3995,0.37715,0.29511,0.27242,0.3095,0.29135,0.27771,0.26407,0.25532,0.25146,0.2476,0.24636,0.24773,0.2491,0.25028,0.25127,0.25226,0.25106,0.24766,0.24427,0.23819,0.22941,0.22064,0.21013,0.19789,0.18565,0.17319,0.16051,0.14783,0.13607,0.12523,0.1144,0.10492,0.096779,0.088644,0.081571,0.07556,0.069551,0.063961,0.058792,0.053626,0.048449,0.043248,0.038046,0.032941,0.027925,0.022909,0.018629,0.015079,0.011529,0.0095088,0.0090229,0.0085364,0.010032,0.01351,0.016988,0.022359,0.02962,0.036883,0.045556,0.055639,0.065722,0.076612,0.088309,0.10001,0.11204,0.12441,0.13679,0.14917,0.16156,0.17395,0.18596,0.19759,0.20922,0.21989,0.22961,0.23932,0.24742,0.25389,0.26036,0.26478,0.26713,0.26948,0.26968,0.26771,0.26575,0.2618,0.25586,0.24992,0.24244,0.23343,0.22442,0.2145,0.20366,0.19282,0.18153,0.16978,0.15804,0.14601,0.13371,0.12142,0.10887,0.096065,0.083262,0.070316,0.057232,0.044148,0.030845,0.017327,0.0038093,-0.0024595,-0.0014776,-0.00049303
0,0,0,0,0,0,0,0,0,0,0,0,0,0,0,0,0,0,0,0,0,0,0,0,-0.05966,-0.064664,-0.069665,-0.067466,-0.058063,-0.048664,-0.035359,-0.018137,-0.00090975,0.020749,0.046845,0.072943,0.10055,0.12966,0.15878,0.18694,0.21412,0.24131,0.26616,0.28869,0.31121,0.33113,0.34846,0.36578,0.38067,0.39313,0.40559,0.41543,0.42266,0.42989,0.43395,0.43485,0.43575,0.4326,0.4254,0.4182,0.40634,0.38983,0.37331,0.35235,0.32696,0.30156,0.27291,0.24103,0.20916,0.17863,0.14946,0.1203,0.084093,0.04085,-0.0023914,-0.046036,-0.090101,-0.13416,-0.17657,-0.21736,-0.25815,-0.29765,-0.33584,-0.37403,-0.41187,-0.44937,-0.48686,-0.52546,-0.56518,-0.6049,-0.64498,-0.68541,-0.72583,-0.75595,-0.77575,-0.79553,-0.8113,-0.82302,-0.83475,-0.84116,-0.84225,-0.84335,-0.84417,-0.84473,-0.84529,-0.85547,-0.87527,-0.89507,-0.92184,-0.95557,-0.98931,-1.017,-1.0385,-1.0601,-1.0784,-1.0935,-1.1087,-1.1222,-1.1342,-1.1463,-1.1571,-1.1667,-1.1764,-1.1803,-1.1785,-1.1768,-1.1645,-1.1417,-1.1188,-1.0875,-1.0477,-1.0078,-0.9694,-0.93242,-0.89544,-0.87064,-0.85803,-0.84542,-0.83328,-0.8216,-0.80992,-0.80037,-0.79294,-0.78552,-0.77661,-0.76623,-0.75584,-0.75151,-0.74706,-0.73875,-0.73239,-0.7109,-0.68476,-0.66513,-0.63756,-0.60434,-0.57329,-0.55089,-0.52961,-0.50793,-0.49841,-0.4918,-0.46192,-0.39699,-0.31463,-0.2442,-0.19531,-0.15886,-0.12243,-0.082739,-0.043503,-0.0052955,0.034512,0.080014,0.13321,0.18936,0.2396,0.27905,0.30835,0.34004,0.36936,0.39585,0.44667,0.51283,0.55911,0.57989,0.58215,0.56511,0.53204,0.49667,0.47282,0.46612,0.47864,0.50318,0.53338,0.56901,0.61531,0.65417,0.67421,0.69525,0.71106,0.7177,0.73536,0.76186,0.78655,0.80648,0.81537,0.81146,0.79617,0.78066,0.77581,0.78332,0.80608,0.8455,0.89315,0.93097,0.94469,0.9356,0.91323,0.88253,0.85001,0.82069,0.78644,0.73261,0.6523,0.5459,0.42382,0.30157,0.17611,0.046688,-0.065652,-0.146,-0.2055,-0.24267,-0.24883,-0.23656,-0.21554,-0.18879,-0.15774,-0.12533,-0.09623,-0.075717,-0.067025,-0.072451,-0.090341,-0.11573,-0.14637,-0.18416,-0.23238,-0.26678,-0.26215,-0.22468,-0.17643,-0.14241,-0.13186,-0.13975,-0.0761,0,0,0,0,0,0,0,0,0,0,0,0,0,0,0,0,0,0,0,0,0,0,0,0,0,0,0,0,0,0,0,0,-0.045688,-0.079972,-0.22823,-0.19583,-0.14434,-0.093258,-0.044791,0.0031112,0.050486,0.09264,0.041852,0,0,0,0,0,0,0,0,0,0,-0.11594,-0.19662,-0.23402,-0.21321,-0.16543,-0.10145,-0.028694,0.051852,0.14616,0.24614,0.31508,0.30334,0,0,0,0,0,0,0,0,0,0,0,0,0,0,0,0,0,0,0,0,0,0,0,0,0,0,0,0,0,0,0,0,0,0,0,0,0,0,0,0,0,0,0,0,0,0,0,0,0.44888,-0.10286,-0.43228,-0.45086,-0.4295,-0.50989,-0.63359,-0.7211,-0.76854,-0.80531,-0.84475,-0.89013,-0.91442,-0.93116,-0.94959,-0.96062,-0.97332,-0.98435,-0.99258,-0.9991,-1.0062,-1.0065,-1.0076,-1.0052,-0.9991,-0.99347,-0.9835,-0.978,-0.97363,-0.97172,-0.97379,-0.97436,-0.96734,-0.95273,-0.93271,-0.90807,-0.88013,-0.85048,-0.81894,-0.78512,-0.74898,-0.71004,-0.66868,-0.62578,-0.58099,-0.53404,-0.48533,-0.43505,-0.3838,-0.33215,-0.27973,-0.22642,-0.17267,-0.11873,-0.065317,-0.013293,0.037336,0.086485,0.13347,0.17789,0.21946,0.25759,0.29194,0.32291,0.35092,0.37608,0.39853,0.41722,0.42914,0.43163,0.4228,0.40397,0.38161,0.36052,0.28723,0.26675,0.29925,0.28329,0.27187,0.26046,0.25379,0.25186,0.24993,0.25037,0.2532,0.25603,0.25834,0.26014,0.26194,0.26121,0.25796,0.25471,0.24858,0.23958,0.23057,0.21988,0.20751,0.19514,0.18277,0.17041,0.15805,0.14685,0.13681,0.12678,0.11814,0.11089,0.10364,0.097265,0.09175,0.086236,0.080886,0.075701,0.070516,0.065177,0.059677,0.05418,0.048764,0.043421,0.038081,0.033507,0.029696,0.025884,0.023603,0.022859,0.022112,0.023281,0.026367,0.029454,0.034313,0.040946,0.04758,0.055502,0.064715,0.073928,0.083889,0.094599,0.10531,0.11639,0.12784,0.1393,0.15085,0.16249,0.17414,0.18551,0.19659,0.20767,0.21786,0.22715,0.23644,0.2441,0.25014,0.25617,0.26011,0.26194,0.26378,0.26344,0.26093,0.25841,0.25396,0.24756,0.24116,0.23329,0.22395,0.21461,0.20443,0.19339,0.18235,0.17093,0.15913,0.14733,0.13534,0.12315,0.11095,0.098565,0.085974,0.073383,0.060588,0.047589,0.03459,0.021261,0.0076046,-0.0060527,-0.010738,-0.0064446,-0.0021487
0,0,0,0,0,0,0,0,0,0,0,0,0,0,0,0,0,0,0,0,0,0,0,0,-0.081824,-0.083779,-0.085735,-0.085504,-0.083087,-0.08067,-0.071021,-0.054137,-0.037253,-0.015264,0.011837,0.038937,0.067559,0.097714,0.12787,0.15759,0.18688,0.21616,0.24338,0.26855,0.29371,0.31622,0.33608,0.35593,0.3733,0.38816,0.40302,0.41529,0.42496,0.43464,0.44112,0.44441,0.4477,0.4468,0.4417,0.4366,0.42656,0.41159,0.39662,0.37685,0.3523,0.32775,0.29955,0.26772,0.23589,0.20509,0.17533,0.14556,0.10869,0.064708,0.020727,-0.024076,-0.069719,-0.11535,-0.1595,-0.2022,-0.24491,-0.28649,-0.32695,-0.3674,-0.40724,-0.44649,-0.48574,-0.52513,-0.56468,-0.60422,-0.64286,-0.68062,-0.71837,-0.74551,-0.76203,-0.77855,-0.7914,-0.80055,-0.8097,-0.81764,-0.82436,-0.83108,-0.83833,-0.8461,-0.85388,-0.86978,-0.89383,-0.91788,-0.94591,-0.97791,-1.0099,-1.0351,-1.0534,-1.0718,-1.0851,-1.0935,-1.1018,-1.1099,-1.1176,-1.1254,-1.1348,-1.1458,-1.1569,-1.1637,-1.1662,-1.1687,-1.1601,-1.1402,-1.1204,-1.0909,-1.052,-1.013,-0.97791,-0.94677,-0.91563,-0.89244,-0.8772,-0.86196,-0.85148,-0.84576,-0.84004,-0.83303,-0.82472,-0.81642,-0.80503,-0.79058,-0.77612,-0.76748,-0.75802,-0.74454,-0.72702,-0.70285,-0.68405,-0.66569,-0.63992,-0.61203,-0.58661,-0.56165,-0.53849,-0.52495,-0.51253,-0.49562,-0.4666,-0.41781,-0.3573,-0.29595,-0.24282,-0.19441,-0.14764,-0.10344,-0.060434,-0.017475,0.02504,0.068003,0.1142,0.16088,0.20285,0.24233,0.28023,0.31375,0.35357,0.39716,0.44772,0.49421,0.52459,0.55863,0.56983,0.5544,0.53898,0.52421,0.50969,0.49964,0.50558,0.52474,0.54579,0.57218,0.60405,0.63881,0.66576,0.68875,0.70924,0.71723,0.73173,0.75392,0.76917,0.77712,0.78118,0.78035,0.77326,0.76627,0.77018,0.78455,0.80264,0.8303,0.86797,0.89955,0.90981,0.903,0.8926,0.87483,0.84734,0.81583,0.7739,0.7186,0.65034,0.56257,0.45655,0.34363,0.2343,0.12308,0.014106,-0.066331,-0.12673,-0.17459,-0.19609,-0.19818,-0.19255,-0.18099,-0.16229,-0.14353,-0.13111,-0.12649,-0.12978,-0.14252,-0.16464,-0.19084,-0.21406,-0.23619,-0.26412,-0.27544,-0.25343,-0.21241,-0.1697,-0.13574,-0.11664,-0.11216,-0.12974,0,0,0,0,0,0,0,0,0,0,0,0,0,0,0,0,0,0,0,0,0,0,0,0,0,0,0,0,0,0,0,0,0,0,-0.26934,-0.21462,-0.16294,-0.11496,-0.066595,-0.018705,0.023648,0.053961,0.06236,0.038477,0.078688,0,0,0,0,0,0,0,0,-0.12037,-0.21369,-0.26644,-0.25052,-0.2093,-0.15202,-0.08671,-0.017027,0.071142,0.21336,0.38388,0.35065,0,0,0,0,0,0,0,0,0,0,0,0,0,0,0,0,0,0,0,0,0,0,0,0,0,0,0,0,0,0,0,0,0,0,0,0,0,0,0,0,0,0,0,0,0,0,0,0,-0.13811,-0.24537,-0.39957,-0.48051,-0.49939,-0.57729,-0.67289,-0.74764,-0.7985,-0.84088,-0.87462,-0.90911,-0.93646,-0.9521,-0.96938,-0.98373,-0.99225,-0.99932,-1.0041,-1.0091,-1.0128,-1.0079,-1.0072,-1.0051,-0.99944,-0.99594,-0.99619,-0.9982,-0.99172,-0.98806,-0.98768,-0.98537,-0.97591,-0.96124,-0.94395,-0.92111,-0.89315,-0.86396,-0.83257,-0.79824,-0.76234,-0.72381,-0.68295,-0.64137,-0.59779,-0.55178,-0.50457,-0.45567,-0.40538,-0.35484,-0.30348,-0.25102,-0.1982,-0.14512,-0.092082,-0.039953,0.010644,0.059949,0.1078,0.15256,0.19437,0.23395,0.2693,0.30082,0.33004,0.35438,0.37425,0.3913,0.4009,0.40194,0.39633,0.38224,0.36274,0.3437,0.27933,0.26133,0.28965,0.27602,0.26681,0.2576,0.25296,0.2529,0.25283,0.25487,0.259,0.26314,0.26638,0.26873,0.27108,0.2706,0.2673,0.264,0.25774,0.24853,0.23931,0.22852,0.21616,0.2038,0.19168,0.17982,0.16794,0.15746,0.14836,0.13925,0.13153,0.12517,0.11882,0.11305,0.10787,0.10269,0.097403,0.092004,0.086603,0.080951,0.075046,0.069145,0.063378,0.05774,0.052105,0.047317,0.043371,0.039425,0.037006,0.036115,0.035224,0.036155,0.038909,0.041663,0.046043,0.052049,0.058055,0.065205,0.073496,0.081788,0.090773,0.10045,0.11013,0.12023,0.13077,0.14131,0.15204,0.16296,0.17389,0.1846,0.19511,0.20561,0.21525,0.22403,0.23281,0.23997,0.2455,0.25104,0.25444,0.25571,0.25697,0.25605,0.25295,0.24985,0.24488,0.23805,0.23121,0.22301,0.21345,0.20389,0.19353,0.18239,0.17125,0.15977,0.14795,0.13614,0.12419,0.1121,0.10001,0.087784,0.075426,0.063066,0.050433,0.03753,0.024626,0.011395,-0.0021612,-0.015718,-0.018752,-0.011253,-0.0037518
0,0,0,0,0,0,0,0,0,0,0,0,0,0,0,0,0,0,0,0,0,0,0,0,-0.10398,-0.10289,-0.10181,-0.10355,-0.10811,-0.11267,-0.10669,-0.090141,-0.073597,-0.05128,-0.023174,0.004928,0.034572,0.065764,0.096952,0.12824,0.15963,0.19102,0.22061,0.24841,0.2762,0.3013,0.3237,0.34609,0.36592,0.38319,0.40045,0.41515,0.42727,0.43938,0.44829,0.45397,0.45966,0.461,0.458,0.455,0.44678,0.43335,0.41993,0.40135,0.37764,0.35393,0.32618,0.2944,0.26262,0.23155,0.20119,0.17083,0.13329,0.088571,0.043852,-0.0021186,-0.04933,-0.096527,-0.14243,-0.18705,-0.23167,-0.27534,-0.31806,-0.36076,-0.40261,-0.44361,-0.48462,-0.5248,-0.56417,-0.60353,-0.64075,-0.67583,-0.7109,-0.73506,-0.74832,-0.76158,-0.7715,-0.77808,-0.78465,-0.79412,-0.80647,-0.81882,-0.83249,-0.84748,-0.86246,-0.88409,-0.91239,-0.94069,-0.96998,-1.0002,-1.0305,-1.0532,-1.0683,-1.0835,-1.0918,-1.0934,-1.095,-1.0975,-1.1011,-1.1046,-1.1125,-1.1249,-1.1374,-1.147,-1.1539,-1.1607,-1.1557,-1.1388,-1.1219,-1.0944,-1.0563,-1.0181,-0.98643,-0.96113,-0.93583,-0.91424,-0.89637,-0.8785,-0.86969,-0.86992,-0.87016,-0.86568,-0.8565,-0.84731,-0.83345,-0.81493,-0.79641,-0.78771,-0.77411,-0.75299,-0.7308,-0.70773,-0.69184,-0.67156,-0.64774,-0.62621,-0.60553,-0.57414,-0.55036,-0.5376,-0.51669,-0.49468,-0.46652,-0.43093,-0.38886,-0.33857,-0.28339,-0.22572,-0.17328,-0.12461,-0.074258,-0.026519,0.016057,0.056155,0.0976,0.13859,0.17639,0.21645,0.25878,0.29807,0.34705,0.40111,0.45163,0.48859,0.51299,0.54952,0.56718,0.56027,0.55816,0.55684,0.54963,0.53898,0.53991,0.55243,0.56468,0.58299,0.60818,0.6358,0.65878,0.67666,0.70028,0.71543,0.72759,0.74648,0.75556,0.75517,0.75549,0.7567,0.75366,0.75107,0.76047,0.77925,0.79585,0.81456,0.8405,0.86399,0.87313,0.87298,0.87382,0.86423,0.84062,0.81109,0.76813,0.71241,0.65197,0.57589,0.48311,0.38239,0.28428,0.18801,0.088284,0.011584,-0.04889,-0.10425,-0.13795,-0.15002,-0.15876,-0.16176,-0.15673,-0.15389,-0.15722,-0.16797,-0.18341,-0.20526,-0.23204,-0.26139,-0.27951,-0.28512,-0.28466,-0.27188,-0.23745,-0.19302,-0.15713,-0.124,-0.094035,-0.066229,-0.086644,-0.11244,0,0,0,0,0,0,0,0,0,0,0,0,0,0,0,0,0,0,0,0,0,0,0,0,0,0,0,0,0,0,0,0,0,-0.26715,-0.21246,-0.17485,-0.13466,-0.087083,-0.042109,-0.0071226,0.013815,0.029761,0.055967,0.13464,0.14667,0,0,0,0,0,0,0,-0.12821,-0.22483,-0.28082,-0.27167,-0.24051,-0.18971,-0.12718,-0.068216,-0.0034038,0.13425,0.43078,0.55086,0.22746,0,0,0,0,0,0,0,0,0,0,0,0,0,0,0,0,0,0,0,0,0,0,0,0,0,0,0,0,0,0,0,0,0,0,0,0,0,0,0,0,0,0,0,0,0,0,0,-0.16469,-0.22959,-0.38582,-0.53303,-0.57941,-0.66282,-0.7311,-0.78838,-0.84209,-0.88717,-0.92055,-0.94276,-0.96462,-0.9862,-0.99422,-1.0044,-1.0158,-1.0178,-1.018,-1.0204,-1.0225,-1.0151,-1.0115,-1.0167,-1.012,-1.003,-1.0051,-1.0064,-1.0103,-1.0166,-1.0125,-1.0042,-0.98951,-0.9726,-0.95684,-0.93507,-0.90684,-0.87857,-0.84767,-0.81279,-0.7769,-0.73872,-0.6984,-0.65787,-0.61523,-0.5702,-0.52464,-0.47738,-0.42826,-0.37875,-0.32814,-0.27623,-0.22408,-0.17179,-0.11921,-0.066921,-0.016241,0.033205,0.081985,0.12718,0.1691,0.20993,0.24582,0.27726,0.30751,0.33117,0.34854,0.36423,0.37192,0.37102,0.36773,0.35892,0.34355,0.3271,0.27161,0.25591,0.28006,0.26876,0.26175,0.25474,0.25213,0.25393,0.25574,0.25936,0.2648,0.27025,0.27442,0.27732,0.28022,0.27999,0.27665,0.2733,0.26691,0.25748,0.24805,0.23716,0.22481,0.21246,0.2006,0.18922,0.17784,0.16806,0.1599,0.15173,0.14492,0.13945,0.13399,0.12883,0.12399,0.11915,0.11392,0.1083,0.10269,0.096727,0.090416,0.084109,0.077989,0.072057,0.066129,0.061127,0.057047,0.052968,0.05041,0.049373,0.048337,0.049029,0.051451,0.053872,0.057773,0.063152,0.068531,0.074906,0.082277,0.089648,0.097656,0.1063,0.11495,0.12408,0.13369,0.14331,0.15323,0.16343,0.17364,0.1837,0.19362,0.20355,0.21264,0.22091,0.22918,0.23584,0.24087,0.24591,0.24877,0.24947,0.25016,0.24866,0.24498,0.24129,0.23581,0.22854,0.22127,0.21274,0.20295,0.19316,0.18264,0.17139,0.16014,0.1486,0.13677,0.12494,0.11304,0.10105,0.089063,0.077005,0.064877,0.052748,0.040279,0.027471,0.014663,0.0015294,-0.011929,-0.025386,-0.026766,-0.016062,-0.0053558
0,0,0,0,0,0,0,0,0,0,0,0,0,0,0,0,0,0,0,0,0,0,-0.02347,-0.039122,-0.10852,-0.11531,-0.1221,-0.13061,-0.14085,-0.15108,-0.14783,-0.13109,-0.11435,-0.091519,-0.062595,-0.033673,-0.002868,0.029819,0.062503,0.095697,0.12942,0.16314,0.19519,0.2256,0.25601,0.28361,0.30839,0.33316,0.35529,0.37477,0.39426,0.41117,0.42551,0.43986,0.45097,0.45885,0.46673,0.47018,0.4692,0.46822,0.46184,0.45006,0.43828,0.42107,0.39846,0.37584,0.34885,0.31749,0.28612,0.25526,0.22491,0.19455,0.15668,0.1113,0.065922,0.019093,-0.029164,-0.07742,-0.12484,-0.1714,-0.21795,-0.26394,-0.30936,-0.35478,-0.39849,-0.44047,-0.48245,-0.52306,-0.56228,-0.6015,-0.63728,-0.66961,-0.70194,-0.72423,-0.73648,-0.74873,-0.75747,-0.7627,-0.76794,-0.7787,-0.79499,-0.81128,-0.82978,-0.85048,-0.87118,-0.89793,-0.93071,-0.9635,-0.99484,-1.0247,-1.0546,-1.0754,-1.0872,-1.0989,-1.1025,-1.0982,-1.0938,-1.0914,-1.091,-1.0907,-1.0961,-1.1072,-1.1184,-1.1296,-1.141,-1.1525,-1.1519,-1.1393,-1.1267,-1.1025,-1.0667,-1.0309,-1.0009,-0.97678,-0.95266,-0.93208,-0.91504,-0.898,-0.89031,-0.89197,-0.89363,-0.88992,-0.88083,-0.87174,-0.85735,-0.83768,-0.81802,-0.80725,-0.79139,-0.76876,-0.75049,-0.73021,-0.71099,-0.68863,-0.66422,-0.63622,-0.61033,-0.58699,-0.56064,-0.53933,-0.52562,-0.50562,-0.48071,-0.45374,-0.41711,-0.37017,-0.31401,-0.25621,-0.20051,-0.14573,-0.089378,-0.039559,0.002332,0.042206,0.081485,0.11959,0.15615,0.19813,0.24476,0.28843,0.33423,0.38954,0.4485,0.48816,0.5131,0.54289,0.56175,0.5668,0.57274,0.57642,0.57362,0.56734,0.56772,0.57531,0.58155,0.59453,0.61419,0.63608,0.65766,0.67609,0.69967,0.71596,0.72634,0.74071,0.7451,0.74152,0.74013,0.74014,0.73868,0.73821,0.74692,0.76368,0.78045,0.7977,0.81667,0.83668,0.8486,0.85325,0.85802,0.85045,0.82988,0.80513,0.76573,0.71177,0.6541,0.58395,0.49954,0.40888,0.32122,0.23271,0.14079,0.068346,0.010284,-0.048583,-0.087643,-0.10711,-0.12767,-0.14269,-0.15107,-0.16177,-0.17958,-0.20431,-0.23161,-0.26232,-0.29204,-0.32466,-0.3376,-0.33198,-0.31967,-0.28656,-0.2424,-0.18904,-0.14255,-0.10555,-0.067525,-0.037084,-0.06028,-0.23366,-0.16346,-0.068085,0,0,0,0,0,0,0,0,0,0,0,0,0,0,0,0,0,0,0,0,0,0,0,0,0,0,0,0,0,0,0,-0.2486,-0.20875,-0.18679,-0.1521,-0.1037,-0.05906,-0.028087,-0.0051667,0.015362,0.031501,0.081312,0.31238,0.31504,0.17217,0,0,0,0,0,-0.06607,-0.11494,-0.14245,-0.28412,-0.26305,-0.21741,-0.15294,-0.09505,-0.046071,0.056169,0.47553,0.84777,0.46537,0,0,0,0,0,0,0,0,0,0,0,0,0,0,0,0,0,0,0,0,0,0,0,0,0,0,0,0,0,0,0,0,0,0,0,0,0,0,0,0,0,0,0,0,0,0,0,-0.17695,-0.27745,-0.41919,-0.54375,-0.61836,-0.69526,-0.74896,-0.80198,-0.858,-0.90812,-0.945,-0.96703,-0.98506,-1.005,-1.0097,-1.0061,-1.0144,-1.0219,-1.0194,-1.0205,-1.0221,-1.0241,-1.0204,-1.0161,-1.0219,-1.0237,-1.0168,-1.0091,-1.013,-1.027,-1.0292,-1.0196,-1.0044,-0.98597,-0.97002,-0.94773,-0.91889,-0.89189,-0.86138,-0.82633,-0.79101,-0.75343,-0.71362,-0.67374,-0.63176,-0.5876,-0.54333,-0.49714,-0.44894,-0.40052,-0.35066,-0.29931,-0.2478,-0.19595,-0.14365,-0.091374,-0.040567,0.0089793,0.058342,0.10404,0.14625,0.1881,0.22442,0.25548,0.28627,0.30963,0.32563,0.3411,0.34845,0.34732,0.34544,0.33878,0.32596,0.31252,0.26467,0.25104,0.27236,0.26327,0.25822,0.25318,0.25232,0.25564,0.25895,0.26377,0.27009,0.27641,0.28113,0.28427,0.2874,0.28725,0.28381,0.28037,0.27391,0.26442,0.25493,0.24415,0.23208,0.22001,0.20862,0.19794,0.18725,0.17827,0.17101,0.16376,0.15776,0.15302,0.14828,0.1436,0.13899,0.13438,0.12914,0.12328,0.11742,0.11113,0.10441,0.097703,0.091259,0.085085,0.078913,0.073767,0.069644,0.065521,0.062916,0.061829,0.060743,0.061271,0.063416,0.06556,0.069017,0.073787,0.078557,0.084173,0.090637,0.097101,0.10416,0.1118,0.11945,0.12765,0.13641,0.14517,0.15433,0.16388,0.17343,0.1829,0.19228,0.20166,0.2102,0.2179,0.2256,0.23165,0.23604,0.24044,0.24264,0.24266,0.24267,0.24053,0.23623,0.23194,0.22597,0.21832,0.21068,0.20189,0.19198,0.18206,0.17147,0.16022,0.14896,0.13744,0.12565,0.11386,0.10204,0.090182,0.078325,0.06643,0.054501,0.04257,0.030287,0.017652,0.0050152,-0.0080238,-0.021463,-0.034902,-0.034687,-0.020816,-0.0069408
0,0,0,0,0,0,0,0,0,0,0,0,0,0,0,0,0,0,0,0,0,0,-0.04133,-0.068889,-0.095457,-0.12103,-0.14661,-0.1667,-0.1813,-0.19589,-0.19445,-0.17699,-0.15951,-0.13598,-0.10643,-0.076867,-0.044757,-0.010111,0.024534,0.059983,0.096249,0.13252,0.16714,0.20014,0.23314,0.26314,0.29015,0.31716,0.34141,0.36292,0.38442,0.40335,0.41971,0.43607,0.44918,0.45905,0.46891,0.47434,0.47531,0.47629,0.47176,0.46172,0.45167,0.43602,0.41475,0.39348,0.36756,0.33697,0.30639,0.27622,0.24647,0.21672,0.17886,0.1329,0.086938,0.03957,-0.0092275,-0.058036,-0.1067,-0.15522,-0.20373,-0.25229,-0.30088,-0.34947,-0.39487,-0.43706,-0.47925,-0.5199,-0.559,-0.5981,-0.63242,-0.66196,-0.6915,-0.71302,-0.72651,-0.74001,-0.74932,-0.75443,-0.75955,-0.77137,-0.78991,-0.80844,-0.83018,-0.85512,-0.88005,-0.91128,-0.9488,-0.98632,-1.0205,-1.0514,-1.0822,-1.1017,-1.1099,-1.118,-1.1173,-1.1077,-1.0982,-1.0915,-1.0876,-1.0837,-1.0854,-1.0927,-1.0999,-1.1116,-1.1278,-1.144,-1.1486,-1.1417,-1.1347,-1.1152,-1.0832,-1.0511,-1.0213,-0.99371,-0.96612,-0.94596,-0.93321,-0.92047,-0.91337,-0.91192,-0.91047,-0.90574,-0.89772,-0.88971,-0.87675,-0.85886,-0.84098,-0.82457,-0.80696,-0.78791,-0.76777,-0.74531,-0.7232,-0.69968,-0.6748,-0.64446,-0.61523,-0.59387,-0.56597,-0.54193,-0.52877,-0.50742,-0.48533,-0.46367,-0.43475,-0.39104,-0.33618,-0.28236,-0.22522,-0.16692,-0.10903,-0.058288,-0.014606,0.028538,0.069328,0.10797,0.14609,0.18919,0.23666,0.2826,0.33192,0.39038,0.44745,0.48721,0.51652,0.54713,0.56693,0.57595,0.58598,0.59126,0.59135,0.59046,0.59277,0.59839,0.60298,0.61293,0.6279,0.64757,0.67007,0.68889,0.70741,0.71994,0.73035,0.74162,0.74264,0.73811,0.73494,0.73269,0.73157,0.73108,0.73681,0.74897,0.76204,0.77786,0.79521,0.81398,0.82757,0.83442,0.8408,0.83502,0.81724,0.79783,0.76284,0.7116,0.6587,0.59408,0.51593,0.43477,0.35459,0.27362,0.19036,0.11994,0.063163,0.0043846,-0.038658,-0.065733,-0.094512,-0.12059,-0.14338,-0.16718,-0.20008,-0.24111,-0.28293,-0.32166,-0.35596,-0.39122,-0.39923,-0.38097,-0.36037,-0.3164,-0.25483,-0.18829,-0.13248,-0.090075,-0.048263,-0.026195,-0.042844,-0.14082,-0.18148,-0.078899,0,0,0,0,0,0,0,0,0,0,0,0,0,0,0,0,0,0,0,0,0,0,0,0,0,0,0,0,0,0,0,-0.24084,-0.21219,-0.19244,-0.15736,-0.10786,-0.060668,-0.021421,0.012245,0.045064,0.061606,0.068537,0.20445,0.34549,0.19044,0,0,0,0,0,0,0,0,-0.27079,-0.25259,-0.20934,-0.14304,-0.079255,-0.024831,0.048326,0.31664,0.51983,0.27877,0,0,0,0,0,0,0,0,0,0,0,0,0,0,0,0,0,0,0,0,0,0,0,0,0,0,0,0,0,0,0,0,0,0,0,0,0,0,0,0,0,0,0,0,0,0,0,-0.087958,-0.1546,-0.4123,-0.50443,-0.59417,-0.66694,-0.73182,-0.79517,-0.85069,-0.90527,-0.94931,-0.97696,-0.99646,-1.0099,-1.0144,-1.0095,-1.0078,-1.0147,-1.0123,-1.0125,-1.0123,-1.0121,-1.0143,-1.0084,-1.0132,-1.0204,-1.0192,-1.0185,-1.0183,-1.0255,-1.0304,-1.0259,-1.015,-0.99748,-0.98105,-0.95876,-0.93071,-0.90408,-0.8735,-0.83874,-0.80414,-0.76721,-0.72796,-0.68869,-0.64739,-0.60409,-0.56081,-0.51541,-0.46794,-0.42047,-0.37129,-0.3204,-0.26946,-0.21792,-0.16579,-0.11365,-0.062789,-0.013153,0.036497,0.082576,0.1251,0.16763,0.20428,0.23508,0.26597,0.28909,0.30447,0.31992,0.32746,0.327,0.32632,0.32064,0.30986,0.29924,0.27214,0.26105,0.26657,0.25954,0.25624,0.25293,0.25352,0.258,0.26248,0.2681,0.27486,0.28162,0.28652,0.28958,0.29263,0.29237,0.28879,0.28521,0.27873,0.26935,0.25997,0.24951,0.23798,0.22645,0.21577,0.20597,0.19617,0.18808,0.1817,0.17533,0.17005,0.16588,0.1617,0.15736,0.15287,0.14838,0.14306,0.13692,0.13078,0.12415,0.11704,0.10993,0.10319,0.096821,0.090456,0.085237,0.081162,0.077086,0.074526,0.073484,0.072442,0.072881,0.074804,0.076727,0.079777,0.083955,0.088133,0.093007,0.098578,0.10415,0.11028,0.11696,0.12364,0.13096,0.13892,0.14687,0.15534,0.16431,0.17327,0.1822,0.19107,0.19994,0.20791,0.21499,0.22206,0.2274,0.23102,0.23463,0.23605,0.23527,0.23449,0.23164,0.22673,0.22181,0.21537,0.2074,0.19944,0.19048,0.18054,0.17059,0.16004,0.14887,0.13771,0.12628,0.11458,0.10289,0.091194,0.079493,0.067793,0.056061,0.044297,0.032532,0.020457,0.0080698,-0.0043182,-0.017264,-0.030765,-0.044267,-0.042517,-0.025514,-0.008508
0,0,0,0,0,0,0,0,0,0,0,0,0,0,0,0,0,0,0,0,0,0,-0.01786,-0.029767,-0.082398,-0.12676,-0.17113,-0.20279,-0.22175,-0.2407,-0.24108,-0.22288,-0.20468,-0.18047,-0.15026,-0.12005,-0.086649,-0.050048,-0.013436,0.024271,0.063078,0.10189,0.13909,0.17467,0.21025,0.24267,0.27192,0.30116,0.32753,0.35106,0.37459,0.39554,0.4139,0.43227,0.44738,0.45924,0.4711,0.47849,0.48142,0.48435,0.48166,0.47336,0.46506,0.45095,0.43104,0.41112,0.38626,0.35646,0.32665,0.29718,0.26803,0.23888,0.20104,0.15451,0.10798,0.060044,0.010695,-0.038658,-0.088562,-0.13903,-0.18951,-0.24063,-0.29239,-0.34417,-0.39126,-0.43366,-0.47606,-0.51675,-0.55572,-0.5947,-0.62757,-0.65432,-0.68106,-0.7018,-0.71655,-0.73129,-0.74116,-0.74616,-0.75116,-0.76406,-0.78483,-0.80561,-0.83058,-0.85975,-0.88892,-0.92463,-0.96688,-1.0091,-1.0462,-1.078,-1.1098,-1.128,-1.1325,-1.1371,-1.132,-1.1173,-1.1026,-1.0916,-1.0842,-1.0768,-1.0748,-1.0781,-1.0814,-1.0936,-1.1145,-1.1355,-1.1453,-1.144,-1.1427,-1.1279,-1.0996,-1.0714,-1.0417,-1.0106,-0.97959,-0.95984,-0.95138,-0.94293,-0.93642,-0.93186,-0.9273,-0.92156,-0.91461,-0.90767,-0.89615,-0.88004,-0.86393,-0.84497,-0.82316,-0.80136,-0.77787,-0.75272,-0.72757,-0.70275,-0.67825,-0.65376,-0.62739,-0.59915,-0.57091,-0.54664,-0.52633,-0.50602,-0.48678,-0.46643,-0.44685,-0.41221,-0.35947,-0.3069,-0.2508,-0.19111,-0.13201,-0.078623,-0.030645,0.01714,0.062084,0.10419,0.14586,0.19076,0.23879,0.28582,0.33579,0.39421,0.45137,0.4926,0.52425,0.55645,0.57889,0.59174,0.60504,0.6133,0.61671,0.62006,0.62463,0.63039,0.63555,0.64421,0.65637,0.66704,0.68645,0.70773,0.72109,0.72864,0.73056,0.73728,0.74013,0.73486,0.73013,0.72712,0.72532,0.72384,0.72688,0.73415,0.74295,0.75472,0.76992,0.78777,0.80038,0.81005,0.82262,0.82193,0.80894,0.79455,0.76301,0.7148,0.66545,0.60508,0.53342,0.46163,0.38934,0.31632,0.24241,0.1776,0.12205,0.064077,0.018425,-0.016287,-0.053468,-0.090432,-0.12778,-0.16729,-0.21569,-0.27358,-0.33552,-0.38688,-0.42943,-0.47092,-0.47772,-0.44545,-0.40917,-0.3485,-0.25857,-0.16392,-0.087404,-0.038537,0.0075285,0.029928,0.026991,-0.094122,-0.22726,-0.12706,0,0,0,0,0,0,0,0,0,0,0,0,0,0,0,0,0,0,0,0,0,0,0,0,0,0,0,0,0,0,0,-0.11991,-0.20727,-0.18961,-0.15595,-0.10905,-0.067452,-0.04155,-0.014988,0.059743,0.15294,0.21262,0.27463,0.29353,0.14845,0,0,0,0,0,0,0,0,-0.12548,-0.24666,-0.20127,-0.13356,-0.075377,-0.045418,-0.006132,0.2764,0.53526,0.47684,0.18992,0,0,0,0,0,0,0,0,0,0,0,0,0,0,0,0,0,0,0,0,0,0,0,0,0,0,0,0,0,0,0,0,0,0,0,0,0,0,0,0,0,0,0,0,0,0,0,0,-0.19569,-0.23934,-0.55779,-0.6384,-0.7148,-0.79121,-0.85423,-0.90385,-0.95346,-0.9854,-0.99966,-1.0139,-1.0186,-1.0138,-1.009,-1.0066,-1.0066,-1.0066,-1.0054,-1.003,-1.0005,-1.0012,-1.0051,-1.0089,-1.0138,-1.0197,-1.0255,-1.029,-1.0302,-1.0314,-1.0237,-1.0072,-0.99073,-0.96921,-0.94267,-0.91613,-0.88576,-0.85158,-0.81739,-0.78098,-0.74234,-0.70369,-0.66319,-0.62083,-0.57848,-0.53397,-0.48728,-0.4406,-0.39203,-0.34158,-0.29111,-0.23989,-0.18793,-0.13596,-0.085071,-0.03525,0.01458,0.060952,0.10388,0.14679,0.18363,0.21438,0.24513,0.26799,0.28297,0.29794,0.30559,0.30593,0.30627,0.3023,0.29404,0.28577,0.27747,0.26912,0.26077,0.25581,0.25425,0.25269,0.25472,0.26036,0.266,0.27242,0.27962,0.28683,0.29191,0.29488,0.29785,0.29748,0.29377,0.29005,0.28356,0.27429,0.26501,0.25488,0.24388,0.23288,0.22293,0.21401,0.20509,0.19788,0.19239,0.1869,0.18235,0.17873,0.17512,0.17112,0.16675,0.16237,0.15698,0.15056,0.14414,0.13718,0.12966,0.12215,0.11511,0.10855,0.102,0.096707,0.092679,0.088651,0.086136,0.085138,0.08414,0.084491,0.086192,0.087893,0.090536,0.094122,0.097709,0.10184,0.10652,0.1112,0.11639,0.12211,0.12783,0.13426,0.14142,0.14858,0.15635,0.16473,0.17312,0.18149,0.18986,0.19822,0.20563,0.21207,0.21852,0.22316,0.22599,0.22882,0.22945,0.22788,0.22631,0.22276,0.21722,0.21168,0.20476,0.19648,0.18819,0.17907,0.1691,0.15913,0.1486,0.13753,0.12645,0.11511,0.10352,0.091921,0.080349,0.068805,0.057263,0.045693,0.034094,0.022496,0.010628,-0.0015101,-0.01365,-0.026503,-0.040067,-0.053633,-0.05035,-0.030214,-0.010076
0,0,0,0,0,0,0,0,0,0,0,0,0,0,0,0,0,0,0,0,0,0,0,0,-0.074512,-0.14186,-0.20922,-0.25185,-0.26972,-0.28759,-0.2881,-0.27124,-0.25438,-0.2302,-0.19869,-0.16717,-0.13174,-0.092399,-0.053044,-0.012603,0.028926,0.070459,0.11019,0.14814,0.18607,0.22072,0.2521,0.28346,0.31193,0.33751,0.3631,0.38607,0.4064,0.42674,0.44379,0.45755,0.47131,0.48057,0.48531,0.49005,0.48909,0.48242,0.47575,0.46314,0.44458,0.42602,0.40232,0.37346,0.34461,0.3161,0.28793,0.25975,0.22237,0.17577,0.12919,0.081111,0.031516,-0.018069,-0.068955,-0.12116,-0.17336,-0.22681,-0.28146,-0.33612,-0.3859,-0.43076,-0.47562,-0.51692,-0.55464,-0.59237,-0.62355,-0.64818,-0.67281,-0.69277,-0.70806,-0.72335,-0.73403,-0.7401,-0.74618,-0.76092,-0.78433,-0.80774,-0.83537,-0.86721,-0.89905,-0.93689,-0.98071,-1.0245,-1.062,-1.093,-1.124,-1.1405,-1.1424,-1.1444,-1.1365,-1.1189,-1.1012,-1.0874,-1.0774,-1.0674,-1.0626,-1.063,-1.0634,-1.0757,-1.0997,-1.1238,-1.1369,-1.1392,-1.1415,-1.1299,-1.1045,-1.0791,-1.0508,-1.0197,-0.98863,-0.96994,-0.96365,-0.95738,-0.95115,-0.94496,-0.93878,-0.93264,-0.92655,-0.92045,-0.91037,-0.89628,-0.8822,-0.86289,-0.83836,-0.81384,-0.78802,-0.76089,-0.73377,-0.7081,-0.68387,-0.65965,-0.63439,-0.60812,-0.58184,-0.55823,-0.53727,-0.51633,-0.50037,-0.48401,-0.46261,-0.42708,-0.3763,-0.32506,-0.26916,-0.20813,-0.14812,-0.093228,-0.042649,0.007154,0.054344,0.098389,0.14165,0.18861,0.2382,0.28572,0.33958,0.39962,0.45027,0.49277,0.53041,0.56414,0.58938,0.60507,0.62051,0.63119,0.63679,0.64198,0.64772,0.65353,0.65895,0.66836,0.6808,0.69084,0.70727,0.72166,0.72357,0.72503,0.72524,0.7285,0.73156,0.72752,0.72251,0.72136,0.72116,0.7174,0.71603,0.71979,0.72766,0.73642,0.74843,0.76755,0.78096,0.79134,0.8082,0.8141,0.80647,0.79158,0.76026,0.71521,0.66656,0.60905,0.54426,0.48113,0.4175,0.35115,0.28363,0.22393,0.1701,0.1113,0.06314,0.023466,-0.021519,-0.068706,-0.11605,-0.16803,-0.22937,-0.2996,-0.37498,-0.43885,-0.49139,-0.53858,-0.54497,-0.50262,-0.45248,-0.37556,-0.26327,-0.14377,-0.046194,0.013349,0.051852,0.076717,0.056491,-0.1537,-0.39739,-0.24085,0,0,0,0,0,0,0,0,0,0,0,0,0,0,0,0,0,0,0,0,0,0,0,0,0,0,0,0,0,0,0,0,-0.20305,-0.18393,-0.1521,-0.10818,-0.079076,-0.078669,-0.080611,0.016538,0.20249,0.34615,0.47292,0.52952,0.26455,0,0,0,0,0,0,0,0,0,-0.13091,-0.21369,-0.14508,-0.10556,-0.12221,-0.12773,0.29045,0.86087,1.0053,0.4891,0,0,0,0,0,0,0,0,0,0,0,0,0,0,0,0,0,0,0,0,0,0,0,0,0,0,0,0,0,0,0,0,0,0,0,0,0,0,0,0,0,0,0,0,0,0,0,0,0,0,-0.45802,-0.54365,-0.64622,-0.74879,-0.8288,-0.88622,-0.94364,-0.97914,-0.99271,-1.0063,-1.0097,-1.0029,-0.99609,-0.99358,-0.99535,-0.99713,-0.99702,-0.99502,-0.99302,-0.99486,-1.0005,-1.0062,-1.0118,-1.0173,-1.0227,-1.027,-1.0299,-1.0329,-1.0266,-1.0109,-0.99523,-0.97488,-0.94984,-0.9248,-0.89576,-0.86272,-0.82968,-0.79416,-0.75617,-0.71818,-0.67829,-0.63651,-0.59471,-0.55074,-0.5046,-0.45845,-0.41034,-0.36028,-0.31021,-0.25928,-0.2075,-0.15573,-0.10494,-0.055129,-0.0053033,0.041095,0.084071,0.12704,0.16384,0.19448,0.22513,0.24799,0.26309,0.27818,0.2865,0.28803,0.28957,0.28731,0.28124,0.27518,0.26903,0.2628,0.25657,0.25334,0.25309,0.25285,0.25585,0.2621,0.26834,0.27514,0.28249,0.28985,0.29496,0.29783,0.3007,0.30022,0.2964,0.29257,0.28612,0.27704,0.26796,0.25827,0.24796,0.23765,0.22854,0.22063,0.21272,0.20643,0.20176,0.19709,0.19314,0.18991,0.18668,0.18289,0.17855,0.17422,0.16876,0.16217,0.15559,0.14843,0.14071,0.13298,0.1258,0.11916,0.11252,0.10723,0.10329,0.099354,0.096932,0.09603,0.095128,0.095442,0.096971,0.098499,0.10078,0.10381,0.10684,0.11029,0.11415,0.11802,0.12239,0.12725,0.13212,0.13777,0.1442,0.15063,0.15775,0.16555,0.17336,0.18117,0.18899,0.19681,0.2036,0.20936,0.21512,0.21898,0.22095,0.22292,0.22269,0.22027,0.21784,0.21355,0.2074,0.20125,0.19389,0.18535,0.1768,0.16757,0.15765,0.14773,0.13732,0.12644,0.11555,0.1044,0.092991,0.08158,0.070191,0.058828,0.047466,0.036102,0.024733,0.013364,0.0017475,-0.010118,-0.021984,-0.034548,-0.047808,-0.061071,-0.056426,-0.03386,-0.011289
0,0,0,0,0,0,0,0,0,0,0,0,0,0,0,0,0,0,0,0,0,0,0,0,-0.036575,-0.16634,-0.26089,-0.31386,-0.32522,-0.33657,-0.33552,-0.32206,-0.30861,-0.28516,-0.25169,-0.2182,-0.18002,-0.13715,-0.09428,-0.050628,-0.0062001,0.038228,0.08047,0.12053,0.16058,0.1973,0.23068,0.26406,0.29459,0.32227,0.34995,0.37493,0.3972,0.41948,0.43841,0.45398,0.46955,0.48055,0.48697,0.49339,0.49403,0.48889,0.48374,0.47257,0.45538,0.43819,0.41573,0.388,0.36026,0.33298,0.30616,0.27933,0.24285,0.19671,0.15058,0.10277,0.053263,0.0037629,-0.047854,-0.10158,-0.1553,-0.2108,-0.26809,-0.32535,-0.37878,-0.42836,-0.47793,-0.5204,-0.55575,-0.59108,-0.62036,-0.64356,-0.66675,-0.68591,-0.70105,-0.71618,-0.72791,-0.73625,-0.74458,-0.76196,-0.7884,-0.81483,-0.84454,-0.8775,-0.91045,-0.94805,-0.99029,-1.0325,-1.0679,-1.0963,-1.1247,-1.1391,-1.1395,-1.1399,-1.1309,-1.1124,-1.094,-1.0789,-1.0672,-1.0554,-1.0488,-1.0474,-1.0459,-1.0579,-1.0833,-1.1088,-1.1234,-1.1271,-1.1309,-1.1211,-1.0977,-1.0744,-1.0488,-1.021,-0.99325,-0.97626,-0.97004,-0.96383,-0.95756,-0.95123,-0.94491,-0.93901,-0.93353,-0.92804,-0.9194,-0.90759,-0.89577,-0.87675,-0.85053,-0.8243,-0.79715,-0.76906,-0.74098,-0.71519,-0.6917,-0.66821,-0.64545,-0.6234,-0.60135,-0.57943,-0.55765,-0.53587,-0.52131,-0.50703,-0.48004,-0.43952,-0.38968,-0.33797,-0.28231,-0.2219,-0.16175,-0.10524,-0.051869,-0.00011844,0.049386,0.092385,0.13404,0.1823,0.23268,0.28708,0.34721,0.40095,0.44962,0.49598,0.53371,0.56775,0.59487,0.61288,0.62893,0.64088,0.64784,0.65392,0.66048,0.66654,0.67271,0.68266,0.69514,0.70624,0.71618,0.72127,0.72151,0.71977,0.71532,0.71377,0.71872,0.7202,0.71489,0.7133,0.71293,0.71057,0.70944,0.71227,0.72005,0.72709,0.73683,0.75453,0.76647,0.77495,0.79154,0.80109,0.79646,0.77942,0.74822,0.70788,0.66213,0.60794,0.54958,0.49481,0.43864,0.37628,0.31339,0.257,0.20238,0.14338,0.091666,0.047789,-0.0006862,-0.054677,-0.10862,-0.16795,-0.23942,-0.3192,-0.40224,-0.47781,-0.54118,-0.59669,-0.60822,-0.56985,-0.49526,-0.19363,-0.13462,-0.073105,-0.076511,-0.028779,0.00071736,0.016846,-0.0043698,-0.14241,-0.3184,-0.22798,0,0,0,0,0,0,0,0,0,0,0,0,0,0,0,0,0,0,0,0,0,0,0,0,0,0,0,0,0,0,0,0,-0.21681,-0.1795,-0.14075,-0.099145,-0.075421,-0.078606,-0.079774,0.0099592,0.19778,0.35595,0.45625,0.47217,0.23394,0.0080385,0.0018197,0.0051026,0.0022859,0,0,0,0,0,0,-0.2148,-0.15389,-0.12975,-0.1568,-0.14519,0.17353,0.74372,1.0609,0.62514,0.080084,0,0,0,0,0,0,0,0,0,0,0,0,0,0.00012504,-0.00021997,-0.00073775,-0.00062604,-6.0943e-05,0,0,0,0,0,0,0,0,0,0,0,0,0,0,0,0,0,0,0,0,0,0,0,0,0,0,0,0,0,0,0,-0.18321,-0.22834,-0.51832,-0.66694,-0.77617,-0.84599,-0.91582,-0.95772,-0.97169,-0.98566,-0.98948,-0.98315,-0.97682,-0.9751,-0.978,-0.98089,-0.98193,-0.98112,-0.9803,-0.98423,-0.9929,-1.0016,-1.0081,-1.0126,-1.017,-1.021,-1.0244,-1.0278,-1.0225,-1.0085,-0.99444,-0.976,-0.95317,-0.93034,-0.90329,-0.87203,-0.84076,-0.80652,-0.76928,-0.73206,-0.69267,-0.65113,-0.60958,-0.56588,-0.52003,-0.47417,-0.42638,-0.37664,-0.3269,-0.27625,-0.2247,-0.17315,-0.12258,-0.072959,-0.023337,0.022821,0.065515,0.1082,0.14481,0.17535,0.20591,0.22904,0.24476,0.26049,0.26984,0.27282,0.27579,0.27523,0.27112,0.26702,0.26277,0.25837,0.25397,0.25211,0.25277,0.25343,0.25691,0.2632,0.26948,0.27624,0.28347,0.29069,0.29568,0.29842,0.30116,0.30058,0.29667,0.29277,0.28642,0.27761,0.26881,0.25968,0.25022,0.24076,0.23263,0.22584,0.21906,0.21371,0.2098,0.2059,0.20243,0.1994,0.19638,0.19267,0.18829,0.18391,0.17839,0.17176,0.16512,0.15792,0.15018,0.14243,0.13525,0.12864,0.12202,0.11681,0.113,0.10919,0.10691,0.10616,0.10541,0.10573,0.10714,0.10855,0.11051,0.11302,0.11553,0.11835,0.12149,0.12462,0.12825,0.13238,0.13652,0.14147,0.14725,0.15303,0.15953,0.16677,0.174,0.18123,0.18847,0.1957,0.20183,0.20684,0.21185,0.21487,0.21589,0.21691,0.21575,0.21241,0.20908,0.20403,0.19727,0.19051,0.18276,0.17401,0.16526,0.15598,0.14619,0.1364,0.1262,0.1156,0.105,0.094138,0.083004,0.071868,0.06072,0.049561,0.038403,0.027287,0.016213,0.0051361,-0.0061854,-0.017752,-0.02932,-0.041398,-0.053989,-0.066582,-0.060739,-0.036446,-0.012149
0,0,0,0,0,0,0,0,0,0,0,0,0,0,0,0,0,0,0,0,0,0,0,0,0,-0.19081,-0.31256,-0.37586,-0.38071,-0.38554,-0.38294,-0.37289,-0.36286,-0.34012,-0.30467,-0.26922,-0.2283,-0.18191,-0.13552,-0.088661,-0.041335,0.0059995,0.050742,0.092908,0.13508,0.17386,0.20926,0.24466,0.27724,0.30702,0.3368,0.36379,0.388,0.41221,0.43301,0.4504,0.46779,0.48054,0.48864,0.49674,0.49898,0.49536,0.49174,0.48201,0.46618,0.45036,0.42914,0.40253,0.37592,0.34987,0.32439,0.2989,0.26333,0.21766,0.17198,0.12443,0.075012,0.025595,-0.026741,-0.081997,-0.13723,-0.1948,-0.25469,-0.31457,-0.37167,-0.42597,-0.48026,-0.52389,-0.55685,-0.58981,-0.61717,-0.63893,-0.66069,-0.67905,-0.69403,-0.70901,-0.7218,-0.73239,-0.74298,-0.76301,-0.79246,-0.82192,-0.85369,-0.88777,-0.92185,-0.95921,-0.99987,-1.0405,-1.0738,-1.0996,-1.1254,-1.1377,-1.1366,-1.1354,-1.1252,-1.106,-1.0868,-1.0704,-1.057,-1.0435,-1.0351,-1.0318,-1.0284,-1.0401,-1.0669,-1.0938,-1.1098,-1.115,-1.1203,-1.1123,-1.091,-1.0696,-1.0467,-1.0223,-0.99787,-0.98258,-0.97643,-0.97028,-0.96397,-0.9575,-0.95104,-0.94537,-0.9405,-0.93563,-0.92843,-0.91889,-0.90935,-0.89062,-0.86269,-0.83476,-0.80628,-0.77724,-0.74819,-0.72229,-0.69953,-0.67679,-0.6565,-0.63868,-0.62086,-0.60064,-0.57802,-0.55541,-0.53976,-0.52369,-0.49405,-0.45285,-0.40399,-0.35143,-0.29495,-0.23489,-0.17423,-0.11517,-0.05857,-0.007236,0.041135,0.086047,0.13007,0.17968,0.2315,0.28872,0.34527,0.39327,0.44848,0.49704,0.52983,0.56322,0.59204,0.61398,0.63178,0.64451,0.65274,0.66023,0.6682,0.6753,0.68178,0.69074,0.70229,0.71339,0.72168,0.72237,0.72231,0.71519,0.70635,0.70743,0.71141,0.71256,0.70733,0.70291,0.70315,0.70711,0.70929,0.71354,0.71984,0.72413,0.73185,0.74439,0.753,0.7585,0.77085,0.78024,0.77779,0.76307,0.73537,0.70048,0.66005,0.61174,0.55892,0.50764,0.45555,0.39735,0.33789,0.28218,0.22525,0.16638,0.11378,0.068404,0.019314,-0.035915,-0.093689,-0.15778,-0.23478,-0.32405,-0.4181,-0.50674,-0.58499,-0.65553,-0.68606,-0.66671,-0.5471,0,0,0,-0.053697,-0.03844,-0.023182,-0.018405,-0.048835,-0.09942,-0.18516,-0.16796,0,0,0,-0.0069011,-0.0092154,0,0,0,0,0,0,0,0,0,0,0,0,0,0,0,0,0,0,0,0,0,0,0,0,0,0,0,-0.23545,-0.18046,-0.13197,-0.090523,-0.063916,-0.052257,-0.021697,0.06769,0.21355,0.35623,0.32278,0.20575,0.099567,0.0080385,0.010609,0.018624,0.01003,0,0,0,0,0,0,-0.22037,-0.17148,-0.14935,-0.13985,-0.038753,0.25301,0.65308,0.81835,0.60834,0.21763,0,0,0,0,0,-0.00011541,0,0,0,0,0,0,0,0.0017884,0.0002169,-0.0024064,-0.0029747,-6.0943e-05,0,0,0,0,0,0,0,0,0,0,0,0,0,0,0,0,0,0,0,0,0,0,0,0,0,0,0,0,0,0,0,0,0,-0.39039,-0.58506,-0.72353,-0.80577,-0.888,-0.93629,-0.95067,-0.96504,-0.96929,-0.96342,-0.95756,-0.95663,-0.96064,-0.96466,-0.96685,-0.96722,-0.96759,-0.9736,-0.98526,-0.99692,-1.0045,-1.0079,-1.0114,-1.015,-1.0189,-1.0227,-1.0185,-1.0061,-0.99365,-0.97713,-0.9565,-0.93588,-0.91082,-0.88133,-0.85185,-0.81887,-0.7824,-0.74594,-0.70706,-0.66576,-0.62445,-0.58101,-0.53545,-0.48989,-0.44241,-0.39299,-0.34358,-0.29322,-0.2419,-0.19058,-0.14022,-0.090788,-0.04137,0.0045419,0.046951,0.089352,0.12578,0.15623,0.18668,0.21008,0.22644,0.2428,0.25319,0.2576,0.26202,0.26315,0.261,0.25886,0.2565,0.25394,0.25138,0.25088,0.25244,0.25401,0.25796,0.2643,0.27063,0.27734,0.28444,0.29154,0.29639,0.299,0.30162,0.30093,0.29695,0.29297,0.28672,0.27819,0.26967,0.2611,0.25248,0.24386,0.23672,0.23106,0.2254,0.22099,0.21785,0.21471,0.21173,0.2089,0.20607,0.20245,0.19802,0.19359,0.18803,0.18134,0.17465,0.16742,0.15965,0.15188,0.1447,0.13811,0.13152,0.12639,0.12271,0.11903,0.1169,0.11629,0.11569,0.11602,0.11731,0.11859,0.12023,0.12223,0.12422,0.12642,0.12882,0.13122,0.13412,0.13752,0.14091,0.14518,0.1503,0.15543,0.16132,0.16798,0.17464,0.18129,0.18794,0.1946,0.20005,0.20432,0.20858,0.21075,0.21083,0.2109,0.20881,0.20456,0.20031,0.1945,0.18714,0.17978,0.17162,0.16266,0.15371,0.1444,0.13473,0.12507,0.11508,0.10477,0.094459,0.083874,0.073015,0.062156,0.051249,0.040294,0.02934,0.018473,0.0076922,-0.0030914,-0.014116,-0.025384,-0.036654,-0.04825,-0.060171,-0.072093,-0.065051,-0.039033,-0.013012
0,0,0,0,0,0,0,0,0,0,0,0,0,0,0,0,0,0,0,0,0,0,0,0,0,-0.10151,-0.1692,-0.43078,-0.4353,-0.43981,-0.43729,-0.42774,-0.4182,-0.39452,-0.3567,-0.31889,-0.275,-0.22501,-0.17502,-0.12507,-0.075105,-0.025144,0.021803,0.065775,0.10974,0.15033,0.18755,0.22476,0.25917,0.2908,0.32241,0.35119,0.37714,0.40309,0.42562,0.44473,0.46383,0.47822,0.48788,0.49754,0.50129,0.49912,0.49696,0.48865,0.4742,0.45976,0.43984,0.41445,0.38906,0.36436,0.34035,0.31633,0.28192,0.2371,0.19228,0.14533,0.09624,0.047147,-0.0055791,-0.061946,-0.11832,-0.17744,-0.23933,-0.30122,-0.36075,-0.41788,-0.47501,-0.52022,-0.55352,-0.58681,-0.61331,-0.633,-0.6527,-0.67017,-0.68543,-0.70068,-0.71469,-0.72744,-0.74019,-0.76271,-0.79501,-0.8273,-0.86093,-0.89588,-0.93083,-0.96764,-1.0063,-1.0449,-1.0759,-1.0992,-1.1225,-1.1332,-1.1315,-1.1297,-1.1195,-1.1009,-1.0823,-1.0658,-1.0515,-1.0371,-1.0268,-1.0205,-1.0142,-1.0238,-1.0495,-1.0752,-1.0907,-1.0959,-1.1011,-1.0954,-1.0786,-1.0618,-1.0434,-1.0234,-1.0035,-0.98984,-0.98252,-0.97519,-0.9678,-0.96034,-0.95288,-0.94691,-0.94245,-0.93799,-0.93135,-0.92253,-0.91371,-0.89599,-0.86937,-0.84274,-0.81543,-0.78743,-0.75944,-0.73511,-0.71447,-0.69383,-0.67613,-0.66138,-0.64662,-0.62819,-0.60607,-0.58396,-0.56972,-0.55265,-0.51523,-0.46959,-0.42092,-0.36468,-0.30428,-0.24289,-0.18187,-0.12202,-0.064598,-0.015166,0.027669,0.073508,0.12279,0.17354,0.22652,0.28057,0.33322,0.38963,0.44703,0.49013,0.52346,0.5582,0.59171,0.6184,0.63626,0.64725,0.65565,0.66441,0.67286,0.67949,0.68576,0.6951,0.70776,0.71967,0.72551,0.72034,0.71401,0.70237,0.69659,0.70228,0.70215,0.6987,0.69115,0.68342,0.68701,0.69877,0.70943,0.71656,0.71717,0.71697,0.72263,0.73237,0.73962,0.74149,0.74693,0.75296,0.75086,0.73962,0.71643,0.68641,0.65186,0.61121,0.56388,0.51266,0.46049,0.40687,0.35186,0.29305,0.23034,0.17094,0.12068,0.077234,0.031167,-0.021122,-0.078319,-0.1422,-0.21941,-0.31248,-0.41405,-0.51449,-0.6104,-0.69505,-0.74306,-0.73853,-0.61712,0,0,0,0,0,0,0,-0.030536,-0.036192,-0.054902,-0.064579,-0.038233,-0.025576,-0.01977,-0.024715,-0.020901,-0.0049516,-0.0094559,0,0,0,0,0,0,0,0,0,0,0,0,0,0,0,0,0,0,0,0,0,0,0,0,0,-0.23682,-0.18096,-0.12733,-0.080915,-0.042843,-0.0041272,0.051984,0.13715,0.23631,0.25156,0.10921,0,0,0,0.01626,0.029475,0.021817,0,0,0,0,0,0,-0.22698,-0.18222,-0.1398,-0.061175,0.10655,0.3521,0.55845,0.58251,0.51306,0.25638,0,0,0,0,0,-0.00011541,0,0,0,0,0,0,0,0.0044694,0.0029352,-0.0030961,-0.007646,0,0,0,0,0,0,0,0,0,0,0,0,0,0,0,0,0,0,0,0,0,0,0,0,0,0,0,0,0,0,0,0,0,0,-0.31055,-0.51765,-0.66581,-0.75499,-0.84416,-0.89738,-0.91466,-0.93194,-0.93899,-0.93581,-0.93263,-0.93418,-0.94046,-0.94674,-0.95095,-0.9531,-0.95525,-0.96289,-0.97602,-0.98915,-0.99707,-0.99978,-1.0025,-1.006,-1.0104,-1.0149,-1.0118,-1.0012,-0.9906,-0.97622,-0.95805,-0.93988,-0.91708,-0.88964,-0.8622,-0.83073,-0.79523,-0.75974,-0.72146,-0.6804,-0.63932,-0.59609,-0.55068,-0.50528,-0.458,-0.40884,-0.35967,-0.30959,-0.25857,-0.20756,-0.15753,-0.10847,-0.059418,-0.013862,0.028191,0.070236,0.10651,0.13703,0.16754,0.1914,0.20863,0.22585,0.23746,0.24344,0.24943,0.25229,0.25203,0.25177,0.25117,0.25024,0.24931,0.24995,0.25216,0.25437,0.25853,0.26464,0.27074,0.27718,0.28394,0.2907,0.2953,0.29771,0.30013,0.29934,0.29534,0.29134,0.28527,0.27714,0.26901,0.26103,0.25322,0.24541,0.23912,0.23437,0.22962,0.22599,0.22349,0.22099,0.21844,0.21582,0.2132,0.20968,0.20525,0.20082,0.19532,0.18875,0.18217,0.17512,0.16759,0.16007,0.15308,0.14665,0.14022,0.13521,0.13162,0.12803,0.12598,0.12546,0.12495,0.1253,0.12652,0.12773,0.12915,0.13077,0.13239,0.13412,0.13597,0.13782,0.14015,0.14295,0.14576,0.14942,0.15394,0.15845,0.16372,0.16975,0.17577,0.18174,0.18766,0.19359,0.19824,0.20163,0.20502,0.20627,0.2054,0.20452,0.20154,0.19646,0.19137,0.18489,0.17701,0.16913,0.16065,0.15156,0.14247,0.13318,0.1237,0.11422,0.10451,0.09456,0.084611,0.074382,0.063873,0.053365,0.04277,0.032089,0.021408,0.010825,0.00033828,-0.010152,-0.020809,-0.031631,-0.042456,-0.053555,-0.064929,-0.076303,-0.06833,-0.041006,-0.013675
0,0,0,0,0,0,0,0,0,0,0,0,0,0,0,0,0,0,0,0,0,0,0,0,0,0,0,-0.4786,-0.48898,-0.49935,-0.49856,-0.48662,-0.47466,-0.44839,-0.40779,-0.3672,-0.32008,-0.26643,-0.21279,-0.15982,-0.1075,-0.055197,-0.0063328,0.039118,0.084569,0.12671,0.16554,0.20436,0.24038,0.27359,0.3068,0.33714,0.36463,0.39211,0.41622,0.43694,0.45766,0.47358,0.4847,0.49582,0.50098,0.50019,0.4994,0.49248,0.47944,0.46639,0.44783,0.42376,0.39969,0.37645,0.35404,0.33163,0.29864,0.25507,0.21152,0.16548,0.11695,0.068436,0.015634,-0.041453,-0.098545,-0.15873,-0.22201,-0.28531,-0.34601,-0.40409,-0.46218,-0.5094,-0.54575,-0.58209,-0.60876,-0.62577,-0.64278,-0.65927,-0.67524,-0.6912,-0.70659,-0.72139,-0.7362,-0.76107,-0.79602,-0.83098,-0.86625,-0.90183,-0.9374,-0.97332,-1.0096,-1.0458,-1.0743,-1.0951,-1.116,-1.1256,-1.1242,-1.1227,-1.1137,-1.0972,-1.0806,-1.0651,-1.0507,-1.0362,-1.0238,-1.0135,-1.0031,-1.009,-1.0311,-1.0532,-1.0661,-1.0698,-1.0734,-1.0704,-1.0606,-1.0508,-1.0387,-1.0244,-1.0101,-0.99805,-0.98832,-0.97858,-0.96906,-0.95974,-0.95042,-0.94364,-0.93938,-0.93513,-0.92818,-0.91853,-0.90888,-0.89289,-0.87056,-0.84823,-0.8246,-0.79966,-0.77471,-0.75366,-0.73651,-0.71935,-0.70435,-0.6915,-0.67863,-0.66207,-0.6418,-0.62152,-0.60709,-0.58697,-0.54853,-0.50409,-0.44771,-0.37883,-0.31092,-0.24643,-0.1865,-0.12956,-0.075838,-0.02601,0.016996,0.060939,0.11165,0.16461,0.22026,0.27707,0.33253,0.39154,0.45111,0.49487,0.52872,0.56682,0.5982,0.62027,0.63614,0.64473,0.65379,0.66386,0.67069,0.67386,0.67917,0.69181,0.70954,0.72367,0.72565,0.71239,0.69905,0.6846,0.6744,0.68193,0.68841,0.68372,0.67041,0.6561,0.65868,0.67959,0.70249,0.71441,0.71114,0.70527,0.70794,0.7171,0.72446,0.722,0.7196,0.71694,0.70887,0.69936,0.68275,0.65881,0.63003,0.5966,0.55497,0.50442,0.45104,0.40073,0.35042,0.29088,0.22337,0.16211,0.11467,0.074971,0.034089,-0.01308,-0.066497,-0.12685,-0.19911,-0.28941,-0.39566,-0.50421,-0.60647,-0.69379,-0.74516,-0.73657,-0.60518,0,0,0,0,0,0,0,0,0,0,0,-0.038233,-0.066706,-0.058379,-0.051291,-0.037054,-0.021145,-0.016968,-0.0011293,0,0,0,0,0,0,0,0,0,0,0,0,0,0,0,0,0,0,0,0,0,0,-0.061517,-0.088939,-0.20854,-0.17197,-0.12262,-0.072006,-0.020435,0.035331,0.097599,0.16502,0.17543,0.08471,0.0056463,0,0,0,0.012708,0.027573,0.014072,0,0,0,0,0,0,-0.22714,-0.17656,-0.1021,0.023874,0.20416,0.38846,0.49208,0.48716,0.39776,0.17988,0,0,0,0,0,0,0,0,0,0,0,0,0,0.0089846,0.0084512,-0.0024521,-0.012236,0,0,0,0,0,0,0,0,0,0,0,0,0,0,0,0,0,0,0,0,0,0,0,0,0,0,0,0,0,0,0,0,0,0,-0.14733,-0.2456,-0.60301,-0.69367,-0.78432,-0.84099,-0.86369,-0.88638,-0.89859,-0.90033,-0.90206,-0.90777,-0.91745,-0.92713,-0.93423,-0.93876,-0.94328,-0.95209,-0.96518,-0.97828,-0.98594,-0.98817,-0.9904,-0.99405,-0.99912,-1.0042,-1.0024,-0.99388,-0.98531,-0.97328,-0.95781,-0.94234,-0.92205,-0.89693,-0.87182,-0.8421,-0.80778,-0.77345,-0.73588,-0.69504,-0.6542,-0.61109,-0.56571,-0.52033,-0.47315,-0.42417,-0.37518,-0.32537,-0.27473,-0.22409,-0.17452,-0.126,-0.077485,-0.032406,0.0092308,0.050861,0.087039,0.11776,0.14848,0.173,0.19132,0.20965,0.22265,0.23033,0.23802,0.24264,0.2442,0.24576,0.24679,0.24728,0.24777,0.24932,0.25192,0.25452,0.25862,0.26422,0.26983,0.27574,0.28197,0.2882,0.29239,0.29454,0.29669,0.29579,0.29183,0.28787,0.28208,0.27446,0.26683,0.2595,0.25244,0.24539,0.23984,0.23578,0.23173,0.22871,0.22673,0.22475,0.22256,0.22016,0.21777,0.21437,0.20998,0.20559,0.20026,0.19397,0.18769,0.18104,0.17401,0.16699,0.1604,0.15426,0.14812,0.14327,0.13972,0.13617,0.13416,0.13368,0.1332,0.13356,0.13476,0.13596,0.13726,0.13864,0.14003,0.14146,0.14294,0.14442,0.14633,0.14869,0.15104,0.1542,0.15815,0.16211,0.16675,0.17207,0.17739,0.18258,0.18762,0.19267,0.19638,0.19877,0.20115,0.20143,0.1996,0.19777,0.19393,0.1881,0.18227,0.1752,0.16689,0.15858,0.14985,0.14069,0.13154,0.12234,0.1131,0.10387,0.094491,0.084976,0.075461,0.065662,0.055579,0.045495,0.035285,0.024948,0.01461,0.0043441,-0.0058489,-0.016045,-0.026261,-0.036492,-0.046724,-0.057315,-0.068263,-0.07921,-0.070575,-0.042356,-0.014126
0,0,0,0,0,0,0,0,0,0,0,0,0,0,0,0,0,0,0,0,0,0,0,0,0,0,0,-0.52641,-0.54267,-0.5589,-0.55984,-0.54548,-0.53112,-0.50225,-0.45887,-0.41549,-0.36514,-0.30784,-0.25054,-0.19456,-0.13991,-0.08525,-0.034456,0.012469,0.059401,0.10309,0.14353,0.18398,0.22159,0.25638,0.29118,0.32309,0.35212,0.38114,0.40682,0.42916,0.45149,0.46894,0.48151,0.49409,0.50067,0.50126,0.50184,0.49631,0.48467,0.47302,0.45582,0.43307,0.41032,0.38855,0.36773,0.34692,0.31536,0.27306,0.23076,0.18562,0.13767,0.089726,0.036848,-0.020968,-0.07878,-0.14003,-0.20472,-0.2694,-0.33125,-0.3903,-0.44935,-0.49857,-0.53797,-0.57736,-0.60422,-0.61854,-0.63287,-0.64837,-0.66504,-0.68172,-0.69848,-0.71534,-0.7322,-0.75944,-0.79704,-0.83465,-0.87157,-0.90777,-0.94398,-0.979,-1.0128,-1.0467,-1.0728,-1.0911,-1.1094,-1.118,-1.1169,-1.1157,-1.1079,-1.0934,-1.079,-1.0645,-1.0499,-1.0353,-1.0208,-1.0065,-0.99214,-0.99421,-1.0127,-1.0312,-1.0415,-1.0436,-1.0457,-1.0454,-1.0426,-1.0398,-1.0341,-1.0254,-1.0167,-1.0063,-0.99411,-0.98197,-0.97031,-0.95914,-0.94797,-0.94036,-0.93631,-0.93227,-0.925,-0.91452,-0.90403,-0.88978,-0.87175,-0.85372,-0.83377,-0.81188,-0.78999,-0.77221,-0.75854,-0.74487,-0.73256,-0.72161,-0.71065,-0.69596,-0.67752,-0.65907,-0.63884,-0.61053,-0.57622,-0.53665,-0.47071,-0.38746,-0.31019,-0.24191,-0.185,-0.13365,-0.08407,-0.033567,0.011665,0.054797,0.1059,0.16275,0.22401,0.28646,0.34685,0.401,0.45369,0.49864,0.53484,0.57551,0.60122,0.61616,0.63127,0.64709,0.66549,0.67716,0.67515,0.66729,0.67062,0.68598,0.70902,0.72576,0.72338,0.70099,0.68046,0.66449,0.65088,0.65575,0.66898,0.66909,0.65349,0.63492,0.63254,0.65198,0.67463,0.69392,0.7029,0.70092,0.70121,0.70916,0.71895,0.71104,0.69244,0.67008,0.64854,0.63927,0.63367,0.62101,0.59765,0.56613,0.52628,0.47842,0.42823,0.3819,0.33721,0.28564,0.22395,0.16245,0.11266,0.073264,0.035575,-0.0067649,-0.055732,-0.11188,-0.17746,-0.26291,-0.3689,-0.47817,-0.57439,-0.65035,-0.6917,-0.66346,-0.51131,0,0,0,0,0,0,0,0,0,0,0,0,-0.04113,-0.092507,-0.085031,-0.070427,-0.049321,-0.028055,-0.0095255,0,0,0,0,0,0,0,0,0,0,0,0,0,0,0,0,0,0,0,0,0,-0.018232,-0.099821,-0.1475,-0.16446,-0.1499,-0.1139,-0.065623,-0.010184,0.047277,0.099203,0.13883,0.10744,0.010145,0,0,0,0,0.0024476,0.013625,0,0,0,-0.084235,-0.11819,-0.13581,-0.12463,-0.2171,-0.15758,-0.064528,0.072562,0.23776,0.3836,0.46063,0.43841,0.29581,0.10359,0,0,0,0,0,0,0,0,0,0,0,0,0,0.014911,0.014196,-0.0024573,-0.016006,0,0,0,0,0,0,0,0,0,0,0,0,0,0,0,0,0,0,0,0,0,0,0,0,0,0,0,0,0,0,0,0,0,0,0,0,-0.54022,-0.63236,-0.72448,-0.78459,-0.8127,-0.84081,-0.85819,-0.86484,-0.87149,-0.88136,-0.89444,-0.90752,-0.91752,-0.92442,-0.93132,-0.94129,-0.95434,-0.9674,-0.9748,-0.97656,-0.97831,-0.98206,-0.98779,-0.99352,-0.99312,-0.98656,-0.98001,-0.97035,-0.95758,-0.94481,-0.92703,-0.90423,-0.88144,-0.85347,-0.82031,-0.78716,-0.75029,-0.70969,-0.66907,-0.62608,-0.58074,-0.53538,-0.4883,-0.4395,-0.39068,-0.34115,-0.29089,-0.24064,-0.19152,-0.14354,-0.095561,-0.050956,-0.0097323,0.031485,0.067556,0.098484,0.12941,0.1546,0.17402,0.19344,0.20784,0.21722,0.2266,0.23299,0.23637,0.23975,0.2424,0.24432,0.24623,0.24868,0.25167,0.25466,0.25871,0.26381,0.26891,0.27431,0.28,0.2857,0.28949,0.29137,0.29325,0.29224,0.28832,0.28441,0.27889,0.27178,0.26466,0.25796,0.25167,0.24537,0.24055,0.2372,0.23384,0.23143,0.22997,0.2285,0.22668,0.2245,0.22233,0.21906,0.21471,0.21036,0.20519,0.1992,0.19321,0.18695,0.18043,0.17391,0.16772,0.16187,0.15601,0.15133,0.14783,0.14432,0.14234,0.1419,0.14146,0.14183,0.14301,0.14419,0.14536,0.14652,0.14768,0.14881,0.14991,0.15102,0.15252,0.15443,0.15633,0.15898,0.16237,0.16576,0.16977,0.17439,0.17902,0.18342,0.18758,0.19175,0.19453,0.19591,0.19729,0.19659,0.1938,0.19101,0.18633,0.17974,0.17316,0.1655,0.15676,0.14803,0.13905,0.12982,0.1206,0.1115,0.1025,0.093511,0.084474,0.075393,0.066311,0.056943,0.047286,0.037628,0.027801,0.017806,0.0078124,-0.0021359,-0.012037,-0.021939,-0.031712,-0.041352,-0.050992,-0.061074,-0.071596,-0.082117,-0.072822,-0.043705,-0.0071737
0,0,0,0,0,0,0,0,0,0,0,0,0,0,0,0,0,0,0,0,0,0,0,0,0,0,0,-0.58074,-0.5959,-0.61106,-0.61029,-0.5936,-0.57691,-0.54558,-0.4996,-0.45364,-0.40087,-0.34133,-0.28179,-0.224,-0.16799,-0.11196,-0.059937,-0.01191,0.036117,0.080959,0.12261,0.16427,0.2031,0.23908,0.27506,0.30824,0.33864,0.36904,0.3961,0.41985,0.44361,0.46242,0.47629,0.49016,0.49803,0.4999,0.50176,0.49754,0.48723,0.47691,0.46102,0.43957,0.41812,0.39782,0.37868,0.35952,0.32964,0.289,0.24836,0.20444,0.15725,0.11005,0.057356,-0.00084164,-0.059048,-0.12086,-0.1863,-0.25173,-0.3142,-0.37373,-0.43325,-0.48351,-0.52451,-0.5655,-0.59343,-0.60831,-0.62319,-0.63864,-0.65468,-0.67072,-0.68819,-0.70709,-0.72599,-0.75537,-0.79525,-0.83512,-0.87334,-0.90993,-0.94652,-0.98073,-1.0126,-1.0444,-1.0687,-1.0853,-1.102,-1.1102,-1.1099,-1.1097,-1.1035,-1.0915,-1.0795,-1.0664,-1.0523,-1.0382,-1.0221,-1.004,-0.98598,-0.98382,-0.99753,-1.0112,-1.019,-1.0209,-1.0228,-1.0243,-1.0253,-1.0263,-1.0245,-1.0198,-1.0151,-1.0066,-0.9943,-0.98196,-0.96909,-0.95569,-0.94229,-0.93264,-0.92673,-0.92082,-0.91245,-0.90162,-0.89078,-0.87861,-0.86511,-0.85161,-0.83694,-0.82111,-0.80527,-0.79234,-0.7823,-0.77227,-0.76238,-0.75264,-0.7429,-0.72838,-0.70907,-0.68975,-0.66465,-0.63015,-0.59299,-0.55137,-0.48102,-0.38979,-0.30449,-0.23266,-0.17818,-0.13124,-0.083431,-0.033528,0.010255,0.051498,0.10196,0.16176,0.22863,0.29716,0.36148,0.41675,0.46175,0.50082,0.541,0.57757,0.60537,0.62127,0.63736,0.66263,0.68206,0.69244,0.68771,0.67643,0.66958,0.67795,0.70428,0.71671,0.71171,0.6908,0.66662,0.64948,0.6353,0.63393,0.6432,0.65176,0.64589,0.62948,0.62018,0.62403,0.63174,0.65185,0.68045,0.6969,0.70538,0.71897,0.73454,0.72404,0.67631,0.61536,0.57433,0.56586,0.57363,0.57507,0.55702,0.52262,0.48083,0.43597,0.39137,0.3514,0.31685,0.2812,0.23616,0.18027,0.12371,0.076738,0.037459,-0.0011708,-0.044808,-0.096665,-0.15938,-0.2396,-0.33793,-0.43915,-0.52257,-0.5738,-0.58942,-0.55079,-0.43021,0,0,0,0,0,0,0,0,0,0,0,0,0,-0.10994,-0.11615,-0.10685,-0.086146,-0.060408,-0.034172,0,0,0,0,0,0,0,0,0,0,0,0,0,0,0,0,0,0,0,0,0.0072177,-0.026886,-0.062545,-0.098127,-0.12153,-0.12255,-0.10194,-0.064245,-0.016356,0.031582,0.065505,0.076912,0.058159,0,0,0,0,-0.0028564,-0.0063441,-0.0046085,0,0,0,-0.1571,-0.21801,-0.25385,-0.23784,-0.19941,-0.13768,-0.04466,0.081758,0.22566,0.35408,0.42461,0.39408,0.25567,0.098842,0,0,0,0,0,0,0,0,0,0,0,0,0,0.026138,0.016093,-0.0057357,-0.022237,-0.01792,-0.010528,0,0,0,0,0,0,0,0,0,0,0,0,0,0,0,0,0,0,0,0,0,0,0,0,0,0,0,0,0,0,0,0,0,0,-0.47873,-0.56806,-0.65737,-0.71865,-0.75194,-0.78522,-0.80806,-0.82046,-0.83287,-0.84782,-0.86533,-0.88284,-0.89655,-0.90644,-0.91633,-0.92817,-0.94197,-0.95577,-0.96349,-0.96513,-0.96677,-0.97073,-0.97698,-0.98324,-0.98394,-0.97907,-0.97421,-0.96659,-0.95623,-0.94587,-0.93042,-0.90987,-0.88933,-0.86316,-0.83139,-0.79961,-0.76366,-0.72353,-0.68338,-0.64068,-0.59543,-0.55016,-0.50322,-0.45462,-0.40601,-0.35681,-0.30704,-0.25726,-0.20869,-0.16133,-0.11398,-0.06987,-0.029037,0.011786,0.047812,0.07903,0.11026,0.13616,0.15672,0.1773,0.19315,0.20428,0.21541,0.22356,0.22874,0.23392,0.23811,0.2413,0.24448,0.24775,0.2511,0.25446,0.25846,0.26313,0.26779,0.27261,0.27761,0.28261,0.28584,0.2873,0.28875,0.28757,0.28373,0.2799,0.27468,0.26809,0.26149,0.25534,0.24964,0.24394,0.23962,0.23669,0.23376,0.23174,0.23062,0.22951,0.22801,0.22614,0.22427,0.2213,0.21724,0.21318,0.2084,0.20288,0.19736,0.19162,0.18567,0.17971,0.17396,0.16842,0.16288,0.15836,0.15485,0.15133,0.14932,0.14882,0.14831,0.14867,0.14989,0.15111,0.1523,0.15348,0.15465,0.15574,0.15673,0.15773,0.15902,0.16061,0.1622,0.16439,0.16721,0.17002,0.17332,0.17711,0.1809,0.18437,0.1875,0.19064,0.19236,0.19267,0.19298,0.19128,0.18758,0.18388,0.17842,0.17122,0.16401,0.15589,0.14685,0.1378,0.12867,0.11943,0.1102,0.1012,0.092435,0.083672,0.074948,0.066265,0.05758,0.048635,0.03943,0.030224,0.020844,0.011295,0.0017472,-0.0077489,-0.017191,-0.026633,-0.035926,-0.045071,-0.054215,-0.063809,-0.07385,-0.083892,-0.074102,-0.044471,0
0,0,0,0,0,0,0,0,0,0,0,0,0,0,0,0,0,0,0,0,0,0,0,0,0,0,0,-0.64155,-0.64869,-0.65582,-0.64991,-0.63097,-0.61202,-0.57837,-0.53,-0.48163,-0.42726,-0.3669,-0.30653,-0.24813,-0.19172,-0.13533,-0.082765,-0.03402,0.014721,0.060326,0.1028,0.14527,0.1849,0.22167,0.25842,0.2926,0.32419,0.35579,0.38406,0.40904,0.43402,0.45401,0.46902,0.48402,0.49305,0.49611,0.49917,0.49617,0.48711,0.47805,0.46344,0.44327,0.42309,0.4043,0.38688,0.36945,0.34147,0.30291,0.26434,0.22193,0.17568,0.12941,0.077157,0.018918,-0.039331,-0.10123,-0.16677,-0.23233,-0.29486,-0.35438,-0.41389,-0.46422,-0.50538,-0.54652,-0.57642,-0.59508,-0.61374,-0.6301,-0.64416,-0.65822,-0.67571,-0.69663,-0.71755,-0.74888,-0.79062,-0.83237,-0.8716,-0.90831,-0.94503,-0.97852,-1.0088,-1.0391,-1.0621,-1.0779,-1.0936,-1.1021,-1.1033,-1.1045,-1.1005,-1.0913,-1.082,-1.0709,-1.0578,-1.0447,-1.0275,-1.0061,-0.98467,-0.97784,-0.98559,-0.99335,-0.99872,-1.0017,-1.0047,-1.007,-1.0086,-1.0101,-1.0098,-1.0077,-1.0055,-0.99924,-0.9889,-0.97855,-0.96538,-0.94938,-0.93338,-0.92046,-0.91064,-0.90081,-0.89054,-0.87983,-0.86913,-0.8594,-0.85065,-0.8419,-0.83413,-0.82734,-0.82056,-0.81404,-0.80779,-0.80154,-0.7938,-0.78459,-0.77539,-0.75934,-0.73644,-0.71355,-0.68538,-0.64743,-0.59944,-0.5473,-0.48012,-0.39407,-0.30752,-0.23219,-0.17406,-0.12506,-0.077868,-0.031775,0.011003,0.053668,0.10422,0.16615,0.23733,0.31007,0.37619,0.43083,0.4749,0.51485,0.55013,0.58351,0.61459,0.63233,0.65159,0.67929,0.69685,0.70211,0.70088,0.69539,0.67918,0.66997,0.68787,0.70145,0.69833,0.6796,0.65821,0.64569,0.63047,0.6182,0.61902,0.63205,0.63797,0.63131,0.61945,0.60075,0.58698,0.60172,0.64193,0.68286,0.7137,0.74302,0.7673,0.75351,0.67528,0.57009,0.50252,0.48975,0.50789,0.52097,0.50532,0.46571,0.41963,0.37632,0.33891,0.30844,0.28532,0.26628,0.24114,0.20022,0.14518,0.089733,0.044063,0.005891,-0.032782,-0.079303,-0.13875,-0.21367,-0.30186,-0.38593,-0.44587,-0.47183,-0.46829,-0.43498,-0.35946,0,0,0,0,0,0,0,0,0,0,0,0,0,-0.056037,-0.12845,-0.13159,-0.12146,-0.10294,-0.078825,-0.038057,0,0,0,0,0,0,0,0,0,0,0,0,0,0,0,0,0,0.043372,0.027673,0.019126,-0.012252,-0.041935,-0.069316,-0.090568,-0.099676,-0.092332,-0.06924,-0.035547,-0.0023855,0.017014,0.010209,-0.016301,0,0,0,0,-0.0028564,-0.0026173,-0.0095679,0,0,0,-0.13437,-0.18388,-0.21919,-0.21356,-0.18041,-0.1239,-0.042423,0.064204,0.18664,0.3009,0.36975,0.35802,0.26576,0.13943,0,0,0,-0.0049333,-0.015306,0,0,0,0,0,0,0,0,0.034526,0.011526,-0.013172,-0.029621,-0.037543,-0.021941,0,0,0,0,0,0,0,0,0,0,0,0,0,0,0,0,0,0,0,0,0,0,0,0,0,0,0,0,0,0,0,0,0,0,-0.41851,-0.50074,-0.58296,-0.64317,-0.68139,-0.7196,-0.74819,-0.76719,-0.78619,-0.80717,-0.83012,-0.85309,-0.87132,-0.88482,-0.89832,-0.91274,-0.92806,-0.94338,-0.952,-0.95389,-0.95579,-0.96006,-0.9667,-0.97334,-0.97491,-0.97141,-0.96789,-0.96202,-0.95377,-0.94552,-0.93221,-0.91384,-0.89548,-0.87119,-0.841,-0.81081,-0.77599,-0.73656,-0.69713,-0.65487,-0.60977,-0.56466,-0.51791,-0.46953,-0.42115,-0.37236,-0.32316,-0.27396,-0.22603,-0.17938,-0.13273,-0.089158,-0.048683,-0.0082172,0.027815,0.059404,0.090993,0.11767,0.13944,0.16121,0.17856,0.19149,0.20442,0.21436,0.22132,0.22828,0.23391,0.23821,0.24252,0.24652,0.25021,0.25391,0.25789,0.26217,0.26646,0.27067,0.27481,0.27895,0.28145,0.28232,0.28319,0.28177,0.27806,0.27435,0.26946,0.26339,0.25732,0.25164,0.24636,0.24108,0.23705,0.23427,0.23149,0.22963,0.2287,0.22776,0.22656,0.22507,0.22359,0.22109,0.21757,0.21406,0.20987,0.20501,0.20015,0.19505,0.18972,0.18439,0.17912,0.17392,0.16873,0.16434,0.16078,0.15721,0.1551,0.15443,0.15377,0.15409,0.15539,0.1567,0.15807,0.15952,0.16097,0.16226,0.16341,0.16456,0.16583,0.16723,0.16864,0.17044,0.17266,0.17488,0.17739,0.18021,0.18304,0.18542,0.18738,0.18933,0.18989,0.18905,0.18822,0.18551,0.18094,0.17637,0.17023,0.16252,0.15482,0.14636,0.13714,0.12791,0.1187,0.10951,0.10032,0.091445,0.082897,0.074349,0.065913,0.05759,0.049267,0.040741,0.032012,0.023282,0.014416,0.0054134,-0.0035875,-0.012497,-0.021313,-0.030128,-0.038907,-0.04765,-0.056393,-0.065519,-0.075027,-0.084537,-0.074416,-0.044658,0
0,0,0,0,0,0,0,0,0,0,0,0,0,0,0,0,0,0,0,0,0,0,0,0,0,-0.18378,-0.30633,-0.70235,-0.70146,-0.70056,-0.68951,-0.66831,-0.64712,-0.61114,-0.56038,-0.50962,-0.45364,-0.39245,-0.33126,-0.27226,-0.21547,-0.15869,-0.10558,-0.056121,-0.0066697,0.0397,0.082988,0.12628,0.1667,0.20425,0.24179,0.27696,0.30975,0.34254,0.37203,0.39823,0.42442,0.4456,0.46174,0.47789,0.48808,0.49233,0.49657,0.49479,0.487,0.4792,0.46585,0.44696,0.42806,0.41076,0.39507,0.37938,0.3533,0.31682,0.28033,0.23943,0.19411,0.14878,0.096965,0.038669,-0.019618,-0.081595,-0.14727,-0.21295,-0.27553,-0.33503,-0.39454,-0.44494,-0.48625,-0.52754,-0.55941,-0.58186,-0.6043,-0.62156,-0.63364,-0.64572,-0.66323,-0.68617,-0.70911,-0.74239,-0.786,-0.82962,-0.86985,-0.9067,-0.94354,-0.97631,-1.005,-1.0337,-1.0555,-1.0704,-1.0853,-1.0941,-1.0968,-1.0994,-1.0975,-1.0911,-1.0846,-1.0754,-1.0633,-1.0513,-1.0329,-1.0081,-0.98335,-0.97186,-0.97366,-0.97545,-0.9784,-0.98249,-0.98659,-0.9897,-0.99184,-0.99397,-0.9952,-0.99552,-0.99584,-0.99183,-0.98349,-0.97515,-0.96167,-0.94307,-0.92446,-0.90829,-0.89454,-0.88079,-0.86863,-0.85805,-0.84747,-0.84018,-0.83618,-0.83218,-0.83131,-0.83358,-0.83585,-0.83575,-0.83328,-0.8308,-0.82522,-0.81654,-0.80787,-0.79029,-0.76382,-0.73735,-0.70635,-0.6587,-0.59657,-0.5362,-0.47596,-0.40599,-0.32711,-0.24576,-0.17454,-0.11738,-0.068213,-0.025014,0.016411,0.060881,0.11308,0.17691,0.24986,0.32377,0.38953,0.44237,0.48497,0.52631,0.55735,0.58541,0.61682,0.64308,0.67272,0.7009,0.71567,0.711,0.70812,0.709,0.68991,0.67291,0.67636,0.68267,0.68595,0.67474,0.6577,0.64297,0.62038,0.5986,0.59821,0.61933,0.63485,0.63294,0.61396,0.58047,0.55472,0.56344,0.60615,0.66463,0.71901,0.76486,0.7925,0.7734,0.68715,0.55879,0.45748,0.42578,0.44453,0.46213,0.44406,0.39639,0.3431,0.30044,0.27313,0.25565,0.24008,0.22789,0.2174,0.19819,0.16078,0.11115,0.062756,0.020745,-0.01724,-0.056962,-0.10672,-0.17244,-0.2493,-0.3162,-0.35447,-0.36647,-0.3629,-0.34208,-0.30144,-0.10341,-0.066065,-0.033547,0,0,0,0,0,0,0,0,0,0,0,-0.11624,-0.13582,-0.14522,-0.14697,-0.13872,-0.11448,-0.055486,0,0,0,0,0,0,0,0,0,0,0,0,0,0,0,0.085283,0.10159,0.057732,0.022638,-0.0086458,-0.035381,-0.057706,-0.075988,-0.088116,-0.090595,-0.081274,-0.062851,-0.042694,-0.031903,-0.036572,-0.05377,0,0,0,0,0,0.0069059,0.0016571,-0.01311,-0.015274,-0.0088929,-0.089895,-0.14687,-0.1843,-0.18684,-0.16162,-0.11503,-0.050051,0.034159,0.13337,0.23159,0.30263,0.32221,0.28201,0.19314,0.068623,0.035761,0.0094077,-0.021222,-0.056372,0,0,0,0,0,0,0,0,0.030987,0.0013913,-0.021217,-0.032914,-0.037055,-0.021628,0,0,0,0,0,0,0,0,0,0,0,0,0,0,0,0,0,0,0,0,0,0,0,0,0,0,0,0,0,0,0,0,0,0,-0.35829,-0.43344,-0.50858,-0.56771,-0.61085,-0.65398,-0.68834,-0.71393,-0.73951,-0.76651,-0.79492,-0.82333,-0.84609,-0.86321,-0.88032,-0.8973,-0.91415,-0.931,-0.9405,-0.94266,-0.94481,-0.94939,-0.95642,-0.96345,-0.96589,-0.96374,-0.96158,-0.95744,-0.95131,-0.94517,-0.93401,-0.91782,-0.90163,-0.87923,-0.85061,-0.822,-0.78833,-0.7496,-0.71088,-0.66906,-0.62411,-0.57915,-0.5326,-0.48446,-0.4363,-0.38791,-0.33929,-0.29066,-0.24338,-0.19743,-0.15148,-0.10844,-0.068321,-0.02821,0.0078195,0.039777,0.071729,0.099188,0.12216,0.14513,0.16398,0.17871,0.19344,0.20516,0.2139,0.22263,0.22971,0.23513,0.24056,0.24529,0.24932,0.25336,0.25732,0.26122,0.26512,0.26872,0.272,0.27528,0.27707,0.27735,0.27764,0.27598,0.27239,0.2688,0.26424,0.25869,0.25315,0.24795,0.24308,0.23822,0.23447,0.23184,0.22921,0.22752,0.22677,0.22602,0.2251,0.224,0.2229,0.22087,0.21791,0.21494,0.21135,0.20714,0.20293,0.19847,0.19377,0.18906,0.18428,0.17943,0.17457,0.17033,0.16671,0.16309,0.16087,0.16005,0.15923,0.15951,0.1609,0.16229,0.16384,0.16556,0.16728,0.16879,0.17008,0.17138,0.17264,0.17386,0.17508,0.17649,0.17812,0.17974,0.18147,0.18332,0.18517,0.18648,0.18725,0.18802,0.18742,0.18544,0.18346,0.17975,0.1743,0.16886,0.16204,0.15383,0.14563,0.13683,0.12742,0.11802,0.10874,0.099589,0.090437,0.081694,0.073359,0.065025,0.056877,0.048916,0.040954,0.032847,0.024594,0.016341,0.0079868,-0.00046797,-0.0089219,-0.017244,-0.025434,-0.033623,-0.041888,-0.050231,-0.058573,-0.067231,-0.076206,-0.085181,-0.07473,-0.044849,0
0,0,0,0,0,0,0,0,0,0,0,0,0,0,0,0,0,0,0,0,0,0,0,0,0,-0.34531,-0.58071,-0.70056,-0.70485,-0.70912,-0.70063,-0.67938,-0.65812,-0.62232,-0.57198,-0.52164,-0.46631,-0.40602,-0.34572,-0.2875,-0.2314,-0.17529,-0.12268,-0.073563,-0.024447,0.021727,0.064952,0.10818,0.14876,0.1867,0.22465,0.26051,0.29427,0.32802,0.35853,0.38577,0.41301,0.43524,0.45246,0.46968,0.481,0.48643,0.49185,0.49127,0.48468,0.47809,0.46597,0.44833,0.43068,0.41487,0.40091,0.38695,0.3628,0.32847,0.29412,0.25477,0.21039,0.166,0.11478,0.056704,-0.0013699,-0.063008,-0.12823,-0.19345,-0.25545,-0.31426,-0.37307,-0.42298,-0.464,-0.50502,-0.53788,-0.56258,-0.58728,-0.60662,-0.6206,-0.63458,-0.65348,-0.6773,-0.70112,-0.73555,-0.78061,-0.82566,-0.86638,-0.90277,-0.93915,-0.97088,-0.99796,-1.025,-1.0457,-1.0599,-1.0741,-1.0833,-1.0875,-1.0917,-1.0919,-1.0883,-1.0846,-1.0762,-1.063,-1.0499,-1.031,-1.0065,-0.98198,-0.96797,-0.96449,-0.96102,-0.96117,-0.96495,-0.96873,-0.97147,-0.97316,-0.97485,-0.97643,-0.97792,-0.97941,-0.97708,-0.97093,-0.96477,-0.95083,-0.9291,-0.90736,-0.88819,-0.87156,-0.85494,-0.84247,-0.83415,-0.82584,-0.8224,-0.82385,-0.82531,-0.83101,-0.84095,-0.8509,-0.85624,-0.85697,-0.85769,-0.85282,-0.84234,-0.83187,-0.81193,-0.78251,-0.75309,-0.71465,-0.65874,-0.59559,-0.53437,-0.47711,-0.41614,-0.34539,-0.26426,-0.18118,-0.1105,-0.05485,-0.011635,0.02843,0.073976,0.12958,0.19536,0.26742,0.33864,0.40103,0.45108,0.4937,0.53885,0.57476,0.60369,0.64027,0.67175,0.69942,0.71798,0.7231,0.71775,0.71409,0.71253,0.69794,0.68394,0.67362,0.66917,0.67756,0.68211,0.66904,0.63918,0.60622,0.58349,0.58442,0.61196,0.63674,0.63212,0.60274,0.56679,0.54307,0.55134,0.5909,0.64793,0.70993,0.76301,0.78863,0.77243,0.70483,0.58626,0.45977,0.38884,0.38539,0.39866,0.38189,0.32942,0.26639,0.22117,0.20046,0.19182,0.17953,0.1651,0.15793,0.15583,0.1465,0.12258,0.086067,0.043863,0.0045625,-0.027163,-0.059355,-0.10827,-0.17434,-0.23447,-0.26677,-0.27702,-0.27845,-0.26846,-0.23837,-0.18178,-0.11774,-0.063599,0,0,0,0,0,0,0,0,0,0,0,-0.089001,-0.11939,-0.15017,-0.17836,-0.1969,-0.19323,-0.15898,0,0,0,0,0,0,0,0,0,0,0,0,0,0,0,0.17456,0.11125,0.056061,0.015034,-0.016029,-0.040525,-0.060161,-0.076654,-0.090572,-0.099515,-0.10067,-0.093948,-0.08324,-0.074081,-0.071684,-0.081586,-0.054113,0,0,0,0,0.028768,0.012568,-0.018637,-0.025647,-0.024707,-0.056527,-0.11015,-0.14759,-0.15641,-0.14019,-0.10668,-0.059573,0.0022532,0.078339,0.16022,0.23221,0.27651,0.27778,0.23404,0.16661,0.099541,0.037652,-0.02723,-0.094544,0,0,0,0,0,0,0.01142,0.014947,0.017712,-0.010177,-0.025095,-0.029246,-0.029247,-0.017811,0,0,0,0,0,0,0,0,0,0,0,0,0,0,0,0,0,0,0,0,0,0,0,0,0,0,0,0,0,0,0,0,0,0,-0.30513,-0.3734,-0.4417,-0.49827,-0.54311,-0.58797,-0.62625,-0.65797,-0.68968,-0.72272,-0.75709,-0.79144,-0.81916,-0.84023,-0.8613,-0.8811,-0.89962,-0.91812,-0.92871,-0.93137,-0.93403,-0.93907,-0.9465,-0.95392,-0.95707,-0.95595,-0.95483,-0.95205,-0.94763,-0.94321,-0.9339,-0.91971,-0.90552,-0.88494,-0.85799,-0.83102,-0.79865,-0.76088,-0.72311,-0.68195,-0.63739,-0.59283,-0.54662,-0.49876,-0.45091,-0.40291,-0.35477,-0.30664,-0.25989,-0.21452,-0.16916,-0.12659,-0.086804,-0.047024,-0.011017,0.021223,0.053464,0.081598,0.10563,0.12966,0.14986,0.16621,0.18256,0.1959,0.2062,0.21651,0.22485,0.2312,0.23756,0.24287,0.24713,0.2514,0.25531,0.25887,0.26242,0.26551,0.26812,0.27074,0.27199,0.27187,0.27175,0.26996,0.26649,0.26303,0.25868,0.25347,0.24825,0.24331,0.23865,0.23398,0.23035,0.22775,0.22515,0.22351,0.22282,0.22214,0.22145,0.22077,0.22008,0.21864,0.21645,0.21426,0.21145,0.20803,0.2046,0.20082,0.19669,0.19256,0.18824,0.18373,0.17922,0.17518,0.17161,0.16804,0.16577,0.16479,0.16381,0.16404,0.16547,0.1669,0.16865,0.17073,0.17281,0.17466,0.17628,0.1779,0.17929,0.18044,0.18159,0.18267,0.1837,0.18472,0.18563,0.18641,0.1872,0.18733,0.18682,0.18631,0.18448,0.18133,0.17818,0.17348,0.16725,0.16101,0.15362,0.14507,0.13653,0.12754,0.11811,0.10869,0.09945,0.090404,0.081358,0.072748,0.064574,0.0564,0.048462,0.040762,0.033062,0.0253,0.017477,0.0096525,0.0018022,-0.0060724,-0.013948,-0.021664,-0.02922,-0.036776,-0.044431,-0.052187,-0.059944,-0.06796,-0.076233,-0.084507,-0.073877,-0.044337,0
0,0,0,0,-0.018181,-0.0052093,0.0084685,0.022854,0.037237,0.052208,0,0,0,0,0,0,0,0,0,0.10065,0.098181,0.083357,0.056176,0.028976,-0.036189,-0.30084,-0.51684,-0.6362,-0.65887,-0.68151,-0.68328,-0.66416,-0.64503,-0.61192,-0.56482,-0.5177,-0.46529,-0.4076,-0.34991,-0.29387,-0.2395,-0.18513,-0.13408,-0.086343,-0.038601,0.0064163,0.048696,0.090966,0.13108,0.16904,0.20701,0.24324,0.27774,0.31224,0.34355,0.37166,0.39977,0.42294,0.44117,0.4594,0.47181,0.4784,0.48499,0.48558,0.48016,0.47475,0.46382,0.44739,0.43095,0.41662,0.40438,0.39215,0.36997,0.33785,0.30572,0.26795,0.22453,0.1811,0.1306,0.07303,0.015447,-0.045444,-0.10965,-0.17386,-0.23467,-0.29209,-0.3495,-0.39836,-0.43866,-0.47895,-0.51182,-0.53725,-0.56268,-0.58528,-0.60504,-0.6248,-0.64646,-0.67002,-0.69358,-0.72838,-0.77443,-0.8205,-0.86119,-0.89653,-0.93187,-0.96224,-0.98763,-1.013,-1.0326,-1.0463,-1.06,-1.0697,-1.0755,-1.0813,-1.0837,-1.0828,-1.0819,-1.0733,-1.0569,-1.0405,-1.0219,-1.0012,-0.98055,-0.96617,-0.9581,-0.95004,-0.94703,-0.94908,-0.95113,-0.95228,-0.95252,-0.95275,-0.95354,-0.95488,-0.95621,-0.95499,-0.95122,-0.94744,-0.93286,-0.90747,-0.88208,-0.86016,-0.8417,-0.82326,-0.81207,-0.80815,-0.80422,-0.80606,-0.81367,-0.82127,-0.8332,-0.84946,-0.86571,-0.87551,-0.87886,-0.88221,-0.87659,-0.862,-0.8474,-0.82425,-0.79251,-0.76077,-0.71692,-0.66158,-0.60171,-0.53759,-0.47571,-0.41642,-0.35435,-0.27588,-0.18665,-0.10573,-0.04308,0.0023602,0.043677,0.092279,0.1521,0.22008,0.29031,0.35636,0.41324,0.46073,0.5051,0.55399,0.59901,0.63183,0.66123,0.69477,0.71995,0.73005,0.7339,0.72566,0.7139,0.70731,0.70233,0.69535,0.67858,0.66592,0.66873,0.68151,0.67316,0.63573,0.60135,0.57538,0.57496,0.60189,0.62396,0.61808,0.58677,0.55295,0.53901,0.55617,0.59363,0.64035,0.69061,0.73337,0.75321,0.74776,0.71238,0.62949,0.50454,0.3867,0.33095,0.32921,0.32436,0.27693,0.20002,0.13886,0.11479,0.11093,0.10258,0.088047,0.081096,0.087926,0.10117,0.10672,0.093403,0.06259,0.030939,0.012525,-9.6533e-05,-0.029491,-0.085521,-0.14646,-0.18827,-0.2103,-0.21748,-0.20648,-0.17662,-0.13498,-0.088669,-0.047891,0,0,0,0,0,0,0,0,0,0,0,-0.036615,-0.053356,-0.073395,-0.18348,-0.23319,-0.25911,-0.24447,-0.11666,0,0,0,0,0,0.0029706,0.0049099,0.0062243,0.0044574,-0.0076671,0,0,0,0.1424,0.17462,0.093622,0.038886,-0.0010416,-0.030574,-0.053655,-0.07272,-0.089773,-0.10556,-0.11855,-0.12599,-0.12684,-0.12167,-0.11266,-0.10518,-0.10477,-0.11366,-0.057034,0,0,0,0.026163,0.0093422,-0.010131,-0.020615,-0.031562,-0.051708,-0.081825,-0.10971,-0.12097,-0.11466,-0.095537,-0.066206,-0.0254,0.028897,0.094432,0.1624,0.21901,0.24919,0.24448,0.20764,0.14926,0.079265,-0.0032563,-0.093891,0,0,0,0,0,0,0.0086693,0.008521,-0.0063945,-0.02134,-0.024587,-0.02059,-0.016947,-0.012177,0,0,0,0,0,0,0,0,0,0,0,0,0,0,0,0,0,0,0,0,0,0,0,0,0,0,0,0,0,0,0,0,0,0,-0.25902,-0.32066,-0.38231,-0.43482,-0.47818,-0.52154,-0.56191,-0.5993,-0.6367,-0.6758,-0.7166,-0.75741,-0.79051,-0.8159,-0.84128,-0.86413,-0.88444,-0.90475,-0.91662,-0.92004,-0.92347,-0.9291,-0.93693,-0.94476,-0.94847,-0.94805,-0.94763,-0.94586,-0.94275,-0.93964,-0.9319,-0.91952,-0.90714,-0.88834,-0.86312,-0.83789,-0.80698,-0.7704,-0.73381,-0.69354,-0.64961,-0.60567,-0.55996,-0.51247,-0.46498,-0.41736,-0.36961,-0.32187,-0.27555,-0.23065,-0.18576,-0.14358,-0.10412,-0.064653,-0.028698,0.0037506,0.0362,0.064899,0.089856,0.11481,0.13619,0.154,0.17181,0.18656,0.19824,0.20993,0.21932,0.22642,0.23352,0.23926,0.24365,0.24803,0.25185,0.2551,0.25836,0.26105,0.26318,0.26531,0.26621,0.26588,0.26554,0.2637,0.26036,0.25702,0.2528,0.24771,0.24263,0.23774,0.23306,0.22837,0.22468,0.22199,0.2193,0.21759,0.21686,0.21613,0.21563,0.21537,0.21512,0.2144,0.21321,0.21203,0.21018,0.20767,0.20516,0.2021,0.19849,0.19488,0.191,0.18684,0.18268,0.1789,0.17548,0.17206,0.16979,0.16866,0.16753,0.16768,0.1691,0.17053,0.1725,0.17503,0.17755,0.17987,0.182,0.18412,0.18578,0.18697,0.18817,0.18898,0.18941,0.18984,0.18987,0.18949,0.18912,0.18799,0.18609,0.18419,0.18107,0.17673,0.17238,0.16673,0.15978,0.15283,0.14498,0.13625,0.12751,0.1185,0.1092,0.099908,0.090825,0.081952,0.073079,0.064608,0.05654,0.048471,0.040667,0.033129,0.025592,0.018101,0.010659,0.0032167,-0.0041377,-0.011402,-0.018666,-0.025757,-0.032671,-0.039586,-0.046536,-0.05352,-0.060504,-0.067702,-0.075108,-0.082515,-0.071854,-0.043122,0
0,0,0,0,-0.045447,-0.013021,0.019615,0.052464,0.085308,0.11844,0,0,0,0,0,0,0,0,0,0.25159,0.24541,0.20836,0.14043,0.072454,-0.059842,-0.25642,-0.45302,-0.57186,-0.6129,-0.6539,-0.66591,-0.64892,-0.63194,-0.6015,-0.55763,-0.51375,-0.46426,-0.40919,-0.3541,-0.30024,-0.2476,-0.19497,-0.14547,-0.099111,-0.052738,-0.0088875,0.032431,0.073755,0.1134,0.15138,0.18936,0.22597,0.26122,0.29646,0.32857,0.35755,0.38653,0.41063,0.42987,0.44912,0.46263,0.47038,0.47814,0.47989,0.47565,0.4714,0.46166,0.44644,0.43122,0.41836,0.40786,0.39735,0.37714,0.34723,0.31732,0.28113,0.23867,0.1962,0.14643,0.089341,0.032251,-0.027884,-0.091067,-0.15426,-0.21389,-0.26992,-0.32595,-0.37375,-0.41332,-0.45289,-0.48576,-0.51192,-0.53807,-0.56393,-0.58948,-0.61502,-0.63945,-0.66274,-0.68603,-0.7212,-0.76826,-0.81532,-0.856,-0.89029,-0.92458,-0.95359,-0.97732,-1.001,-1.0195,-1.0327,-1.0458,-1.0561,-1.0635,-1.0709,-1.0755,-1.0774,-1.0792,-1.0703,-1.0507,-1.0311,-1.0128,-0.99598,-0.97912,-0.96436,-0.95171,-0.93907,-0.9329,-0.93321,-0.93353,-0.93308,-0.93187,-0.93066,-0.93064,-0.93183,-0.933,-0.9329,-0.93151,-0.93011,-0.91489,-0.88584,-0.85679,-0.83213,-0.81185,-0.79157,-0.78167,-0.78214,-0.78261,-0.78972,-0.80348,-0.81724,-0.8354,-0.85796,-0.88052,-0.89478,-0.90076,-0.90673,-0.90036,-0.88165,-0.86293,-0.83656,-0.80251,-0.76846,-0.72792,-0.6765,-0.60988,-0.53818,-0.47274,-0.41419,-0.35573,-0.27798,-0.18912,-0.10622,-0.037052,0.015365,0.060885,0.11259,0.17619,0.2473,0.31657,0.37705,0.42805,0.47402,0.52076,0.57043,0.61803,0.64805,0.66716,0.69586,0.72112,0.73349,0.73887,0.73026,0.7122,0.70418,0.70491,0.70276,0.68339,0.6613,0.66193,0.67231,0.66205,0.62821,0.5976,0.57314,0.57025,0.58916,0.60038,0.59394,0.57092,0.54789,0.54632,0.5679,0.59926,0.63308,0.66854,0.69163,0.69936,0.7039,0.69852,0.65819,0.55816,0.41442,0.30039,0.26717,0.26924,0.23303,0.14627,0.059938,0.018922,0.012003,0.013737,0.017121,0.022511,0.034575,0.05317,0.069517,0.072445,0.061334,0.050951,0.050405,0.048953,0.03233,-0.0074463,-0.065107,-0.12145,-0.15858,-0.16861,-0.15187,-0.12195,-0.089189,-0.053566,-0.023726,-0.0011071,0,0,0,0,0,0,0,0,0,0,0,0,0,-0.16895,-0.23128,-0.28739,-0.29033,-0.21963,0,0,0,0,0,0.014396,0.020738,0.027031,0.019134,0.0061804,0.040525,0.082962,0.1208,0.25,0.1419,0.06046,0.011108,-0.02215,-0.049131,-0.071951,-0.092404,-0.11158,-0.1291,-0.14379,-0.1545,-0.15971,-0.1581,-0.14984,-0.1381,-0.12856,-0.12375,-0.11366,-0.047134,-0.034878,-0.023819,-0.01285,-0.010509,-0.015372,-0.021631,-0.02902,-0.039919,-0.055279,-0.071461,-0.082296,-0.084874,-0.079918,-0.068061,-0.047563,-0.014677,0.0327,0.09118,0.15162,0.20116,0.22689,0.22154,0.18589,0.12368,0.040885,-0.047927,0,0,0,0,-0.024697,-0.021206,-0.017512,-0.023257,-0.030422,-0.034055,-0.027189,-0.015229,-0.0066474,-0.0070577,0,0,0,0,0,0,0,0,0,0,0,0,0,0,0,0,0,0,0,0,0,0,0,0,0,0,0,0,0,0,0,0,-0.040997,-0.068333,-0.21291,-0.26792,-0.32293,-0.37136,-0.41323,-0.4551,-0.49757,-0.54064,-0.5837,-0.62886,-0.67612,-0.72338,-0.76186,-0.79156,-0.82126,-0.84716,-0.86926,-0.89137,-0.90452,-0.90872,-0.91291,-0.91912,-0.92736,-0.9356,-0.93986,-0.94015,-0.94043,-0.93967,-0.93787,-0.93607,-0.92989,-0.91933,-0.90877,-0.89174,-0.86825,-0.84476,-0.81531,-0.77991,-0.7445,-0.70515,-0.66184,-0.61853,-0.57331,-0.52618,-0.47906,-0.43182,-0.38446,-0.3371,-0.29121,-0.24679,-0.20237,-0.16057,-0.12142,-0.082272,-0.046375,-0.013718,0.018935,0.048201,0.074081,0.09996,0.12253,0.14179,0.16106,0.17722,0.19028,0.20334,0.21379,0.22164,0.22948,0.23566,0.24016,0.24467,0.2484,0.25134,0.25429,0.25659,0.25824,0.25989,0.26044,0.25988,0.25933,0.25744,0.25422,0.25101,0.24692,0.24196,0.237,0.23217,0.22746,0.22275,0.21901,0.21623,0.21345,0.21167,0.21089,0.21011,0.20981,0.20998,0.21015,0.21015,0.20997,0.20979,0.20891,0.20732,0.20573,0.20338,0.20029,0.1972,0.19375,0.18995,0.18614,0.18261,0.17934,0.17608,0.17381,0.17253,0.17125,0.17132,0.17274,0.17416,0.17635,0.17932,0.1823,0.18509,0.18771,0.19033,0.19226,0.19351,0.19476,0.19529,0.19512,0.19495,0.1941,0.19257,0.19104,0.18864,0.18536,0.18208,0.17767,0.17213,0.16658,0.15998,0.15231,0.14464,0.13634,0.12742,0.1185,0.10946,0.10029,0.091131,0.0822,0.0735,0.0648,0.056469,0.048505,0.040542,0.032872,0.025497,0.018122,0.010904,0.0038424,-0.0032193,-0.010078,-0.016732,-0.023385,-0.029848,-0.036122,-0.042396,-0.04864,-0.054853,-0.061066,-0.067445,-0.073984,-0.080525,-0.069835,-0.041908,0
0,0,0,0,-0.055838,-0.01971,0.021106,0.06662,0.11213,0.15415,0.1086,0.12928,0,0,0,0.1692,0.16932,0.16943,0.1666,0.31176,0.30228,0.25787,0.17852,0.09914,-0.026022,-0.19693,-0.36784,-0.48105,-0.53655,-0.59203,-0.61432,-0.60342,-0.59251,-0.56789,-0.52957,-0.49124,-0.44686,-0.39642,-0.34597,-0.296,-0.24649,-0.19698,-0.15043,-0.10683,-0.063215,-0.021785,0.017476,0.056744,0.095166,0.13275,0.17033,0.20698,0.2427,0.27843,0.31117,0.34091,0.37066,0.39568,0.41597,0.43628,0.45089,0.45981,0.46873,0.47163,0.46852,0.46541,0.45687,0.4429,0.42893,0.41746,0.4085,0.39953,0.38105,0.35305,0.32505,0.29032,0.24885,0.20738,0.15854,0.10234,0.046137,-0.012796,-0.074456,-0.13611,-0.19393,-0.24793,-0.30191,-0.34805,-0.38633,-0.42461,-0.45734,-0.48451,-0.51168,-0.53995,-0.56934,-0.59873,-0.62707,-0.65432,-0.68157,-0.71806,-0.76377,-0.80947,-0.84831,-0.88027,-0.91224,-0.93878,-0.95991,-0.98103,-0.99888,-1.0135,-1.0281,-1.0396,-1.0482,-1.0568,-1.0632,-1.0674,-1.0717,-1.0636,-1.0433,-1.023,-1.0055,-0.99064,-0.97583,-0.96058,-0.9449,-0.92922,-0.92028,-0.91809,-0.91589,-0.91367,-0.91141,-0.90916,-0.90902,-0.91101,-0.91299,-0.91338,-0.91218,-0.91097,-0.89523,-0.86495,-0.83467,-0.8094,-0.78912,-0.76886,-0.75933,-0.76055,-0.76177,-0.77203,-0.79133,-0.81063,-0.83443,-0.86274,-0.89105,-0.90925,-0.91735,-0.92544,-0.91872,-0.89719,-0.87564,-0.84695,-0.8111,-0.77524,-0.73451,-0.68421,-0.61773,-0.544,-0.47578,-0.4099,-0.34461,-0.27255,-0.19365,-0.11274,-0.035964,0.026633,0.077544,0.13123,0.19865,0.27463,0.34442,0.39967,0.44467,0.48885,0.53647,0.58371,0.62316,0.65106,0.67159,0.69139,0.71091,0.7256,0.7325,0.73263,0.71652,0.7047,0.70934,0.7066,0.68167,0.658,0.65698,0.65778,0.64595,0.62071,0.59645,0.57763,0.56858,0.57296,0.57874,0.57625,0.56641,0.56434,0.57166,0.58477,0.60239,0.62138,0.64477,0.65329,0.64543,0.64491,0.65766,0.65387,0.58983,0.46012,0.31962,0.24003,0.21813,0.18705,0.10672,0.0037262,-0.06672,-0.087399,-0.065873,-0.0067875,0.0012073,0.0083452,0.01655,0.024038,0.034302,0.041466,0.053631,0.064204,0.065123,0.056562,0.035185,-0.0094875,-0.067323,-0.11012,-0.11929,-0.09975,-0.071519,-0.032574,-0.016572,-0.0058861,-0.0011071,0,0,0,0,0,0,0,0,0,0,0,0,0,-0.15489,-0.21362,-0.2803,-0.27797,-0.18663,-0.031441,0.0048008,0.017373,0.016213,0.016674,0.032161,0.041688,0.052717,0.05754,0.063742,0.089885,0.13131,0.15923,0.12669,0.060098,0.014249,-0.017881,-0.045202,-0.070609,-0.09455,-0.11687,-0.13766,-0.15587,-0.17112,-0.18321,-0.19064,-0.19107,-0.18358,-0.17025,-0.15518,-0.13989,-0.1236,-0.10471,-0.082578,-0.061803,-0.045965,-0.035111,-0.02858,-0.025068,-0.024083,-0.025466,-0.029243,-0.03556,-0.043847,-0.05248,-0.060107,-0.065306,-0.064864,-0.053642,-0.026275,0.019131,0.078376,0.1408,0.1917,0.21714,0.20789,0.16273,0.090568,0.017377,0.0059143,-0.0046509,0,0,-0.024697,-0.060646,-0.034011,-0.029044,-0.040243,-0.05042,-0.045572,-0.025412,-0.0052727,-0.0058914,0,0,0,0,0,0,0,0,0,0,0,0,0,0,0,0,0,0,0,0,0,0,0,0,0,0,0,0,0,0,0,0,-0.07553,-0.12477,-0.17337,-0.22134,-0.26931,-0.31341,-0.35366,-0.39391,-0.43773,-0.48511,-0.53249,-0.58254,-0.63525,-0.68795,-0.73115,-0.76484,-0.79854,-0.82747,-0.85165,-0.87583,-0.89068,-0.89619,-0.90169,-0.90891,-0.91785,-0.92678,-0.93169,-0.93256,-0.93343,-0.93345,-0.93263,-0.9318,-0.92686,-0.91782,-0.90877,-0.89334,-0.87152,-0.8497,-0.82179,-0.78779,-0.75379,-0.71557,-0.67312,-0.63066,-0.58607,-0.53933,-0.49258,-0.44562,-0.39845,-0.35128,-0.30559,-0.26136,-0.21713,-0.17552,-0.13651,-0.097524,-0.061637,-0.028841,0.0039535,0.033614,0.060131,0.086649,0.11007,0.13038,0.15069,0.16789,0.18197,0.19605,0.20729,0.21569,0.22409,0.23057,0.23513,0.2397,0.24334,0.24606,0.24877,0.25083,0.25223,0.25364,0.25407,0.25353,0.25298,0.25117,0.2481,0.24503,0.241,0.23601,0.23103,0.22606,0.22112,0.21618,0.21218,0.20914,0.20609,0.20415,0.20331,0.20248,0.20239,0.20306,0.20373,0.20448,0.20532,0.20616,0.20627,0.20564,0.20502,0.20346,0.20097,0.19848,0.19552,0.19209,0.18865,0.18537,0.18225,0.17913,0.17687,0.17548,0.17408,0.17409,0.17551,0.17694,0.17934,0.18272,0.1861,0.18935,0.19247,0.19559,0.19782,0.19917,0.20052,0.20083,0.20012,0.1994,0.19772,0.19507,0.19241,0.18877,0.18413,0.17949,0.17383,0.16714,0.16046,0.15298,0.1447,0.13643,0.1278,0.11882,0.10984,0.1009,0.091981,0.083064,0.074384,0.06594,0.057496,0.049364,0.041544,0.033723,0.02619,0.018945,0.0117,0.0046909,-0.0020804,-0.0088525,-0.015318,-0.021475,-0.027631,-0.033537,-0.039191,-0.044846,-0.050457,-0.056024,-0.061591,-0.067357,-0.073317,-0.07928,-0.068558,-0.04114,-0.0068299
0,0,0,0,-0.058446,-0.027875,0.018741,0.081422,0.14412,0.19755,0.24173,0.2859,0.17138,0.1774,0.18341,0.35496,0.35377,0.35258,0.34517,0.33154,0.3179,0.27358,0.19855,0.1235,0.016526,-0.12236,-0.26124,-0.36373,-0.42981,-0.49591,-0.52854,-0.52766,-0.52677,-0.5111,-0.48065,-0.45019,-0.41308,-0.36932,-0.32555,-0.28117,-0.23617,-0.19117,-0.14895,-0.10949,-0.070035,-0.032265,0.0038322,0.039934,0.076366,0.11314,0.14991,0.18627,0.22222,0.25817,0.29135,0.32174,0.35214,0.37805,0.39946,0.42088,0.43662,0.44669,0.45677,0.4608,0.45879,0.45678,0.44943,0.43675,0.42407,0.41392,0.4063,0.39869,0.38169,0.3553,0.32891,0.29551,0.25507,0.21463,0.16695,0.11202,0.057108,-0.00016047,-0.059777,-0.11939,-0.17484,-0.22612,-0.2774,-0.32127,-0.3577,-0.39414,-0.42658,-0.45504,-0.48349,-0.51336,-0.54464,-0.57593,-0.60931,-0.64476,-0.68022,-0.71895,-0.76095,-0.80295,-0.83813,-0.86649,-0.89484,-0.91781,-0.93539,-0.95298,-0.97075,-0.9887,-1.0067,-1.0203,-1.0297,-1.039,-1.0468,-1.053,-1.0592,-1.0531,-1.0347,-1.0163,-0.99979,-0.98524,-0.97068,-0.95483,-0.93767,-0.92051,-0.90919,-0.9037,-0.89822,-0.89403,-0.89114,-0.88825,-0.88867,-0.89242,-0.89617,-0.89644,-0.89323,-0.89002,-0.87388,-0.8448,-0.81571,-0.79195,-0.77352,-0.75509,-0.74505,-0.74338,-0.74171,-0.75299,-0.77721,-0.80143,-0.8303,-0.8638,-0.8973,-0.91891,-0.92863,-0.93835,-0.93167,-0.9086,-0.88552,-0.8554,-0.81826,-0.78111,-0.73916,-0.68835,-0.62722,-0.55637,-0.47922,-0.4006,-0.32799,-0.26081,-0.19407,-0.12105,-0.04166,0.028827,0.084276,0.14196,0.21583,0.2976,0.37283,0.42852,0.46898,0.50522,0.54556,0.58868,0.62229,0.64643,0.66698,0.68865,0.71,0.72576,0.73289,0.73314,0.71729,0.70436,0.70854,0.70963,0.68931,0.66128,0.64667,0.63818,0.63009,0.61618,0.59994,0.58062,0.56572,0.5592,0.56057,0.56698,0.57475,0.59016,0.60082,0.60369,0.61123,0.62729,0.64021,0.63361,0.60816,0.59091,0.60165,0.61131,0.5803,0.49348,0.36889,0.25429,0.18325,0.13576,0.064984,-0.040254,-0.13623,-0.16885,-0.12918,0,0,0,0,0,0.0068648,0.01425,0.033774,0.048357,0.054794,0.053831,0.043976,0.016868,-0.024239,-0.058704,-0.066725,-0.036732,-0.023304,0,0,0,0,0,0,0,0,0,0,0,0,0,0,0,0,0,-0.074945,-0.18521,-0.22679,-0.22381,-0.14454,-0.043982,0.018871,0.030685,0.026995,0.032324,0.043903,0.051638,0.0614,0.10576,0.16168,0.14404,0.048346,0.038436,0.019083,-0.040174,-0.032489,-0.046023,-0.070141,-0.095378,-0.11875,-0.14123,-0.16168,-0.17991,-0.1961,-0.20928,-0.21716,-0.21773,-0.21107,-0.19886,-0.18318,-0.16636,-0.14905,-0.13002,-0.10922,-0.08813,-0.069046,-0.053003,-0.039609,-0.028516,-0.01959,-0.012755,-0.007949,-0.0065732,-0.011077,-0.022339,-0.039151,-0.058859,-0.076329,-0.084376,-0.074878,-0.042294,0.011414,0.077857,0.14398,0.19384,0.21296,0.19228,0.13608,0.06983,0.029274,-0.0046509,0,0,0,-0.084003,-0.031548,-0.027365,-0.051787,-0.061381,-0.070874,-0.052542,-0.016039,-0.011221,0,0,0,0,0,0,0,0,0,0,0,0,0,0,0,0,0,0,0,0,0,0,0,0,0,0,0,0,0,0,0,-0.011625,-0.062613,-0.10098,-0.14043,-0.18095,-0.22146,-0.26096,-0.29947,-0.33798,-0.3824,-0.43274,-0.48307,-0.53683,-0.59397,-0.65112,-0.69838,-0.73574,-0.77312,-0.80507,-0.8316,-0.85813,-0.87508,-0.88246,-0.88983,-0.89847,-0.90839,-0.91831,-0.92394,-0.92529,-0.92664,-0.92722,-0.92702,-0.92683,-0.92282,-0.91498,-0.90715,-0.89313,-0.87292,-0.85271,-0.82642,-0.79404,-0.76165,-0.72479,-0.68343,-0.64209,-0.59824,-0.5519,-0.50555,-0.45878,-0.41158,-0.36439,-0.31866,-0.27436,-0.23006,-0.18841,-0.1494,-0.11041,-0.074481,-0.04161,-0.0087372,0.021135,0.048007,0.074886,0.098805,0.11976,0.14072,0.15857,0.17332,0.18806,0.19981,0.20858,0.21734,0.224,0.22857,0.23314,0.2367,0.23925,0.2418,0.24378,0.24517,0.24657,0.24711,0.24681,0.2465,0.24489,0.24199,0.23908,0.23505,0.22988,0.22471,0.21943,0.21403,0.20864,0.20421,0.20072,0.19723,0.19504,0.19414,0.19323,0.19339,0.19462,0.19585,0.19739,0.19926,0.20112,0.20225,0.20265,0.20304,0.20234,0.20054,0.19874,0.19631,0.19326,0.19021,0.18719,0.1842,0.18121,0.17898,0.1775,0.17603,0.176,0.17743,0.17886,0.18145,0.1852,0.18895,0.19264,0.19627,0.19989,0.20245,0.20396,0.20546,0.20561,0.2044,0.20319,0.20071,0.19697,0.19323,0.18837,0.1824,0.17643,0.16955,0.16178,0.15401,0.14574,0.13697,0.12819,0.11936,0.11046,0.10155,0.092824,0.084266,0.075707,0.067375,0.05927,0.051165,0.043293,0.035654,0.028014,0.02062,0.013473,0.0063244,-0.00053715,-0.007111,-0.013685,-0.019859,-0.025633,-0.031407,-0.036822,-0.041878,-0.046935,-0.051986,-0.057032,-0.062078,-0.067436,-0.073106,-0.078777,-0.068017,-0.040815,-0.013608
0,0,0,0,-0.061072,-0.036049,0.016379,0.096223,0.17609,0.24094,0.29076,0.34058,0.3696,0.37781,0.38602,0.3881,0.38406,0.38001,0.3691,0.35131,0.33353,0.28929,0.21858,0.14785,0.059065,-0.047781,-0.15462,-0.24638,-0.32309,-0.39982,-0.44276,-0.45189,-0.46103,-0.4543,-0.43172,-0.40914,-0.3793,-0.34222,-0.30513,-0.26634,-0.22585,-0.18535,-0.14746,-0.11216,-0.076854,-0.042739,-0.0098087,0.023123,0.057567,0.093526,0.12949,0.16556,0.20173,0.23791,0.27153,0.30258,0.33363,0.36042,0.38295,0.40548,0.42235,0.43358,0.44481,0.44997,0.44906,0.44815,0.44199,0.4306,0.4192,0.41037,0.40411,0.39785,0.38233,0.35755,0.33278,0.30069,0.26129,0.22188,0.17536,0.12172,0.068075,0.012475,-0.045091,-0.10267,-0.15575,-0.20433,-0.2529,-0.29448,-0.32908,-0.36367,-0.39583,-0.42557,-0.4553,-0.48677,-0.51995,-0.55313,-0.59156,-0.63521,-0.67886,-0.71984,-0.75813,-0.79643,-0.82796,-0.8527,-0.87744,-0.89684,-0.91088,-0.92492,-0.94261,-0.96393,-0.98526,-1.001,-1.0111,-1.0212,-1.0304,-1.0386,-1.0468,-1.0426,-1.0261,-1.0095,-0.99412,-0.97983,-0.96554,-0.94907,-0.93043,-0.91179,-0.89809,-0.88932,-0.88055,-0.8744,-0.87087,-0.86734,-0.86833,-0.87384,-0.87935,-0.8795,-0.87429,-0.86908,-0.85253,-0.82464,-0.79675,-0.77451,-0.75792,-0.74134,-0.73077,-0.72621,-0.72166,-0.73395,-0.76309,-0.79224,-0.82616,-0.86486,-0.90356,-0.92858,-0.93992,-0.95125,-0.94462,-0.92001,-0.89539,-0.86386,-0.82541,-0.78691,-0.7467,-0.69653,-0.63273,-0.55559,-0.47376,-0.39241,-0.3147,-0.24868,-0.19024,-0.12765,-0.053637,0.019613,0.081231,0.14611,0.22573,0.31304,0.39182,0.4461,0.48483,0.51889,0.54947,0.58241,0.61426,0.64051,0.6651,0.68925,0.71105,0.72711,0.73519,0.73622,0.72577,0.70805,0.69593,0.69621,0.6914,0.6706,0.64677,0.62847,0.61992,0.61506,0.60745,0.59076,0.56786,0.54988,0.5474,0.56276,0.58784,0.61127,0.62022,0.61877,0.62799,0.64581,0.65166,0.631,0.59097,0.56266,0.55806,0.55737,0.53967,0.48828,0.39654,0.27986,0.17093,0.088137,0.010613,-0.087343,-0.17991,-0.21186,-0.16571,0,0,0,0,0,0,0,0.0088508,0.017097,0.022884,0.024163,0.02116,0.022273,-0.0024632,-0.016099,-0.02017,0,0,0,0,0,0,0,0,0,0,0,0,0,0,0,0,0,0,0,0,-0.16023,-0.16112,-0.1535,-0.098421,-0.0097498,0.01407,0.013312,0.010782,0.029997,0.023167,0.025779,0.029489,0.12936,0.24469,0.20143,0,0,0,-0.065235,-0.066658,-0.075651,-0.10058,-0.12088,-0.14043,-0.16019,-0.17916,-0.19729,-0.2143,-0.22817,-0.23617,-0.23731,-0.23251,-0.22302,-0.21042,-0.1959,-0.17929,-0.1596,-0.13652,-0.11134,-0.086171,-0.063487,-0.044609,-0.028953,-0.015505,-0.0037228,0.0061225,0.012169,0.011071,9.7397e-05,-0.021362,-0.050631,-0.079359,-0.096216,-0.093619,-0.068354,-0.025314,0.025713,0.083197,0.14402,0.19209,0.20696,0.1754,0.10805,0.05036,0,0,0,0,-0.084538,-0.012298,-0.015152,-0.031725,-0.068556,-0.089495,-0.080825,-0.036881,-0.02271,0,0,0,0,0,0,0,0,0,0,0,0,0,0,0,0,0,0,0,0,0,0,0,0,0,0,0,0,0,0,0,-0.011625,-0.02808,-0.07719,-0.10748,-0.14055,-0.17361,-0.20852,-0.24529,-0.28205,-0.32707,-0.38036,-0.43365,-0.49111,-0.5527,-0.61428,-0.6656,-0.70665,-0.74769,-0.78265,-0.81154,-0.84043,-0.8595,-0.86873,-0.87797,-0.88803,-0.89893,-0.90983,-0.91619,-0.91802,-0.91985,-0.92098,-0.92142,-0.92186,-0.91877,-0.91215,-0.90553,-0.89292,-0.87432,-0.85572,-0.83104,-0.80028,-0.76951,-0.73401,-0.69377,-0.65352,-0.61043,-0.56447,-0.51852,-0.47193,-0.42472,-0.37751,-0.33173,-0.28736,-0.24299,-0.2013,-0.16229,-0.12329,-0.087319,-0.054375,-0.021426,0.0086621,0.03589,0.063125,0.087545,0.10915,0.13075,0.14926,0.16466,0.18007,0.19234,0.20146,0.21059,0.21744,0.22201,0.22657,0.23005,0.23244,0.23484,0.23673,0.23811,0.2395,0.24016,0.24009,0.24002,0.23861,0.23587,0.23314,0.22909,0.22374,0.21838,0.21279,0.20695,0.20111,0.19623,0.1923,0.18838,0.18593,0.18496,0.18399,0.1844,0.18618,0.18796,0.1903,0.19319,0.19608,0.19824,0.19965,0.20106,0.20121,0.2001,0.19899,0.1971,0.19443,0.19177,0.18901,0.18615,0.18329,0.18108,0.17953,0.17797,0.17792,0.17935,0.18079,0.18357,0.18769,0.19181,0.19594,0.20006,0.20419,0.20709,0.20874,0.2104,0.21038,0.20867,0.20697,0.2037,0.19887,0.19404,0.18797,0.18067,0.17336,0.16528,0.15642,0.14756,0.1385,0.12923,0.11996,0.11091,0.10209,0.093263,0.084751,0.076551,0.06835,0.060367,0.0526,0.044835,0.037223,0.029764,0.022305,0.015051,0.0079999,0.0009487,-0.0057649,-0.012141,-0.018517,-0.024401,-0.029792,-0.035182,-0.040107,-0.044565,-0.049024,-0.053516,-0.05804,-0.062565,-0.067517,-0.072895,-0.078272,-0.067475,-0.040491,-0.013499
0,0,0,0,-0.095421,-0.066555,-0.0040958,0.09198,0.18808,0.26595,0.32557,0.38518,0.41854,0.42563,0.43271,0.43253,0.42508,0.41764,0.40206,0.37836,0.35465,0.30939,0.24259,0.17579,0.099465,0.01364,-0.072178,-0.15336,-0.22992,-0.3065,-0.35281,-0.36889,-0.38496,-0.38493,-0.36879,-0.35264,-0.32985,-0.30041,-0.27096,-0.23961,-0.20638,-0.17314,-0.14138,-0.11108,-0.080783,-0.050792,-0.021112,0.0085617,0.040735,0.0754,0.11006,0.14554,0.18183,0.21813,0.25223,0.28413,0.31603,0.34379,0.36742,0.39104,0.40896,0.42117,0.43339,0.43951,0.43953,0.43955,0.43438,0.42402,0.41366,0.40577,0.40033,0.3949,0.38037,0.35675,0.33312,0.30211,0.26372,0.22533,0.18018,0.12825,0.076312,0.022815,-0.032243,-0.087311,-0.13766,-0.1833,-0.22894,-0.2679,-0.3002,-0.33249,-0.3644,-0.39592,-0.42745,-0.46166,-0.49853,-0.53541,-0.57787,-0.62591,-0.67393,-0.7159,-0.75178,-0.78766,-0.81596,-0.83667,-0.85739,-0.87382,-0.88596,-0.8981,-0.91511,-0.93699,-0.95887,-0.97621,-0.989,-1.0018,-1.0129,-1.0224,-1.0318,-1.0289,-1.0138,-0.99856,-0.98401,-0.9701,-0.95619,-0.93949,-0.92001,-0.90053,-0.88531,-0.87435,-0.8634,-0.85633,-0.85314,-0.84996,-0.85099,-0.85625,-0.86151,-0.86124,-0.85543,-0.84962,-0.83378,-0.80792,-0.78205,-0.76148,-0.7462,-0.73093,-0.72112,-0.71678,-0.71245,-0.72583,-0.75695,-0.78806,-0.82378,-0.86412,-0.90445,-0.93093,-0.94357,-0.9562,-0.95057,-0.92667,-0.90276,-0.87084,-0.83091,-0.79091,-0.75052,-0.69872,-0.63172,-0.55315,-0.47078,-0.38861,-0.30903,-0.24131,-0.18409,-0.12756,-0.0627,0.0068521,0.074524,0.14738,0.22986,0.31618,0.38916,0.43909,0.47899,0.51782,0.55087,0.57459,0.60083,0.63146,0.66045,0.68695,0.70901,0.72473,0.73299,0.73357,0.72729,0.70569,0.67966,0.6801,0.6854,0.67226,0.6542,0.62778,0.60801,0.60706,0.60692,0.59622,0.56963,0.54349,0.53985,0.56201,0.59583,0.62027,0.62418,0.62239,0.63607,0.65267,0.65145,0.62246,0.57902,0.54786,0.53228,0.51826,0.49803,0.46035,0.38895,0.28549,0.16871,0.058348,-0.039554,-0.13274,-0.20215,-0.21577,-0.17159,0,0,0,0,0,0,0,0,0,0,0,0,0.013215,0,0,0,0,0,0,0,0,0,0,0,0,0,0,0,0,0,0,0,0,0,0,0,-0.13219,-0.11709,-0.10051,-0.070436,-0.016789,0,0,0,0.014346,0,0,0,0.092221,0.17892,0.15635,0,0,0,-0.026044,-0.05392,-0.090199,-0.13123,-0.14346,-0.15695,-0.17294,-0.19118,-0.20967,-0.22667,-0.24051,-0.24983,-0.25411,-0.25322,-0.24756,-0.23799,-0.22491,-0.20807,-0.18718,-0.16198,-0.13293,-0.10195,-0.072129,-0.046531,-0.026504,-0.011076,0.001768,0.012817,0.020511,0.021702,0.012501,-0.0097598,-0.04198,-0.072223,-0.08181,-0.062789,-0.032629,-0.01619,0.0020942,0.024473,0.053103,0.12988,0.1986,0.20581,0.14358,0.060773,0,0,0,0,-0.069005,0,0,0,-0.074464,-0.098815,-0.096916,-0.059719,-0.037153,0,0,0,0,0,0,0,0,0,0,0,0,0,0,0,0,0,0,0,0,0,0,0,0,0,0,0,0,0,0,0,0,0,-0.050786,-0.073827,-0.10034,-0.12685,-0.15798,-0.19375,-0.22951,-0.27532,-0.33121,-0.38711,-0.44751,-0.51239,-0.57726,-0.63169,-0.67566,-0.71963,-0.75727,-0.78858,-0.81989,-0.84131,-0.85284,-0.86437,-0.87628,-0.88857,-0.90087,-0.90825,-0.9107,-0.91316,-0.91482,-0.9157,-0.91657,-0.91416,-0.90847,-0.90278,-0.89142,-0.87439,-0.85736,-0.83433,-0.80529,-0.77625,-0.74223,-0.70325,-0.66426,-0.62206,-0.57665,-0.53123,-0.4849,-0.43767,-0.39043,-0.34448,-0.29983,-0.25516,-0.21318,-0.1739,-0.13462,-0.098409,-0.065264,-0.032118,-0.0018166,0.025634,0.053089,0.077789,0.099733,0.12168,0.14054,0.15632,0.17209,0.18467,0.19404,0.20341,0.21043,0.21508,0.21974,0.22325,0.22563,0.22801,0.2299,0.23132,0.23274,0.23349,0.23357,0.23365,0.23238,0.22974,0.22711,0.22303,0.2175,0.21198,0.20605,0.19973,0.19341,0.18801,0.18355,0.17908,0.17631,0.17522,0.17413,0.17475,0.17706,0.17938,0.18246,0.18631,0.19015,0.19328,0.1957,0.19812,0.19915,0.19878,0.19842,0.19707,0.19472,0.19238,0.18979,0.18693,0.18407,0.18184,0.18025,0.17866,0.17865,0.18022,0.18179,0.18481,0.18928,0.19375,0.19825,0.20276,0.20728,0.21042,0.21217,0.21392,0.21372,0.21156,0.2094,0.20542,0.19961,0.19379,0.18665,0.17818,0.16972,0.16062,0.15088,0.14115,0.13147,0.12185,0.11224,0.10308,0.094382,0.085684,0.077412,0.069564,0.061717,0.054081,0.046657,0.039233,0.031896,0.024647,0.017397,0.010301,0.0033575,-0.0035854,-0.010159,-0.016362,-0.022566,-0.028191,-0.033236,-0.038281,-0.042785,-0.046749,-0.050714,-0.054708,-0.058731,-0.062755,-0.067233,-0.072162,-0.077092,-0.066304,-0.039788,-0.013266
0,0,0,0,-0.16147,-0.11936,-0.042656,0.068713,0.18011,0.2726,0.34616,0.41972,0.46275,0.47523,0.4877,0.48824,0.47685,0.46546,0.44407,0.41266,0.38125,0.3339,0.27061,0.20732,0.13775,0.0619,-0.013943,-0.084663,-0.1503,-0.21594,-0.25872,-0.27865,-0.29858,-0.30299,-0.29186,-0.28072,-0.26474,-0.24389,-0.22304,-0.201,-0.17777,-0.15453,-0.1307,-0.10626,-0.081819,-0.056422,-0.030079,-0.0037412,0.025871,0.058743,0.091611,0.1262,0.16252,0.19882,0.23344,0.26639,0.29933,0.32816,0.35287,0.37758,0.39645,0.40948,0.4225,0.42941,0.4302,0.43098,0.42659,0.41701,0.40744,0.4001,0.39498,0.38986,0.37582,0.35288,0.32993,0.29976,0.26238,0.225,0.1814,0.1316,0.081793,0.030854,-0.02122,-0.0733,-0.12057,-0.16304,-0.20552,-0.24153,-0.27107,-0.30062,-0.3323,-0.36611,-0.39992,-0.43802,-0.48039,-0.52276,-0.56826,-0.61685,-0.66545,-0.70713,-0.74187,-0.77662,-0.80214,-0.81841,-0.83468,-0.84875,-0.86063,-0.87251,-0.88826,-0.90788,-0.92751,-0.94599,-0.96333,-0.98066,-0.99431,-1.0043,-1.0142,-1.012,-0.99768,-0.98334,-0.96946,-0.95605,-0.94264,-0.92609,-0.9064,-0.88671,-0.87085,-0.8588,-0.84676,-0.83981,-0.83796,-0.8361,-0.83667,-0.83967,-0.84266,-0.84166,-0.83665,-0.83164,-0.81764,-0.79463,-0.77163,-0.75287,-0.73837,-0.72388,-0.71612,-0.71509,-0.71407,-0.72863,-0.75876,-0.78889,-0.82316,-0.86156,-0.89996,-0.92597,-0.93959,-0.95321,-0.94954,-0.92859,-0.90762,-0.87634,-0.83474,-0.79314,-0.75241,-0.69512,-0.62514,-0.55295,-0.47118,-0.38732,-0.30837,-0.2382,-0.17668,-0.11949,-0.061155,0.0035856,0.077031,0.15827,0.23677,0.3081,0.37067,0.42067,0.46412,0.50412,0.54241,0.57193,0.59274,0.61937,0.65117,0.67916,0.70121,0.71524,0.72019,0.7165,0.70739,0.68685,0.66609,0.66888,0.68002,0.67714,0.6595,0.62543,0.59885,0.59923,0.60126,0.59107,0.56696,0.54296,0.54142,0.56655,0.60302,0.62444,0.62602,0.62566,0.63644,0.64776,0.63989,0.61015,0.57366,0.54298,0.51801,0.4931,0.46764,0.4277,0.35951,0.27027,0.16409,0.044738,-0.07322,-0.16924,-0.21828,-0.21172,-0.16927,0,0,0,0,0,0,0,0,0,0,0,0,0.003201,0,0,0,0,0,0,0,0,0,0,0,0,0,0,0,0,0,0,0,0,0,0,0,-0.052874,-0.047543,-0.042209,-0.032887,-0.019579,0,0,0,0,0,0,0,0.025752,0.046021,0.072999,0,0,0,-0.004531,-0.021199,-0.056331,-0.12177,-0.16003,-0.16585,-0.17955,-0.19857,-0.2189,-0.23751,-0.25344,-0.26603,-0.27394,-0.27612,-0.27244,-0.26313,-0.24852,-0.22953,-0.20729,-0.18158,-0.15164,-0.1178,-0.082196,-0.049282,-0.023783,-0.0070791,0.0038293,0.012788,0.020014,0.022297,0.01509,-0.0045791,-0.033264,-0.055447,-0.046584,0.0064073,0.064204,0,0,0,-0.024815,0.033938,0.1655,0.21695,0.16904,0.071461,0,0,0,-0.022554,-0.046965,0,0,0,-0.07544,-0.096876,-0.10021,-0.077431,-0.049772,0,0,0,0,0,0,0,0,0,0,0,0,0,0,0,0,0,0,0,0,0,0,0,0,0,0,0,0,0,0,0,0,0,-0.021767,-0.039494,-0.06033,-0.081165,-0.10933,-0.14484,-0.18035,-0.22716,-0.28531,-0.34345,-0.40602,-0.47303,-0.54005,-0.59664,-0.64278,-0.68894,-0.72891,-0.7627,-0.7965,-0.82053,-0.83478,-0.84903,-0.86321,-0.87732,-0.89144,-0.90011,-0.90334,-0.90657,-0.90874,-0.90985,-0.91096,-0.90899,-0.90394,-0.89889,-0.88862,-0.87313,-0.85764,-0.83628,-0.80907,-0.78186,-0.74945,-0.71188,-0.6743,-0.63315,-0.58843,-0.5437,-0.49769,-0.45041,-0.40314,-0.35691,-0.31175,-0.26658,-0.22407,-0.18423,-0.14439,-0.10774,-0.074273,-0.040812,-0.010309,0.017232,0.044775,0.069541,0.091524,0.11351,0.13243,0.14827,0.16412,0.17679,0.1863,0.19581,0.20298,0.20781,0.21263,0.2163,0.21881,0.22132,0.22331,0.2248,0.22628,0.2271,0.22726,0.22741,0.22619,0.22359,0.221,0.21686,0.21117,0.20548,0.19922,0.19238,0.18554,0.17956,0.17446,0.16935,0.16617,0.16492,0.16366,0.16445,0.16728,0.1701,0.17388,0.1786,0.18331,0.18738,0.1908,0.19422,0.19615,0.19659,0.19703,0.19621,0.19413,0.19206,0.18952,0.18654,0.18355,0.18126,0.17967,0.17808,0.1782,0.18003,0.18186,0.18518,0.18998,0.19478,0.19958,0.20437,0.20916,0.21245,0.21424,0.21603,0.21564,0.21307,0.2105,0.20587,0.19918,0.19249,0.18442,0.17496,0.1655,0.15557,0.14516,0.13476,0.12465,0.11484,0.10503,0.095868,0.087343,0.078818,0.070806,0.063307,0.055807,0.048517,0.041437,0.034356,0.027311,0.0203,0.013288,0.0063691,-0.00045518,-0.0072786,-0.013719,-0.019776,-0.025833,-0.031231,-0.035967,-0.040703,-0.044858,-0.048431,-0.052004,-0.055563,-0.059106,-0.062649,-0.066585,-0.07091,-0.075235,-0.064503,-0.038709,-0.012911
0,0,0,0,-0.2275,-0.17218,-0.081201,0.045466,0.17214,0.27924,0.36676,0.45427,0.50697,0.52483,0.54269,0.54395,0.52862,0.51328,0.48607,0.44697,0.40786,0.35842,0.29865,0.23887,0.17604,0.11015,0.044284,-0.01598,-0.070694,-0.1254,-0.16464,-0.18843,-0.2122,-0.22104,-0.21492,-0.2088,-0.19962,-0.18737,-0.17511,-0.16238,-0.14915,-0.13593,-0.12002,-0.10144,-0.082854,-0.062049,-0.039041,-0.016037,0.011009,0.042086,0.073162,0.10686,0.14319,0.17951,0.21466,0.24865,0.28263,0.31252,0.33832,0.36411,0.38394,0.39778,0.41162,0.41932,0.42087,0.42241,0.41879,0.41001,0.40122,0.39442,0.38962,0.38481,0.37127,0.34901,0.32674,0.29741,0.26103,0.22465,0.18262,0.13495,0.087276,0.038895,-0.010194,-0.059286,-0.10348,-0.14279,-0.1821,-0.21516,-0.24195,-0.26875,-0.3002,-0.3363,-0.37241,-0.41439,-0.46225,-0.51012,-0.55864,-0.6078,-0.65696,-0.69836,-0.73197,-0.76559,-0.78832,-0.80015,-0.81197,-0.82369,-0.83531,-0.84692,-0.86141,-0.87878,-0.89615,-0.91578,-0.93766,-0.95956,-0.97573,-0.98618,-0.99663,-0.99511,-0.98161,-0.96811,-0.95491,-0.942,-0.9291,-0.9127,-0.8928,-0.8729,-0.85638,-0.84325,-0.83012,-0.8233,-0.82277,-0.82224,-0.82235,-0.82307,-0.82381,-0.82207,-0.81787,-0.81366,-0.80149,-0.78135,-0.7612,-0.74427,-0.73055,-0.71683,-0.71112,-0.71341,-0.71571,-0.73143,-0.76058,-0.78973,-0.82254,-0.85901,-0.89548,-0.92101,-0.93562,-0.95023,-0.94852,-0.9305,-0.91248,-0.88184,-0.83857,-0.7953,-0.75029,-0.68827,-0.61574,-0.54552,-0.46799,-0.38625,-0.30776,-0.23521,-0.16913,-0.11014,-0.054649,0.0094072,0.088796,0.17405,0.24615,0.30128,0.35005,0.3984,0.44537,0.4877,0.52611,0.56232,0.59028,0.61758,0.64316,0.66418,0.68474,0.69516,0.70198,0.70027,0.68344,0.67007,0.66706,0.67129,0.68035,0.67901,0.65382,0.61754,0.5974,0.59688,0.60122,0.59641,0.5727,0.55278,0.55491,0.5762,0.60698,0.6206,0.61932,0.62044,0.62564,0.62833,0.6196,0.59937,0.57206,0.54128,0.50849,0.47613,0.44702,0.40286,0.33483,0.25167,0.15096,0.032587,-0.092514,-0.19023,-0.22745,-0.21514,-0.18187,0,0,0,0,0,0,0,0,0,0,0,0,0,0,0,0,0,0,0,0,0,0,0,0,0,0,0,0,0,0,0,0,0,0,0,0,0,0,0,0,0,0,0,0,0,0,0,0,0,0,0.023401,0,0,0,0,-0.0070647,-0.011865,-0.049385,-0.16266,-0.16277,-0.17453,-0.19404,-0.21656,-0.23938,-0.26097,-0.2784,-0.289,-0.29196,-0.28731,-0.2758,-0.25881,-0.23817,-0.21579,-0.19185,-0.16417,-0.13045,-0.091745,-0.053961,-0.024481,-0.0067437,0.0019081,0.007358,0.012267,0.014138,0.0089668,-0.0054122,-0.024763,-0.032768,-0.0034406,0.073331,0.16011,0,0,0,-0.068426,-0.054307,0.11413,0.20064,0.1719,0.070678,-0.016922,-0.021356,-0.010697,-0.040313,-0.042755,0,0,0,-0.076412,-0.094443,-0.10047,-0.087944,-0.05773,0,0,0,0,0,0,0,0,0,0,0,0,0,0,0,0,0,0,0,0,0,0,0,0,0,0,0,0,0,0,0,0,0,0.0072539,-0.0051638,-0.020321,-0.035483,-0.060685,-0.095926,-0.13119,-0.17901,-0.23939,-0.29978,-0.36455,-0.43369,-0.50284,-0.56158,-0.60991,-0.65824,-0.70054,-0.73682,-0.77311,-0.79975,-0.81673,-0.8337,-0.85015,-0.86608,-0.88201,-0.89197,-0.89598,-0.89998,-0.90266,-0.904,-0.90534,-0.90381,-0.89941,-0.89501,-0.88583,-0.87187,-0.85791,-0.83824,-0.81285,-0.78747,-0.75669,-0.72051,-0.68434,-0.64423,-0.6002,-0.55616,-0.51048,-0.46316,-0.41585,-0.36935,-0.32367,-0.278,-0.23495,-0.19455,-0.15415,-0.11706,-0.083289,-0.049514,-0.018807,0.0088292,0.036465,0.061297,0.083322,0.10535,0.12432,0.14023,0.15615,0.16892,0.17857,0.18821,0.19553,0.20053,0.20553,0.20935,0.21199,0.21462,0.21672,0.21827,0.21983,0.22072,0.22094,0.22116,0.22,0.21744,0.21489,0.21068,0.20483,0.19898,0.19238,0.18502,0.17767,0.17112,0.16537,0.15962,0.15604,0.15461,0.15319,0.15415,0.15749,0.16082,0.16529,0.17088,0.17648,0.18149,0.1859,0.19031,0.19314,0.1944,0.19564,0.19536,0.19354,0.19173,0.18926,0.18614,0.18303,0.18068,0.17909,0.1775,0.17775,0.17984,0.18193,0.18554,0.19068,0.19581,0.20091,0.20597,0.21103,0.21448,0.21631,0.21813,0.21756,0.21457,0.21159,0.20632,0.19875,0.19119,0.18218,0.17173,0.16128,0.15051,0.13944,0.12837,0.11783,0.10783,0.097831,0.088656,0.080304,0.071952,0.064201,0.057049,0.049898,0.042953,0.036216,0.02948,0.022725,0.015952,0.0091781,0.0024382,-0.0042673,-0.010973,-0.017281,-0.02319,-0.0291,-0.03427,-0.038699,-0.043127,-0.046932,-0.050113,-0.053294,-0.056417,-0.059481,-0.062544,-0.065937,-0.069659,-0.07338,-0.062705,-0.037632,-0.012553
0,0,0,0,-0.27866,-0.21896,-0.12059,0.016478,0.15355,0.27255,0.37351,0.47447,0.53874,0.56636,0.59397,0.59774,0.57769,0.55763,0.52526,0.4806,0.43592,0.38462,0.32669,0.26876,0.21076,0.1527,0.094647,0.042293,-0.004396,-0.051078,-0.085413,-0.10743,-0.12943,-0.139,-0.13616,-0.13331,-0.13116,-0.12971,-0.12825,-0.12573,-0.12217,-0.1186,-0.10969,-0.095456,-0.081217,-0.063581,-0.04256,-0.02154,0.0035516,0.032708,0.061864,0.094255,0.12988,0.16551,0.20062,0.23522,0.26982,0.30032,0.32671,0.35311,0.37345,0.38772,0.402,0.41017,0.41224,0.41431,0.41124,0.40303,0.39482,0.38747,0.381,0.37453,0.36112,0.34078,0.32044,0.29253,0.25704,0.22156,0.18133,0.13636,0.091391,0.046022,0.00027396,-0.045477,-0.086581,-0.12302,-0.15948,-0.19055,-0.21622,-0.2419,-0.2735,-0.31105,-0.34861,-0.39296,-0.44412,-0.49529,-0.54535,-0.59432,-0.64329,-0.68394,-0.71627,-0.7486,-0.76936,-0.77856,-0.78776,-0.79871,-0.81144,-0.82417,-0.83829,-0.85379,-0.86929,-0.88878,-0.91226,-0.93573,-0.95257,-0.96277,-0.97296,-0.97377,-0.96519,-0.9566,-0.94608,-0.93362,-0.92115,-0.90375,-0.8814,-0.85905,-0.84068,-0.82631,-0.81194,-0.80437,-0.80359,-0.80282,-0.80209,-0.80142,-0.80075,-0.7989,-0.79587,-0.79285,-0.78384,-0.76885,-0.75386,-0.73993,-0.72706,-0.71419,-0.71026,-0.71526,-0.72026,-0.73684,-0.76501,-0.79318,-0.82362,-0.85632,-0.88902,-0.91268,-0.92732,-0.94195,-0.94127,-0.92529,-0.9093,-0.87992,-0.83714,-0.79435,-0.74599,-0.68389,-0.61058,-0.53951,-0.46572,-0.38434,-0.30533,-0.23131,-0.16403,-0.10488,-0.050058,0.01398,0.097118,0.18304,0.25062,0.29681,0.33483,0.37902,0.42712,0.47165,0.5103,0.54539,0.57918,0.61252,0.63729,0.65695,0.67439,0.68019,0.68273,0.68016,0.66137,0.65864,0.67082,0.67938,0.6772,0.65967,0.63527,0.6137,0.60502,0.60057,0.60558,0.60404,0.58246,0.56566,0.56657,0.58135,0.60231,0.61138,0.61077,0.60626,0.60179,0.60082,0.59559,0.58358,0.56085,0.52827,0.49372,0.46146,0.4328,0.39351,0.333,0.24924,0.14298,0.021286,-0.10149,-0.19489,-0.23577,-0.23518,-0.21959,-0.10566,0,0,0,0,0,0,0,0,0,0,0,0,0,0,0,0,0,0,0,0,0,0,0,0,0,0,0,0,0,0,0,0,0,0,0,0,0,0,0,0,0,0,0,0,0,0,0,0,0,0,0,0,0,0,0,0,0,-0.14477,-0.14226,-0.15221,-0.17141,-0.1957,-0.22287,-0.25007,-0.27265,-0.28693,-0.29145,-0.28709,-0.27606,-0.25975,-0.23973,-0.21859,-0.19694,-0.17149,-0.13856,-0.09938,-0.060717,-0.03035,-0.011934,-0.0038034,-0.0012104,-7.0557e-05,-9.107e-05,-0.0034612,-0.010829,-0.017186,-0.0083801,0.034187,0.1122,0.18102,0,0,0,-0.045934,-0.096201,0.056026,0.15842,0.15478,0.059299,-0.038263,-0.045025,-0.010697,-0.017759,-0.024819,0,0,0,-0.071051,-0.095443,-0.10596,-0.091472,-0.058642,0,0,0,0,0,0,0,0,0,0,0,0,0,0,0,0,0,0,0,0,0,0,0,0,0,0,0,0,0,0,0,0,0.03059,0.039807,0.031765,0.020953,0.010137,-0.012669,-0.047477,-0.082303,-0.13098,-0.19351,-0.25605,-0.32283,-0.39381,-0.4648,-0.52537,-0.57552,-0.62566,-0.67008,-0.70879,-0.74751,-0.77685,-0.7968,-0.81675,-0.83579,-0.85393,-0.87207,-0.88362,-0.88859,-0.89356,-0.89679,-0.89828,-0.89976,-0.89855,-0.89462,-0.8907,-0.88245,-0.86987,-0.85729,-0.83918,-0.81554,-0.7919,-0.76274,-0.72806,-0.69338,-0.65447,-0.61132,-0.56817,-0.52298,-0.47575,-0.42853,-0.38184,-0.3357,-0.28955,-0.24595,-0.20491,-0.16388,-0.12622,-0.091951,-0.057679,-0.026609,0.0012556,0.029118,0.054054,0.076066,0.098077,0.11698,0.13279,0.1486,0.16132,0.17094,0.18056,0.18794,0.19308,0.19822,0.20219,0.20498,0.20778,0.20997,0.21157,0.21316,0.21406,0.21426,0.21445,0.21327,0.21072,0.20817,0.20394,0.19803,0.19211,0.1853,0.17761,0.16991,0.16293,0.15667,0.1504,0.14642,0.14472,0.14303,0.14398,0.14759,0.1512,0.15617,0.16251,0.16885,0.17471,0.18008,0.18546,0.18916,0.19119,0.19322,0.19348,0.19196,0.19045,0.18814,0.18503,0.18193,0.17963,0.17814,0.17665,0.17705,0.17936,0.18167,0.18548,0.1908,0.19612,0.20137,0.20653,0.2117,0.21516,0.21692,0.21867,0.21786,0.21448,0.2111,0.20528,0.197,0.18873,0.179,0.16781,0.15661,0.14526,0.13374,0.12223,0.11144,0.10138,0.091323,0.082213,0.074051,0.065889,0.058382,0.051528,0.044673,0.038025,0.031585,0.025145,0.018649,0.012098,0.005547,-0.0010022,-0.0075481,-0.014094,-0.020226,-0.025942,-0.031658,-0.036576,-0.040694,-0.044811,-0.048278,-0.051094,-0.05391,-0.056656,-0.059332,-0.062007,-0.065,-0.068314,-0.071627,-0.061078,-0.036654,-0.012221
0,0,0,0,-0.3149,-0.25969,-0.16082,-0.018235,0.12435,0.25254,0.36641,0.48029,0.55808,0.5998,0.64152,0.64961,0.62406,0.59851,0.56167,0.51355,0.46544,0.41251,0.35476,0.297,0.24194,0.18955,0.13715,0.090162,0.048595,0.0070346,-0.021043,-0.03566,-0.050263,-0.056896,-0.055576,-0.054264,-0.059375,-0.070905,-0.082434,-0.091067,-0.096805,-0.10254,-0.099713,-0.088313,-0.076911,-0.06102,-0.040637,-0.020253,0.0034956,0.030606,0.057719,0.08838,0.12259,0.15679,0.19129,0.22609,0.26089,0.29154,0.31805,0.34455,0.36498,0.37931,0.39364,0.40198,0.40433,0.40667,0.40392,0.39607,0.38822,0.37924,0.36912,0.359,0.34536,0.32819,0.31103,0.28511,0.25043,0.21575,0.17756,0.13584,0.094126,0.052234,0.010176,-0.031882,-0.069871,-0.10377,-0.13766,-0.1677,-0.19388,-0.22006,-0.25223,-0.29037,-0.32853,-0.37373,-0.426,-0.47827,-0.52841,-0.57643,-0.62444,-0.66388,-0.69476,-0.72565,-0.74528,-0.75365,-0.76202,-0.77381,-0.78904,-0.80426,-0.81888,-0.8329,-0.84691,-0.86498,-0.88709,-0.90919,-0.92484,-0.93403,-0.94321,-0.948,-0.9484,-0.9488,-0.94296,-0.93088,-0.9188,-0.89924,-0.8722,-0.84515,-0.82375,-0.80798,-0.79222,-0.78303,-0.78043,-0.77782,-0.77591,-0.7747,-0.77349,-0.77215,-0.77067,-0.7692,-0.76469,-0.75714,-0.7496,-0.73985,-0.72791,-0.71596,-0.71354,-0.72064,-0.72774,-0.74488,-0.77206,-0.79924,-0.82639,-0.85349,-0.88059,-0.90099,-0.91469,-0.92839,-0.92781,-0.91295,-0.89808,-0.87058,-0.83043,-0.79029,-0.74337,-0.68166,-0.60952,-0.53636,-0.45956,-0.37979,-0.30201,-0.22772,-0.1614,-0.10202,-0.043711,0.024213,0.10678,0.18754,0.24824,0.28995,0.32544,0.3662,0.41212,0.45614,0.49454,0.52882,0.56143,0.59314,0.62247,0.6456,0.6586,0.66052,0.65519,0.65133,0.65106,0.65723,0.66727,0.67332,0.66144,0.63682,0.61832,0.61455,0.61276,0.60583,0.60352,0.59146,0.57599,0.57173,0.57705,0.58806,0.59398,0.59606,0.59884,0.59403,0.58835,0.583,0.57632,0.56425,0.53996,0.50915,0.47623,0.44752,0.42455,0.39307,0.33931,0.25773,0.1464,0.015786,-0.10465,-0.19322,-0.24756,-0.26965,-0.26731,-0.24126,-0.11141,-0.077237,0,0,0,0,0,0,0,0,0,0,0,0,0,0,0,0,0,0,0,0,0,0,0,0,0,0,0,0,0,0,0,0,0,0,0,0,0,0,0,0,0,0,0,0,0,0,0,0,0,0,0,0,0,0,0,-0.1095,-0.10767,-0.11654,-0.13764,-0.16705,-0.19972,-0.23057,-0.25505,-0.27161,-0.28015,-0.28089,-0.27409,-0.26042,-0.24253,-0.22316,-0.20244,-0.17735,-0.14495,-0.107,-0.069782,-0.040107,-0.021383,-0.012939,-0.011871,-0.014132,-0.016642,-0.018649,-0.018744,-0.011251,0.013096,0.059681,0.1186,0.083385,0,0,0,0,-0.044241,0.023044,0.10113,0.13089,0.055953,-0.037233,-0.047174,0,0,0,0,0,0,-0.059356,-0.092345,-0.10931,-0.08951,-0.05386,0,0,0,0,0,0,0,0,0,0,0,0,0,0,0,0,0,0,0,0,0,0,0,0,0,0,0,0,0,0,0,0,0.077295,0.075891,0.071291,0.063494,0.055691,0.0347,0.00050446,-0.033693,-0.083074,-0.14765,-0.21222,-0.28081,-0.35337,-0.42594,-0.48802,-0.53961,-0.59121,-0.63754,-0.67862,-0.71971,-0.75184,-0.77502,-0.79819,-0.82016,-0.84089,-0.86163,-0.87506,-0.88118,-0.88731,-0.89114,-0.89268,-0.89423,-0.89319,-0.88958,-0.88596,-0.87848,-0.86713,-0.85578,-0.83911,-0.81713,-0.79514,-0.76761,-0.73452,-0.70144,-0.66387,-0.62179,-0.57972,-0.53519,-0.48819,-0.44119,-0.3944,-0.34782,-0.30124,-0.25707,-0.21532,-0.17356,-0.13521,-0.10026,-0.065303,-0.033712,-0.0054889,0.02273,0.04781,0.069757,0.091704,0.11044,0.12596,0.14148,0.15396,0.16341,0.17286,0.1802,0.18545,0.1907,0.19481,0.1978,0.20078,0.20307,0.20468,0.20628,0.20713,0.2072,0.20727,0.20602,0.20344,0.20086,0.19663,0.19074,0.18486,0.17799,0.17013,0.16228,0.15502,0.14835,0.14169,0.13732,0.13525,0.13317,0.13395,0.13759,0.14123,0.14652,0.15347,0.16042,0.16704,0.17334,0.17964,0.18418,0.18697,0.18976,0.19057,0.1894,0.18822,0.18616,0.1832,0.18024,0.17811,0.17682,0.17552,0.17612,0.17859,0.18107,0.18499,0.19036,0.19573,0.20096,0.20606,0.21117,0.21451,0.21607,0.21764,0.21655,0.21279,0.20903,0.20275,0.19394,0.18513,0.17488,0.16319,0.15151,0.1398,0.12807,0.11634,0.10548,0.095493,0.085507,0.076538,0.068585,0.060632,0.053352,0.046744,0.040135,0.033736,0.027543,0.02135,0.015082,0.0087374,0.0023918,-0.0039543,-0.010299,-0.016645,-0.022556,-0.028032,-0.033509,-0.038149,-0.041952,-0.045756,-0.048896,-0.051374,-0.053852,-0.056281,-0.058659,-0.061037,-0.063777,-0.066877,-0.069977,-0.059614,-0.035771,-0.011923
0,0,0,0,-0.35112,-0.30042,-0.20105,-0.052958,0.095141,0.23255,0.35932,0.48611,0.57741,0.63324,0.68907,0.70146,0.67042,0.63937,0.59807,0.5465,0.49494,0.44039,0.38283,0.32527,0.27311,0.22637,0.17963,0.13803,0.10159,0.06514,0.043319,0.036112,0.028914,0.025207,0.024987,0.024765,0.012396,-0.012115,-0.03663,-0.05641,-0.071453,-0.086494,-0.089731,-0.081169,-0.072606,-0.058453,-0.038708,-0.018961,0.0034452,0.028512,0.053582,0.082512,0.1153,0.14809,0.18198,0.21697,0.25196,0.28276,0.30938,0.336,0.35651,0.3709,0.38528,0.39379,0.39641,0.39903,0.3966,0.38912,0.38163,0.37101,0.35724,0.34348,0.32961,0.31561,0.30161,0.27768,0.24382,0.20995,0.17378,0.13532,0.096859,0.058443,0.020071,-0.018299,-0.053165,-0.084512,-0.11585,-0.14486,-0.17154,-0.19823,-0.23095,-0.26969,-0.30845,-0.35451,-0.40787,-0.46124,-0.51145,-0.55852,-0.60558,-0.64383,-0.67327,-0.7027,-0.72118,-0.72873,-0.73628,-0.74891,-0.76663,-0.78435,-0.79948,-0.81201,-0.82454,-0.84118,-0.86192,-0.88267,-0.89712,-0.90529,-0.91346,-0.92223,-0.93161,-0.94099,-0.93984,-0.92814,-0.91645,-0.89473,-0.863,-0.83126,-0.80681,-0.78965,-0.7725,-0.7617,-0.75726,-0.75283,-0.74973,-0.74799,-0.74623,-0.74539,-0.74547,-0.74555,-0.74554,-0.74543,-0.74533,-0.73978,-0.72876,-0.71774,-0.71682,-0.72602,-0.73521,-0.75291,-0.77911,-0.8053,-0.82915,-0.85066,-0.87216,-0.88929,-0.90207,-0.91484,-0.91435,-0.9006,-0.88685,-0.86123,-0.82373,-0.78622,-0.74066,-0.68028,-0.6104,-0.53544,-0.4554,-0.37433,-0.29651,-0.22322,-0.15713,-0.096093,-0.032245,0.039812,0.11599,0.18498,0.23899,0.28032,0.3175,0.35703,0.39908,0.44015,0.47764,0.5118,0.54402,0.57378,0.59855,0.61575,0.62423,0.62569,0.62588,0.63306,0.6511,0.65928,0.65709,0.64853,0.62507,0.6049,0.60156,0.61047,0.61159,0.60078,0.58331,0.56758,0.56918,0.58253,0.59448,0.59514,0.58515,0.57892,0.57547,0.57447,0.5774,0.57337,0.56129,0.54325,0.51902,0.49061,0.46037,0.43817,0.42274,0.39502,0.33934,0.25359,0.13881,0.011985,-0.098755,-0.18505,-0.25403,-0.30053,-0.31601,-0.29934,-0.254,-0.19221,-0.077487,0,0,0,0,0,0,0,0,0,0,0,0,0,0,0,0,0,0,0,0,0,0,0,0,0,0,0,0,0,0,0,0,0,0,0,0,0,0,0,0,0,0,0,0,0,0,0,0,0,0,0,0,0,0,-0.072377,-0.070456,-0.048307,-0.059841,-0.076591,-0.18962,-0.22377,-0.24161,-0.25385,-0.26589,-0.27431,-0.27312,-0.26254,-0.24725,-0.22949,-0.20906,-0.18417,-0.15273,-0.11641,-0.080965,-0.052568,-0.034545,-0.026423,-0.025715,-0.029148,-0.033032,-0.033949,-0.027709,-0.0082242,0.028788,0.076437,0.11313,0,0,0,0,0,0.0069906,0.0012939,0.049182,0.11166,0.07237,-0.01528,-0.050458,-0.027415,-0.025417,-0.020337,-0.0087256,0.0043954,0.0070326,-0.04698,-0.089289,-0.098209,-0.043672,-0.025427,0,0,0,0,0,0,0,0,0,0,0,0,0,0,0,0,0,0,0,0,0,0,0,0,0,0,0,0,0,0,0,0,0.10952,0.11198,0.11082,0.10604,0.10125,0.082077,0.048497,0.014919,-0.035166,-0.10178,-0.1684,-0.23879,-0.31292,-0.38706,-0.45066,-0.50371,-0.55676,-0.60501,-0.64845,-0.6919,-0.72683,-0.75324,-0.77964,-0.80451,-0.82785,-0.85118,-0.86649,-0.87377,-0.88105,-0.88549,-0.88709,-0.88869,-0.88784,-0.88454,-0.88123,-0.87452,-0.8644,-0.85427,-0.83904,-0.81872,-0.79839,-0.77248,-0.74099,-0.7095,-0.67326,-0.63227,-0.59128,-0.54739,-0.50062,-0.45385,-0.40696,-0.35994,-0.31293,-0.26819,-0.22571,-0.18325,-0.1442,-0.10857,-0.072925,-0.040814,-0.012235,0.016344,0.041572,0.06345,0.085331,0.10389,0.11912,0.13436,0.14661,0.15588,0.16515,0.17247,0.17782,0.18318,0.18744,0.19061,0.19378,0.19617,0.19779,0.19941,0.20019,0.20014,0.20009,0.19876,0.19615,0.19354,0.18931,0.18346,0.17761,0.17068,0.16266,0.15464,0.1471,0.14004,0.13298,0.12823,0.12577,0.12332,0.12392,0.12759,0.13126,0.13687,0.14443,0.15199,0.15938,0.1666,0.17383,0.17921,0.18276,0.1863,0.18766,0.18683,0.186,0.18418,0.18137,0.17855,0.1766,0.1755,0.1744,0.17518,0.17783,0.18048,0.18451,0.18992,0.19533,0.20055,0.20559,0.21063,0.21385,0.21523,0.21661,0.21523,0.2111,0.20696,0.20022,0.19087,0.18152,0.17076,0.15858,0.14641,0.13435,0.1224,0.11045,0.099519,0.089605,0.079692,0.070863,0.063119,0.055376,0.048323,0.04196,0.035598,0.029445,0.0235,0.017556,0.011515,0.0053756,-0.00076413,-0.0069058,-0.01305,-0.019195,-0.024886,-0.030122,-0.035359,-0.039722,-0.043211,-0.0467,-0.049515,-0.051654,-0.053794,-0.055905,-0.057987,-0.060069,-0.062553,-0.06544,-0.068327,-0.058146,-0.034891,-0.011634
0,0,0,0,-0.38031,-0.3318,-0.23175,-0.080123,0.071533,0.2153,0.35119,0.48711,0.58836,0.65492,0.72149,0.73847,0.70587,0.67326,0.63014,0.57654,0.52294,0.46644,0.40704,0.34764,0.29518,0.2497,0.20422,0.16899,0.14405,0.11911,0.10696,0.10761,0.10827,0.10407,0.095033,0.085995,0.063036,0.026148,-0.010753,-0.038894,-0.058279,-0.077664,-0.083005,-0.074307,-0.065606,-0.05098,-0.030428,-0.0098757,0.012589,0.036967,0.061346,0.088915,0.11966,0.15042,0.18226,0.2152,0.24813,0.27726,0.30262,0.32797,0.34757,0.36143,0.37528,0.38356,0.38627,0.38897,0.38676,0.37963,0.37251,0.36128,0.34596,0.33064,0.3161,0.30234,0.28858,0.26609,0.23486,0.20363,0.17007,0.13417,0.098281,0.062949,0.028173,-0.0066052,-0.038714,-0.06816,-0.097607,-0.12591,-0.15307,-0.18024,-0.21322,-0.25201,-0.29083,-0.33641,-0.38877,-0.44114,-0.48972,-0.53452,-0.57931,-0.61573,-0.64379,-0.67183,-0.68985,-0.69784,-0.70584,-0.71976,-0.73963,-0.7595,-0.77548,-0.78758,-0.79968,-0.81636,-0.83761,-0.85887,-0.87409,-0.88326,-0.89244,-0.90267,-0.91396,-0.92525,-0.9252,-0.9138,-0.90241,-0.8809,-0.84927,-0.81763,-0.79248,-0.77383,-0.75517,-0.7424,-0.73553,-0.72865,-0.72379,-0.72094,-0.71809,-0.71835,-0.72172,-0.72508,-0.72901,-0.73351,-0.73801,-0.73621,-0.72811,-0.72001,-0.72133,-0.73206,-0.7428,-0.75945,-0.78203,-0.8046,-0.82508,-0.84349,-0.86189,-0.87661,-0.88767,-0.89872,-0.8974,-0.88369,-0.86999,-0.84504,-0.80884,-0.77264,-0.73091,-0.67576,-0.60917,-0.53586,-0.45543,-0.37033,-0.2887,-0.21505,-0.14807,-0.084146,-0.018081,0.051235,0.11864,0.17797,0.22723,0.26913,0.30821,0.34709,0.38592,0.42399,0.46026,0.49397,0.52472,0.55102,0.57062,0.58291,0.58992,0.59592,0.60617,0.62366,0.64473,0.64529,0.62721,0.60472,0.58101,0.57406,0.58709,0.60416,0.6053,0.58744,0.56379,0.55771,0.57018,0.58717,0.59982,0.59461,0.57613,0.56465,0.5571,0.5551,0.56082,0.55956,0.54512,0.52227,0.49552,0.46887,0.449,0.43503,0.4208,0.39133,0.32663,0.22922,0.1158,0.0073084,-0.079949,-0.15938,-0.24033,-0.3096,-0.34739,-0.3491,-0.32079,-0.26815,-0.19602,-0.075479,0,0,0,0,0,0,0,0,0,0,0,0,0,0,0,0,0,0,0,0,0,0,0,0,0,0,0,0,0,0,0,0,0,0,0,0,0,0,0,0,0,0,0,0,0,0,0,0,0,0,0,0,-0.0091932,-0.0453,-0.038851,0,0,0,-0.21964,-0.24039,-0.2422,-0.24309,-0.25123,-0.26185,-0.26705,-0.26447,-0.25537,-0.24097,-0.22191,-0.19695,-0.16489,-0.1286,-0.094473,-0.068365,-0.052429,-0.045097,-0.043707,-0.046,-0.049003,-0.047874,-0.035987,-0.0070044,0.03976,0.092534,0.12309,0,0,0,0,0,0,-0.02097,0.014029,0.094267,0.092075,0.019344,-0.051997,-0.084324,-0.090029,-0.072527,-0.032994,0.011518,0.029629,-0.0057707,-0.05581,-0.072556,0,0,0,0,0,0,0,0,0,0,0,0,0,0,0,0,0,0,0,0,0,0,0,0,0,0,0,0,0,0,0,0,0,0,0.14031,0.14808,0.15152,0.15062,0.14972,0.13252,0.099013,0.065505,0.014442,-0.054185,-0.12283,-0.19488,-0.27036,-0.34585,-0.41136,-0.46693,-0.52249,-0.57259,-0.61723,-0.66186,-0.69898,-0.72857,-0.75817,-0.78605,-0.81221,-0.83836,-0.85589,-0.86477,-0.87365,-0.87915,-0.88126,-0.88337,-0.8829,-0.87985,-0.8768,-0.87064,-0.86137,-0.85211,-0.83805,-0.8192,-0.80035,-0.77599,-0.7461,-0.71622,-0.68139,-0.64162,-0.60183,-0.55882,-0.51259,-0.46636,-0.41967,-0.37249,-0.32531,-0.28014,-0.23698,-0.19384,-0.15404,-0.11759,-0.081147,-0.048391,-0.019317,0.009752,0.035241,0.057149,0.079057,0.097501,0.11248,0.12746,0.13948,0.14856,0.15764,0.16486,0.17022,0.17558,0.17988,0.1831,0.18632,0.18872,0.19029,0.19187,0.19258,0.19243,0.19228,0.19087,0.18821,0.18555,0.1813,0.17545,0.1696,0.1626,0.15445,0.1463,0.13856,0.13121,0.12387,0.11884,0.11612,0.11341,0.11388,0.11755,0.12122,0.12706,0.13507,0.14309,0.1511,0.15911,0.16711,0.17326,0.17754,0.18182,0.1838,0.18347,0.18314,0.18177,0.17934,0.17691,0.1753,0.17451,0.17371,0.17469,0.17745,0.18021,0.18424,0.18956,0.19488,0.19994,0.20476,0.20957,0.2125,0.21355,0.2146,0.21286,0.20832,0.20379,0.19666,0.18693,0.17721,0.16614,0.15372,0.14131,0.12911,0.11713,0.10515,0.094273,0.084502,0.074733,0.06608,0.058542,0.051005,0.044151,0.037978,0.031806,0.025841,0.020083,0.014325,0.0084881,0.0025705,-0.0033465,-0.0092433,-0.01512,-0.020996,-0.026406,-0.031348,-0.03629,-0.040354,-0.043541,-0.046726,-0.049241,-0.051085,-0.052928,-0.054799,-0.056696,-0.058594,-0.061001,-0.063918,-0.066836,-0.056917,-0.034156,-0.01139
0,0,0,0,-0.40246,-0.3538,-0.25288,-0.099685,0.053529,0.20079,0.34205,0.4833,0.59091,0.66484,0.73878,0.76063,0.7304,0.70016,0.65792,0.60369,0.54944,0.49068,0.42739,0.3641,0.30814,0.25952,0.21089,0.18305,0.176,0.16895,0.1699,0.17884,0.18779,0.1797,0.15456,0.12943,0.092545,0.043884,-0.0047867,-0.038505,-0.057281,-0.076051,-0.079532,-0.067722,-0.055911,-0.038605,-0.015804,0.0069976,0.030921,0.055965,0.081008,0.10758,0.13567,0.16377,0.19213,0.22076,0.2494,0.27506,0.29775,0.32044,0.33816,0.35091,0.36365,0.37132,0.3739,0.37649,0.37439,0.36763,0.36086,0.35007,0.33527,0.32047,0.30485,0.28839,0.27193,0.25033,0.22356,0.1968,0.16642,0.13241,0.098398,0.065754,0.034476,0.0032045,-0.026529,-0.054732,-0.082937,-0.11084,-0.13845,-0.16607,-0.19904,-0.23736,-0.27568,-0.31946,-0.36871,-0.41797,-0.46321,-0.50441,-0.54562,-0.57959,-0.60632,-0.63306,-0.65127,-0.66098,-0.67069,-0.68637,-0.70804,-0.72972,-0.74691,-0.75962,-0.77233,-0.7905,-0.81415,-0.83781,-0.85574,-0.86795,-0.88015,-0.88932,-0.89545,-0.90158,-0.89905,-0.88787,-0.87669,-0.85774,-0.831,-0.80426,-0.78076,-0.7605,-0.74024,-0.72515,-0.71522,-0.70529,-0.69808,-0.69357,-0.68907,-0.69102,-0.6994,-0.70779,-0.71511,-0.72136,-0.72762,-0.72915,-0.72597,-0.72278,-0.72704,-0.73877,-0.75049,-0.76451,-0.78083,-0.79714,-0.8142,-0.83199,-0.84979,-0.86296,-0.8715,-0.88004,-0.87695,-0.86222,-0.84749,-0.82201,-0.78578,-0.74954,-0.71053,-0.66208,-0.60069,-0.52906,-0.44904,-0.3636,-0.28007,-0.20401,-0.13487,-0.06915,-0.0046594,0.05842,0.11713,0.16958,0.2164,0.259,0.29867,0.33641,0.37277,0.40807,0.44243,0.47474,0.50262,0.52431,0.54012,0.55195,0.56288,0.57668,0.5952,0.61524,0.62851,0.61548,0.58649,0.56349,0.55198,0.56074,0.58131,0.59444,0.58757,0.5668,0.55112,0.55416,0.56358,0.57517,0.5866,0.58529,0.57117,0.55493,0.54825,0.54584,0.54399,0.53805,0.52161,0.49794,0.47298,0.45498,0.44675,0.43504,0.41163,0.37001,0.29672,0.19721,0.092884,0.0055992,-0.059264,-0.1251,-0.20695,-0.28968,-0.35178,-0.38679,-0.38651,-0.3459,-0.27595,-0.18398,0,0,0,0,0,0,0,0,0,0,0,0,0,0,0,0,0,0,0,0,0,0,0,0,0,0,0,0,0,0,0,0,0,0,0,0,0,0,0,0,0,0,0,0,0,0,0,0,0,0,0,0,-0.012465,-0.026986,-0.028943,0,0,0,-0.27514,-0.2786,-0.25877,-0.23838,-0.23201,-0.24034,-0.25707,-0.2714,-0.27398,-0.26432,-0.2452,-0.21693,-0.1814,-0.14424,-0.11199,-0.088958,-0.075425,-0.068618,-0.065872,-0.065689,-0.065564,-0.059558,-0.039964,-0.0020694,0.051369,0.1061,0.14048,0,0,0,0,0,0,-0.025509,-0.011743,0.058041,0.082818,0.03812,-0.041718,-0.10748,-0.13637,-0.12081,-0.063036,0.012587,0.061979,0.054159,-0.0024476,-0.052848,0,0,0,0,0,0,0,0,0,0,0,0,0,0,0,0,0,0,0,0,0,0,0,0,0,0,0,0,0,0,0,0,0,0,0.16966,0.18421,0.1934,0.19724,0.20108,0.18601,0.15204,0.11806,0.065758,-0.0048691,-0.075486,-0.14908,-0.22567,-0.30227,-0.37013,-0.42928,-0.48842,-0.54031,-0.58495,-0.6296,-0.66829,-0.70104,-0.7338,-0.76478,-0.79397,-0.82317,-0.84324,-0.85418,-0.86512,-0.87213,-0.8752,-0.87827,-0.87838,-0.87552,-0.87267,-0.86685,-0.85807,-0.84929,-0.83612,-0.81858,-0.80103,-0.77813,-0.74987,-0.72161,-0.68826,-0.64983,-0.61139,-0.56949,-0.52411,-0.47874,-0.43252,-0.38545,-0.33838,-0.29294,-0.24912,-0.20531,-0.16472,-0.12734,-0.089967,-0.056431,-0.026735,0.002957,0.028822,0.050854,0.072885,0.091276,0.10603,0.12078,0.13259,0.14145,0.15031,0.15737,0.16264,0.16791,0.17211,0.17525,0.17839,0.18071,0.1822,0.18368,0.18431,0.18407,0.18383,0.18234,0.17961,0.17688,0.17258,0.1667,0.16081,0.15375,0.14551,0.13727,0.12939,0.12188,0.11436,0.10917,0.10631,0.10344,0.10383,0.10747,0.11111,0.11709,0.1254,0.13371,0.14219,0.15085,0.1595,0.16633,0.17132,0.17632,0.17898,0.17932,0.17965,0.17892,0.17712,0.17532,0.17423,0.17384,0.17344,0.17465,0.17745,0.18026,0.1842,0.18929,0.19438,0.19913,0.20355,0.20798,0.21048,0.21105,0.21162,0.20942,0.20446,0.1995,0.19205,0.18212,0.17218,0.16101,0.14862,0.13622,0.1241,0.11227,0.10044,0.08974,0.080184,0.070631,0.062188,0.054853,0.04752,0.040835,0.034797,0.028758,0.022922,0.01729,0.011658,0.0060024,0.00032268,-0.0053571,-0.010968,-0.016508,-0.02205,-0.027117,-0.03171,-0.036304,-0.040048,-0.042942,-0.045835,-0.048076,-0.049666,-0.051255,-0.052962,-0.054788,-0.056613,-0.059122,-0.062312,-0.065503,-0.05592,-0.033557,-0.011188
0,0,0,0,-0.42461,-0.3758,-0.27403,-0.11924,0.035568,0.18627,0.33289,0.47948,0.59343,0.67476,0.75608,0.78279,0.75492,0.72705,0.68568,0.63081,0.57593,0.51489,0.44774,0.38058,0.32111,0.26933,0.10711,0.095035,0.095986,0.21876,0.2328,0.25006,0.26731,0.25531,0.21408,0.17285,0.12203,0.061599,0.0011647,-0.038129,-0.05629,-0.074443,-0.07606,-0.061138,-0.046215,-0.026228,-0.0011769,0.023875,0.049257,0.074968,0.10068,0.12625,0.15169,0.17713,0.20201,0.22634,0.25067,0.27285,0.29289,0.31292,0.32875,0.34039,0.35202,0.35907,0.36153,0.364,0.36203,0.35562,0.34921,0.33886,0.32458,0.3103,0.29359,0.27444,0.25529,0.23456,0.21227,0.18997,0.16276,0.13063,0.098507,0.068556,0.040779,0.013008,-0.014356,-0.041314,-0.068269,-0.095777,-0.12384,-0.15191,-0.18487,-0.2227,-0.26053,-0.30252,-0.34866,-0.39481,-0.4367,-0.47431,-0.51193,-0.54345,-0.56885,-0.59426,-0.61269,-0.62411,-0.63554,-0.65299,-0.67646,-0.69994,-0.71834,-0.73166,-0.74498,-0.76466,-0.7907,-0.81675,-0.83739,-0.85262,-0.86785,-0.87596,-0.87693,-0.87791,-0.87291,-0.86195,-0.85098,-0.83458,-0.81274,-0.79089,-0.76904,-0.74718,-0.72532,-0.7079,-0.69491,-0.68193,-0.67236,-0.66621,-0.66006,-0.66368,-0.67709,-0.6905,-0.70121,-0.70922,-0.71723,-0.7221,-0.72382,-0.72555,-0.73276,-0.74547,-0.75818,-0.76957,-0.77963,-0.78969,-0.80331,-0.8205,-0.83768,-0.8493,-0.85533,-0.86137,-0.8565,-0.84075,-0.82499,-0.79898,-0.76272,-0.72645,-0.68781,-0.64145,-0.58346,-0.51379,-0.43477,-0.35127,-0.26938,-0.19245,-0.1215,-0.056154,0.0050926,0.062586,0.11555,0.16385,0.20859,0.25058,0.28959,0.3256,0.35935,0.39172,0.42321,0.45285,0.47813,0.49752,0.51289,0.52853,0.54733,0.56827,0.58726,0.5985,0.59673,0.57295,0.54411,0.53142,0.53482,0.55284,0.57245,0.57859,0.56765,0.55055,0.54211,0.54846,0.55375,0.55827,0.56615,0.56662,0.56354,0.55151,0.54299,0.53989,0.53219,0.51953,0.50081,0.48216,0.46608,0.45331,0.44667,0.43264,0.3958,0.33528,0.25853,0.17416,0.08742,0.012108,-0.047654,-0.10299,-0.1733,-0.2558,-0.33295,-0.39405,-0.42245,-0.40957,-0.35308,-0.25468,-0.08648,0,0,0,0,0,0,0,0,0,0,0,0,0,0,0,0,0,0,0,0,0,0,0,0,0,0,0,0,0,0,0,0,0,0,0,0,0,0,0,0,0,0,0,0,0,0,0,0,0,0,0,-0.0032718,-0.0098173,-0.016366,0,0,0,-0.32764,-0.33082,-0.28629,-0.22722,-0.1954,-0.21033,-0.25603,-0.2941,-0.30521,-0.29509,-0.27078,-0.23704,-0.19902,-0.16274,-0.13368,-0.11443,-0.10338,-0.096875,-0.092341,-0.088555,-0.082753,-0.068071,-0.035808,0.014286,0.070095,0.055336,0.073817,0,0,0,0,0,0,-0.01465,-0.028003,-0.00030022,0.028832,0.0044139,-0.045421,-0.082457,-0.10303,-0.099266,-0.071083,0.0052058,0.088558,0.092489,0.022359,-0.053746,0,0,0,0,0,0,0,0,0,0,0,0,0,0,0,0,0,0,0,0,0,0,0,0,0,0,0,0,0,0,0,0,0,0.094481,0.19901,0.22032,0.23528,0.24386,0.25244,0.2395,0.20506,0.1706,0.11708,0.044466,-0.028138,-0.10328,-0.18097,-0.25868,-0.32889,-0.3916,-0.45433,-0.50803,-0.55268,-0.59733,-0.63761,-0.67352,-0.70943,-0.7435,-0.77574,-0.80798,-0.83059,-0.84359,-0.85659,-0.8651,-0.86913,-0.87317,-0.87385,-0.87119,-0.86853,-0.86306,-0.85476,-0.84646,-0.8342,-0.81796,-0.80172,-0.78028,-0.75364,-0.72699,-0.69513,-0.65804,-0.62095,-0.58015,-0.53563,-0.4911,-0.44537,-0.39841,-0.35146,-0.30574,-0.26126,-0.21677,-0.17539,-0.13709,-0.098786,-0.064475,-0.034159,-0.0038402,0.022401,0.044558,0.06671,0.085048,0.099575,0.1141,0.12569,0.13433,0.14297,0.14988,0.15506,0.16023,0.16435,0.16741,0.17047,0.1727,0.1741,0.1755,0.17603,0.17571,0.17538,0.17382,0.17102,0.16822,0.16386,0.15795,0.15203,0.14491,0.13657,0.12824,0.12023,0.11254,0.10485,0.099499,0.096488,0.093478,0.093779,0.097393,0.10101,0.10711,0.11572,0.12433,0.13329,0.14259,0.15189,0.15939,0.1651,0.17081,0.17416,0.17516,0.17616,0.17608,0.1749,0.17373,0.17315,0.17316,0.17318,0.17461,0.17746,0.18031,0.18416,0.18902,0.19388,0.19832,0.20235,0.20638,0.20845,0.20854,0.20863,0.20599,0.2006,0.19522,0.18745,0.1773,0.16715,0.15589,0.14351,0.13113,0.11909,0.10741,0.095721,0.085207,0.075867,0.066529,0.058294,0.051164,0.044035,0.037519,0.031615,0.025711,0.020005,0.014498,0.008992,0.0035177,-0.0019246,-0.0073676,-0.012691,-0.017897,-0.023102,-0.027827,-0.032073,-0.036319,-0.039742,-0.042342,-0.044943,-0.046912,-0.048247,-0.049582,-0.051126,-0.052879,-0.054632,-0.057242,-0.060706,-0.06417,-0.054922,-0.032957,-0.010989
0,0,0,0,-0.44767,-0.4,-0.29926,-0.14538,0.0085218,0.16033,0.31011,0.45987,0.57902,0.66759,0.75611,0.78948,0.76774,0.74598,0.70856,0.65546,0.60236,0.54284,0.47689,0.41092,0.34192,0.26989,0,0,0,0.20302,0.23106,0.27066,0.31027,0.29888,0.23649,0.1741,0.11099,0.047144,-0.016703,-0.054393,-0.065922,-0.077448,-0.072578,-0.051309,-0.030037,-0.0049549,0.02394,0.052836,0.080776,0.10776,0.13474,0.15862,0.17939,0.20016,0.21958,0.23766,0.25573,0.27273,0.28867,0.3046,0.31758,0.32762,0.33766,0.3438,0.34604,0.34828,0.34634,0.34023,0.33412,0.32416,0.31035,0.29654,0.27957,0.25944,0.23932,0.21912,0.19884,0.17857,0.15389,0.1248,0.095704,0.068693,0.043766,0.018839,-0.0063578,-0.031822,-0.057288,-0.08389,-0.11162,-0.13937,-0.17152,-0.20808,-0.24464,-0.28443,-0.32744,-0.37046,-0.40919,-0.4436,-0.47802,-0.50728,-0.53137,-0.55547,-0.57387,-0.58655,-0.59923,-0.61805,-0.643,-0.66796,-0.68764,-0.70203,-0.71643,-0.73718,-0.76428,-0.79139,-0.81325,-0.82989,-0.84651,-0.85518,-0.85589,-0.85659,-0.85181,-0.84153,-0.83126,-0.81663,-0.79763,-0.77863,-0.75762,-0.73461,-0.7116,-0.69221,-0.67645,-0.66069,-0.64948,-0.64284,-0.6362,-0.64021,-0.65489,-0.66958,-0.68311,-0.69547,-0.70783,-0.71722,-0.72362,-0.73003,-0.73938,-0.75167,-0.76397,-0.77298,-0.77872,-0.78445,-0.79482,-0.80981,-0.8248,-0.8346,-0.83919,-0.84377,-0.83738,-0.81999,-0.80259,-0.77552,-0.73876,-0.702,-0.66399,-0.6177,-0.55991,-0.4917,-0.4146,-0.33457,-0.2557,-0.18063,-0.11151,-0.048191,0.010498,0.064937,0.11517,0.16136,0.20402,0.24386,0.2809,0.31494,0.34634,0.37564,0.40307,0.42873,0.45298,0.47603,0.49805,0.52004,0.54224,0.56131,0.56852,0.56256,0.5481,0.52658,0.51223,0.51526,0.52985,0.5475,0.55918,0.56033,0.55267,0.54358,0.54113,0.54699,0.54532,0.54107,0.54443,0.54726,0.5501,0.54073,0.52932,0.5273,0.5231,0.51126,0.49289,0.47652,0.46304,0.44637,0.43068,0.41047,0.36942,0.30514,0.23409,0.16711,0.097505,0.026787,-0.039929,-0.09905,-0.15883,-0.22876,-0.29845,-0.3608,-0.41614,-0.45041,-0.43426,-0.34638,-0.21672,0,0,0,0,0,0,0,0,0,0,0,0,0,0,0,0,0,0,0,0,0,0,0,0,0,0,0,0,0,0,0,0,0,0,0,0,0,0,0,0,0,0,0,0,0,0,0,0,0,0,0,0,0,0,0,0,-0.16964,-0.39353,-0.39077,-0.33222,-0.26579,-0.23973,-0.24552,-0.2868,-0.33042,-0.3423,-0.32678,-0.29593,-0.25865,-0.22041,-0.18573,-0.15956,-0.14393,-0.13582,-0.13021,-0.12372,-0.11463,-0.099639,-0.071786,-0.023548,0.043141,0.1002,0,0,0,0,0,0,0,0,-0.034113,-0.073803,-0.059263,-0.0385,-0.047231,-0.028747,-0.031888,-0.031268,-0.058154,-0.067025,-0.0051399,0.097912,0.10025,0.021166,-0.029494,0,0,0,0,0,0,0,0,0,0,0,0,0,0,0,0,0,0,0,0,0,0,0,0,0,0,0,0,0,0,0,0,0,0.19034,0.21889,0.24743,0.26803,0.28068,0.29333,0.28302,0.24972,0.21642,0.16333,0.090451,0.01756,-0.058193,-0.13681,-0.21544,-0.28694,-0.35129,-0.41565,-0.47113,-0.51775,-0.56437,-0.60724,-0.64638,-0.68552,-0.72194,-0.75564,-0.78935,-0.81396,-0.82948,-0.84501,-0.85562,-0.8613,-0.86699,-0.86875,-0.86657,-0.8644,-0.85929,-0.85122,-0.84316,-0.8315,-0.81622,-0.80095,-0.78077,-0.75568,-0.7306,-0.70033,-0.66488,-0.62944,-0.59008,-0.54681,-0.50354,-0.45862,-0.41204,-0.36544,-0.31964,-0.27463,-0.22962,-0.18754,-0.14837,-0.10921,-0.074115,-0.043102,-0.012088,0.014654,0.037127,0.059596,0.078123,0.092712,0.1073,0.11891,0.12755,0.13618,0.14302,0.14806,0.15311,0.15705,0.15988,0.16272,0.16472,0.1659,0.16707,0.16737,0.16681,0.16624,0.16446,0.16146,0.15847,0.15397,0.14796,0.14194,0.13473,0.12632,0.11791,0.10986,0.10218,0.094494,0.089211,0.086331,0.083452,0.083895,0.087661,0.091427,0.097717,0.10653,0.11535,0.12461,0.1343,0.14399,0.15198,0.15828,0.16459,0.16862,0.17038,0.17214,0.17282,0.17244,0.17206,0.17216,0.17275,0.17334,0.17516,0.17819,0.18123,0.18507,0.18971,0.19436,0.19844,0.20196,0.20548,0.20699,0.20647,0.20596,0.20277,0.1969,0.19104,0.18295,0.17263,0.16232,0.15104,0.1388,0.12656,0.11474,0.10333,0.09192,0.081674,0.072598,0.063522,0.055503,0.048542,0.041583,0.035184,0.029344,0.023502,0.017861,0.012419,0.0069757,0.0016321,-0.0036123,-0.0088569,-0.013918,-0.018796,-0.023674,-0.028071,-0.031989,-0.035905,-0.039026,-0.041351,-0.043676,-0.045396,-0.046511,-0.047626,-0.049015,-0.05068,-0.052345,-0.054945,-0.058479,-0.062013,-0.053156,-0.0319,-0.010638
0,0,0,0,-0.47164,-0.42638,-0.32855,-0.1781,-0.027628,0.12297,0.27372,0.42449,0.54768,0.64329,0.73888,0.78073,0.76885,0.75696,0.72657,0.67767,0.62877,0.5745,0.5148,0.45511,0.37057,0.2612,0,0,0,0.0812,0.098942,0.12784,0.15674,0.31041,0.22182,0.13322,0.059461,0.00054393,-0.058375,-0.087288,-0.086179,-0.085063,-0.069083,-0.038233,-0.0073789,0.025212,0.059541,0.093871,0.12547,0.15434,0.1832,0.20468,0.21877,0.23286,0.24484,0.25471,0.26458,0.27471,0.28509,0.29547,0.30465,0.31262,0.32058,0.32552,0.32742,0.32932,0.32734,0.32147,0.3156,0.30597,0.29257,0.27918,0.26279,0.24341,0.22402,0.20398,0.18329,0.1626,0.1398,0.11489,0.089991,0.066172,0.043441,0.02071,-0.0025234,-0.026255,-0.049989,-0.075175,-0.1018,-0.12844,-0.15901,-0.19353,-0.22805,-0.26522,-0.30506,-0.34491,-0.38065,-0.41226,-0.44387,-0.47108,-0.49388,-0.51668,-0.53482,-0.54829,-0.56177,-0.58156,-0.60767,-0.63378,-0.6548,-0.67073,-0.68666,-0.70805,-0.73489,-0.76173,-0.78336,-0.79975,-0.81614,-0.82699,-0.83232,-0.83764,-0.83574,-0.82663,-0.81752,-0.80387,-0.78567,-0.76747,-0.74651,-0.7228,-0.69909,-0.6781,-0.65982,-0.64155,-0.62943,-0.62346,-0.61749,-0.62062,-0.63283,-0.64505,-0.66081,-0.68012,-0.69942,-0.71451,-0.72537,-0.73622,-0.74689,-0.75737,-0.76784,-0.77475,-0.77809,-0.78144,-0.78872,-0.79993,-0.81114,-0.81886,-0.82306,-0.82727,-0.81956,-0.79993,-0.7803,-0.75163,-0.71391,-0.67619,-0.63774,-0.59198,-0.5336,-0.46491,-0.39055,-0.31531,-0.24091,-0.17026,-0.1052,-0.043909,0.013812,0.067322,0.11631,0.16094,0.20158,0.23899,0.27379,0.30607,0.33563,0.36216,0.38561,0.4073,0.43096,0.46015,0.49288,0.52139,0.53633,0.53947,0.5322,0.51421,0.49745,0.4902,0.49498,0.51267,0.53201,0.54173,0.54041,0.53586,0.53373,0.53148,0.53077,0.53293,0.53155,0.52963,0.53184,0.53327,0.53327,0.52168,0.51118,0.51331,0.51404,0.50436,0.48475,0.46293,0.44489,0.4251,0.40187,0.37803,0.33905,0.28372,0.22838,0.1731,0.1131,0.04753,-0.028116,-0.10399,-0.16693,-0.21967,-0.26693,-0.31498,-0.38068,-0.45487,-0.49443,-0.44741,-0.31894,0,0,0,0,0,0,0,0,0,0,0,0,0,0,0,0,0,0,0,0,0,0,0,0,0,0,0,0,0,0,0,0,0,0,0,0,0,0,0,0,0,0,0,0,0,0,0,0,0,0,0,0,0,0,0,0,-0.33626,-0.44019,-0.44975,-0.39941,-0.34383,-0.15431,-0.30627,-0.32535,-0.36723,-0.38018,-0.36067,-0.32493,-0.28453,-0.24553,-0.21274,-0.19,-0.17787,-0.17271,-0.16864,-0.16044,-0.14401,-0.11516,-0.069576,-0.0053509,0.070141,0.059359,0,0,0,0,0,0,0,0,-0.037611,-0.089794,-0.098418,-0.083646,-0.071727,0,0,0,-0.05187,-0.062161,-0.0046393,0.090536,0.074704,-0.0068213,0,0,0,0,0,0,0,0,0,0,0,0,0,0,0,0,0,0,0,0,0,0,0,0,0,0,0,0,0,0,0,0,0.053906,0.076123,0.1931,0.22931,0.26551,0.29165,0.30772,0.32378,0.31655,0.28603,0.2555,0.20451,0.13307,0.061612,-0.013807,-0.093177,-0.17256,-0.24428,-0.30833,-0.37237,-0.42966,-0.48019,-0.53073,-0.5772,-0.61964,-0.66208,-0.70009,-0.73369,-0.76729,-0.79334,-0.81187,-0.83039,-0.84367,-0.8517,-0.85973,-0.86305,-0.86166,-0.86027,-0.85554,-0.84746,-0.83938,-0.82802,-0.81337,-0.79873,-0.77961,-0.75601,-0.73242,-0.70387,-0.67035,-0.63684,-0.59928,-0.55767,-0.51606,-0.47227,-0.42631,-0.38034,-0.33465,-0.28924,-0.24384,-0.20117,-0.16119,-0.12122,-0.085347,-0.053563,-0.021783,0.0055935,0.02857,0.051542,0.070498,0.085437,0.10037,0.11226,0.12109,0.12992,0.13677,0.14165,0.14653,0.1502,0.15266,0.15513,0.15677,0.15759,0.1584,0.15833,0.15736,0.1564,0.15426,0.15095,0.14764,0.1429,0.13672,0.13055,0.12323,0.11476,0.10629,0.098306,0.090801,0.083296,0.078308,0.075837,0.073366,0.074181,0.07828,0.082379,0.088896,0.097832,0.10677,0.11615,0.12597,0.1358,0.14409,0.15087,0.15764,0.16234,0.16495,0.16757,0.16916,0.16973,0.1703,0.17125,0.17259,0.17393,0.17628,0.17966,0.18303,0.18693,0.19137,0.19581,0.19948,0.20237,0.20527,0.20609,0.20484,0.20359,0.19976,0.19336,0.18696,0.17855,0.16811,0.15768,0.14648,0.1345,0.12253,0.11104,0.10004,0.08903,0.079142,0.070374,0.061607,0.053812,0.046988,0.040166,0.033831,0.027982,0.022133,0.016489,0.011049,0.0056091,0.00034656,-0.0047396,-0.0098253,-0.014647,-0.019206,-0.023765,-0.027849,-0.031457,-0.035065,-0.037902,-0.039969,-0.042034,-0.043531,-0.044458,-0.045385,-0.046629,-0.04819,-0.049751,-0.052231,-0.055631,-0.059032,-0.050616,-0.030375,-0.010129
0,0,0,0,-0.49561,-0.45275,-0.35783,-0.2108,-0.063767,0.085603,0.23735,0.38911,0.5163,0.61897,0.72164,0.77196,0.76996,0.76794,0.74458,0.69988,0.65518,0.60612,0.5527,0.49929,0.39924,0.25251,0,0,0,0,0,0,0,0.3219,0.20712,0.092319,0.0079196,-0.04607,-0.10006,-0.12019,-0.10644,-0.092682,-0.065589,-0.025156,0.015281,0.055382,0.095148,0.13491,0.17017,0.20091,0.23166,0.25074,0.25815,0.26556,0.2701,0.27177,0.27343,0.27668,0.28152,0.28635,0.29172,0.29761,0.30351,0.30724,0.3088,0.31036,0.30833,0.30271,0.29708,0.28778,0.2748,0.26182,0.24601,0.22737,0.20873,0.18885,0.16774,0.14662,0.12571,0.10499,0.084274,0.063649,0.043113,0.022578,0.0013086,-0.020694,-0.042693,-0.066457,-0.091981,-0.11751,-0.1465,-0.17897,-0.21145,-0.24601,-0.28268,-0.31937,-0.35212,-0.38092,-0.40974,-0.4349,-0.45638,-0.47788,-0.49577,-0.51004,-0.52432,-0.54508,-0.57234,-0.5996,-0.62196,-0.63943,-0.6569,-0.67893,-0.70551,-0.73209,-0.75346,-0.76961,-0.78576,-0.7988,-0.80874,-0.81868,-0.81968,-0.81173,-0.80379,-0.79111,-0.77371,-0.75631,-0.7354,-0.71099,-0.68659,-0.66399,-0.6432,-0.62242,-0.60938,-0.60408,-0.59879,-0.60102,-0.61077,-0.62052,-0.63852,-0.66477,-0.69102,-0.71179,-0.72711,-0.74241,-0.7544,-0.76305,-0.77171,-0.77651,-0.77747,-0.77843,-0.78262,-0.79006,-0.79749,-0.80312,-0.80695,-0.81077,-0.80175,-0.77988,-0.75801,-0.72773,-0.68906,-0.65039,-0.61187,-0.56615,-0.50638,-0.43719,-0.36546,-0.29523,-0.2263,-0.1607,-0.09925,-0.039424,0.017751,0.070609,0.11831,0.16106,0.19977,0.23539,0.26866,0.29984,0.3285,0.35393,0.37576,0.39508,0.41611,0.44472,0.47711,0.5046,0.51168,0.5005,0.48403,0.46834,0.46574,0.47645,0.49602,0.51669,0.52653,0.52489,0.51752,0.51331,0.51502,0.51594,0.51516,0.5168,0.52416,0.53323,0.5363,0.52988,0.51331,0.49546,0.49202,0.49642,0.50007,0.49094,0.46621,0.43665,0.41427,0.39742,0.37617,0.35305,0.31508,0.26813,0.22354,0.17527,0.12598,0.067067,-0.011642,-0.098019,-0.17274,-0.22047,-0.24937,-0.28321,-0.33931,-0.4185,-0.49366,-0.50029,-0.40401,0,0,0,0,0,0,0,0,0,0,0,0,0,0,0,0,0,0,0,0,0,0,0,0,0,0,0,0,0,0,0,0,0,0,0,0,0,0,0,0,0,0,0,0,0,0,0,0,0,0,0,0,0,0,0,0,-0.34668,-0.46649,-0.49782,-0.45139,-0.38502,0,-0.32312,-0.34672,-0.39535,-0.40836,-0.38659,-0.34782,-0.30556,-0.26751,-0.2389,-0.22184,-0.2147,-0.21324,-0.21149,-0.20173,-0.17594,-0.1289,-0.062211,0.014581,0.040216,0,0,0,0,0,0,0,0,0,-0.01258,-0.05754,-0.10302,-0.1202,-0.10247,0,0,-0.030135,-0.055681,-0.04953,0.015721,0.077329,0.032171,-0.053599,0,0,0,0,0,0,0,0,0,0,0,0,0,0,0,0,0,0,0,0,0,0,0,0,0,0,0,0,0,0,0,0,0.1127,0.15352,0.19586,0.23973,0.28361,0.31528,0.33476,0.35423,0.35009,0.32234,0.29459,0.2457,0.17569,0.10567,0.030588,-0.049542,-0.12967,-0.20161,-0.26534,-0.32909,-0.38819,-0.44264,-0.49709,-0.54717,-0.59289,-0.63862,-0.67823,-0.71173,-0.74522,-0.77273,-0.79424,-0.81577,-0.83172,-0.8421,-0.85248,-0.85736,-0.85675,-0.85614,-0.85179,-0.8437,-0.8356,-0.82455,-0.81052,-0.7965,-0.77844,-0.75634,-0.73424,-0.7074,-0.67583,-0.64425,-0.60849,-0.56853,-0.52857,-0.48593,-0.44058,-0.39523,-0.34965,-0.30386,-0.25807,-0.21479,-0.17401,-0.13324,-0.096585,-0.064027,-0.031476,-0.0034632,0.020014,0.04349,0.062875,0.078162,0.093448,0.10561,0.11464,0.12367,0.13053,0.13524,0.13994,0.14335,0.14545,0.14755,0.14882,0.14928,0.14973,0.14928,0.14792,0.14656,0.14407,0.14044,0.13681,0.13183,0.12549,0.11915,0.11172,0.1032,0.094671,0.086747,0.079423,0.072098,0.067404,0.065342,0.063281,0.064466,0.068898,0.073331,0.080075,0.089129,0.098184,0.10769,0.11765,0.1276,0.13621,0.14345,0.1507,0.15606,0.15953,0.163,0.1655,0.16702,0.16854,0.17035,0.17243,0.17452,0.17741,0.18112,0.18482,0.18879,0.19303,0.19726,0.20052,0.20279,0.20506,0.2052,0.20321,0.20122,0.19675,0.18982,0.18289,0.17415,0.1636,0.15304,0.14191,0.1302,0.1185,0.10734,0.096741,0.08614,0.07661,0.068151,0.059692,0.05212,0.045435,0.03875,0.032478,0.026621,0.020765,0.015118,0.0096796,0.0042435,-0.000938,-0.005866,-0.010794,-0.015377,-0.019616,-0.023856,-0.027626,-0.030925,-0.034225,-0.036779,-0.038586,-0.040392,-0.041666,-0.042405,-0.043145,-0.044243,-0.0457,-0.047157,-0.049518,-0.052784,-0.056051,-0.048074,-0.028849,-0.0049366
0,0,0,0,-0.51114,-0.47073,-0.3798,-0.23835,-0.096888,0.048931,0.19909,0.34924,0.47793,0.58517,0.69239,0.75264,0.76596,0.77926,0.76445,0.72151,0.67856,0.63575,0.5931,0.55044,0.44095,0.26461,0,0,0,0,0,0,0,0.26419,0.13999,0.015745,-0.069608,-0.11606,-0.16251,-0.16965,-0.13747,-0.1053,-0.062421,-0.0088465,0.044733,0.095688,0.14402,0.19235,0.22975,0.25623,0.2827,0.29559,0.29491,0.29423,0.29093,0.28501,0.27909,0.27593,0.27552,0.27512,0.27667,0.28017,0.28367,0.28601,0.28716,0.28831,0.28625,0.28097,0.2757,0.26682,0.25433,0.24185,0.22667,0.20881,0.19094,0.17174,0.15121,0.13067,0.11137,0.093289,0.075211,0.057217,0.039305,0.021395,0.0028004,-0.016476,-0.035753,-0.057228,-0.080905,-0.10458,-0.13165,-0.16213,-0.19261,-0.22509,-0.25958,-0.2941,-0.32481,-0.35171,-0.37862,-0.40232,-0.42282,-0.44331,-0.46081,-0.47532,-0.48982,-0.51066,-0.53785,-0.56505,-0.58775,-0.60595,-0.62416,-0.64653,-0.67308,-0.69963,-0.72129,-0.73807,-0.75485,-0.76989,-0.7832,-0.79651,-0.80004,-0.79378,-0.78753,-0.77618,-0.75974,-0.7433,-0.72279,-0.69822,-0.67365,-0.6503,-0.62819,-0.60608,-0.59242,-0.5872,-0.58199,-0.58426,-0.59402,-0.60379,-0.62364,-0.65358,-0.68351,-0.70688,-0.72369,-0.74049,-0.75306,-0.7614,-0.76973,-0.77459,-0.77597,-0.77736,-0.78025,-0.78467,-0.78908,-0.79197,-0.79332,-0.79468,-0.78405,-0.76142,-0.7388,-0.70766,-0.66801,-0.62836,-0.58884,-0.54137,-0.48015,-0.41119,-0.34141,-0.2751,-0.21051,-0.14872,-0.090329,-0.032547,0.022944,0.074115,0.12008,0.16125,0.19862,0.23312,0.26554,0.29647,0.32577,0.35241,0.37499,0.39324,0.40989,0.42777,0.44556,0.46319,0.46615,0.45195,0.4388,0.43949,0.45691,0.48115,0.50605,0.51659,0.51063,0.5013,0.49635,0.49946,0.50487,0.5078,0.51003,0.51776,0.53212,0.54496,0.54105,0.52187,0.49589,0.47664,0.4725,0.47307,0.47663,0.4692,0.44221,0.4094,0.38909,0.3761,0.35686,0.33191,0.29177,0.24262,0.19967,0.16506,0.12796,0.076349,0.0077436,-0.072698,-0.15114,-0.21024,-0.24495,-0.2718,-0.30946,-0.36481,-0.43203,-0.47473,-0.42811,0,0,0,0,0,0,0,0,0,0,0,0,0,0,0,0,0,0,0,0,0,0,0,0,0,0,0,0,0,0,0,0,0,0,0,0,0,0,0,0,0,0,0,0,0,0,0,0,0,0,0,0,0,0,0,0,-0.36181,-0.48872,-0.51702,-0.4487,-0.32289,-0.063282,-0.27069,-0.35137,-0.40447,-0.41305,-0.39052,-0.35288,-0.31468,-0.28436,-0.2645,-0.2545,-0.25252,-0.2554,-0.25679,-0.24533,-0.20827,-0.14107,-0.052665,0.012093,0,0,0,0,0,0,0,0,0,0,-0.016005,-0.043416,-0.081075,-0.13069,-0.11632,-0.024002,-0.020985,-0.062738,-0.056567,-0.019219,0.04821,0.070585,0.00065917,-0.08895,0,0,0,0,0,0,0,0,0,0,0,0,0,0,0,0,0,0,0,0,0,0,0,0,0,0,0,0,0,0,0,0,0.1269,0.16539,0.20845,0.25609,0.30372,0.33888,0.36153,0.38419,0.3829,0.35767,0.33244,0.28573,0.21756,0.14939,0.075176,-0.0050732,-0.085315,-0.15763,-0.22201,-0.28639,-0.34674,-0.40305,-0.45938,-0.51172,-0.56008,-0.60844,-0.65015,-0.68521,-0.72026,-0.75017,-0.77492,-0.79968,-0.8185,-0.8314,-0.84428,-0.85102,-0.8516,-0.85218,-0.8485,-0.84054,-0.83259,-0.82175,-0.80804,-0.79432,-0.77704,-0.7562,-0.73536,-0.7101,-0.68044,-0.65077,-0.6168,-0.57853,-0.54026,-0.49889,-0.45442,-0.40994,-0.3648,-0.31903,-0.27327,-0.2297,-0.18834,-0.14699,-0.10966,-0.076352,-0.043044,-0.014346,0.0097466,0.033847,0.053821,0.069662,0.085505,0.098108,0.10747,0.11683,0.12378,0.12833,0.13288,0.136,0.1377,0.1394,0.14024,0.14024,0.14023,0.13927,0.13736,0.13545,0.13245,0.12836,0.12427,0.11893,0.11235,0.10576,0.098247,0.089802,0.081355,0.073708,0.066861,0.060014,0.055875,0.054444,0.053014,0.054726,0.05958,0.064434,0.071442,0.080602,0.089762,0.099339,0.10933,0.11933,0.12815,0.13578,0.14341,0.14939,0.15374,0.15807,0.16155,0.16417,0.16678,0.16961,0.17266,0.17571,0.17934,0.18356,0.18778,0.19194,0.19605,0.20015,0.20301,0.20462,0.20624,0.20564,0.20284,0.20003,0.19486,0.18733,0.1798,0.17067,0.15996,0.14924,0.13816,0.12671,0.11527,0.10446,0.094303,0.084143,0.075005,0.066889,0.058772,0.051431,0.044867,0.038305,0.032076,0.026183,0.020291,0.014603,0.0091193,0.0036365,-0.0015257,-0.0063679,-0.011211,-0.015626,-0.019615,-0.023605,-0.027091,-0.030073,-0.033056,-0.035336,-0.036912,-0.038488,-0.039572,-0.040164,-0.040756,-0.041778,-0.04323,-0.044682,-0.04708,-0.050426,-0.053772,-0.046208,-0.027727,0
0,0,0,0,-0.51823,-0.48031,-0.3945,-0.26075,-0.12697,0.012912,0.15892,0.30491,0.43256,0.54185,0.65113,0.72278,0.75686,0.79093,0.78616,0.74254,0.69892,0.66339,0.63597,0.60855,0.49569,0.29746,0,0,0,0,0,0,0,0.10037,0.020424,-0.096487,-0.1731,-0.2094,-0.2457,-0.23567,-0.1793,-0.12291,-0.059587,0.010685,0.080967,0.14612,0.20614,0.26616,0.30421,0.32026,0.33631,0.33925,0.32906,0.31887,0.30732,0.29444,0.28156,0.27245,0.26711,0.26177,0.2595,0.2603,0.26109,0.26183,0.2625,0.26316,0.26109,0.25628,0.25146,0.24309,0.23118,0.21927,0.20479,0.18773,0.17068,0.15267,0.13371,0.11475,0.096777,0.079793,0.062808,0.046884,0.032024,0.017166,0.0019579,-0.013603,-0.029163,-0.047487,-0.068576,-0.089661,-0.11448,-0.14301,-0.17154,-0.20246,-0.23577,-0.26908,-0.29869,-0.3246,-0.35051,-0.37337,-0.39318,-0.41298,-0.42995,-0.44411,-0.45826,-0.4783,-0.50422,-0.53015,-0.55217,-0.57029,-0.58842,-0.61086,-0.63759,-0.66434,-0.68686,-0.70513,-0.7234,-0.74026,-0.75569,-0.77112,-0.77682,-0.77279,-0.76876,-0.75909,-0.74377,-0.72845,-0.70868,-0.68448,-0.66027,-0.63705,-0.6148,-0.59256,-0.57856,-0.57282,-0.56708,-0.57033,-0.58259,-0.59485,-0.61616,-0.64653,-0.67689,-0.69975,-0.71511,-0.73046,-0.74289,-0.7524,-0.7619,-0.76896,-0.77359,-0.77822,-0.78161,-0.78376,-0.78591,-0.78539,-0.7822,-0.77901,-0.76647,-0.74457,-0.72266,-0.6914,-0.65076,-0.61013,-0.56845,-0.51889,-0.45617,-0.38641,-0.31823,-0.25345,-0.19169,-0.13378,-0.077902,-0.022859,0.029588,0.077941,0.12195,0.1621,0.1989,0.23285,0.26476,0.29544,0.3251,0.35282,0.37646,0.3941,0.40621,0.41104,0.41203,0.41598,0.41659,0.4124,0.41688,0.43542,0.46176,0.48609,0.50297,0.50121,0.48749,0.47843,0.48099,0.49447,0.50625,0.51385,0.52052,0.52966,0.53568,0.53728,0.52376,0.49893,0.4786,0.46022,0.44835,0.44726,0.44974,0.44125,0.41897,0.39252,0.37598,0.36268,0.33987,0.3078,0.26044,0.21054,0.17451,0.14821,0.11628,0.074942,0.024166,-0.040255,-0.11147,-0.18035,-0.23256,-0.26529,-0.29115,-0.31714,-0.35251,-0.3942,-0.39953,-0.18826,-0.16413,0,0,0,0,0,0,0,0,0,0,0,0,0,0,0,0,0,0,0,0,0,0,0,0,0,0,0,0,0,0,0,0,0,0,0,0,0,0,0,0,0,0,0,0,0,0,0,0,0,0,0,0,0,0,-0.38239,-0.46461,-0.48056,-0.40167,-0.25973,-0.1695,-0.22336,-0.32819,-0.38226,-0.38901,-0.37016,-0.34072,-0.31393,-0.29718,-0.28981,-0.28813,-0.29089,-0.29765,-0.30195,-0.28818,-0.23873,-0.1499,-0.044926,0,0,0,0,0,0,0,0,0,0,0,-0.0088397,-0.038195,-0.056606,-0.093202,-0.099076,-0.078535,-0.07713,-0.08054,-0.047527,0.020196,0.080033,0.078334,-0.00026661,-0.086949,0,0,0,0,0,0,0,0,0,0,0,0,0,0,0,0,0,0,0,0,0,0,0,0,0,0,0,0.003522,0,0,0,0,0.14553,0.18659,0.23087,0.27837,0.32587,0.36243,0.38804,0.41365,0.41499,0.39203,0.36906,0.32462,0.25869,0.19276,0.11994,0.040229,-0.039479,-0.11232,-0.1783,-0.24425,-0.3053,-0.36145,-0.41759,-0.47084,-0.5212,-0.57155,-0.61586,-0.65413,-0.69242,-0.72567,-0.75389,-0.78211,-0.80401,-0.81958,-0.83516,-0.84404,-0.84622,-0.84841,-0.84567,-0.83801,-0.83034,-0.81964,-0.80592,-0.79219,-0.77542,-0.7556,-0.73578,-0.71197,-0.68418,-0.65639,-0.62422,-0.58767,-0.55112,-0.51118,-0.46783,-0.42447,-0.38012,-0.33478,-0.28944,-0.24591,-0.20419,-0.16247,-0.12459,-0.090541,-0.056492,-0.027053,-0.0022252,0.022609,0.04333,0.059935,0.076542,0.089755,0.099576,0.1094,0.11652,0.12092,0.12533,0.12816,0.12943,0.13069,0.13103,0.13046,0.12988,0.12829,0.12568,0.12306,0.11941,0.11471,0.11001,0.10421,0.097296,0.090382,0.08281,0.074578,0.066346,0.059193,0.053119,0.047046,0.043721,0.043143,0.042565,0.04496,0.050326,0.055692,0.062999,0.07225,0.081499,0.091093,0.10103,0.11097,0.11991,0.12784,0.13577,0.14235,0.14757,0.15279,0.15732,0.16116,0.165,0.16904,0.17327,0.1775,0.18207,0.18699,0.19191,0.19639,0.20043,0.20447,0.20696,0.20788,0.2088,0.20742,0.20373,0.20003,0.19409,0.18589,0.17768,0.16812,0.1572,0.14628,0.13523,0.12404,0.11285,0.10241,0.092726,0.08304,0.074328,0.066586,0.058845,0.051745,0.045288,0.038831,0.032626,0.02667,0.020714,0.014948,0.0093676,0.0037883,-0.0014159,-0.0062455,-0.011076,-0.015395,-0.019202,-0.02301,-0.026243,-0.028901,-0.031559,-0.033575,-0.034949,-0.036323,-0.037251,-0.037734,-0.038217,-0.039232,-0.040778,-0.042324,-0.044917,-0.048556,-0.052195,-0.045015,-0.027013,-0.0044457
0,0,0,0,-0.52531,-0.48988,-0.40917,-0.28313,-0.15707,-0.023119,0.11874,0.2606,0.38719,0.49852,0.60982,0.6929,0.74775,0.80259,0.80787,0.76357,0.71927,0.69102,0.67882,0.66662,0.55044,0.33029,0,0,0,0,0,0,0,0,-0.09911,-0.2087,-0.27658,-0.30274,-0.32888,-0.30169,-0.22111,-0.14052,-0.05675,0.030219,0.11719,0.19652,0.26824,0.33996,0.37864,0.38428,0.38991,0.38289,0.36319,0.34349,0.32372,0.30387,0.28402,0.26896,0.25869,0.24843,0.24234,0.24042,0.23851,0.23764,0.23783,0.23802,0.23594,0.23158,0.22722,0.21937,0.20803,0.1967,0.1829,0.16666,0.15041,0.13359,0.11621,0.098824,0.082187,0.066296,0.050404,0.036553,0.024746,0.012939,0.0011135,-0.010731,-0.022572,-0.037742,-0.056242,-0.074743,-0.097297,-0.12389,-0.15048,-0.17984,-0.21195,-0.24407,-0.27258,-0.2975,-0.3224,-0.34442,-0.36353,-0.38264,-0.3991,-0.4129,-0.4267,-0.44593,-0.47059,-0.49525,-0.5166,-0.53464,-0.55268,-0.57518,-0.60211,-0.62906,-0.65242,-0.67219,-0.69196,-0.71062,-0.72817,-0.74573,-0.75361,-0.7518,-0.74999,-0.74199,-0.72779,-0.71359,-0.69457,-0.67074,-0.6469,-0.62379,-0.60141,-0.57903,-0.56471,-0.55844,-0.55217,-0.55641,-0.57116,-0.58592,-0.60869,-0.63948,-0.67027,-0.69261,-0.70652,-0.72042,-0.73271,-0.74339,-0.75407,-0.76334,-0.77121,-0.77908,-0.78296,-0.78285,-0.78273,-0.77881,-0.77107,-0.76334,-0.74889,-0.72771,-0.70653,-0.67514,-0.63352,-0.59189,-0.54926,-0.49914,-0.43433,-0.36262,-0.29629,-0.23301,-0.17295,-0.11739,-0.062828,-0.010493,0.038346,0.083407,0.12518,0.16406,0.20014,0.23357,0.26484,0.29442,0.32241,0.34842,0.37115,0.38778,0.39331,0.38789,0.3784,0.37378,0.38024,0.39621,0.41851,0.44437,0.46767,0.48296,0.48567,0.47544,0.4632,0.46227,0.47948,0.50427,0.52373,0.53625,0.54102,0.53635,0.52195,0.50693,0.48977,0.47238,0.45974,0.44148,0.42622,0.42321,0.42391,0.41857,0.40391,0.38302,0.3661,0.34601,0.30977,0.27022,0.22911,0.19117,0.16259,0.13459,0.10382,0.069578,0.028609,-0.019074,-0.07502,-0.13854,-0.19583,-0.23886,-0.26927,-0.28566,-0.29499,-0.31167,-0.33982,-0.36458,-0.3527,-0.16749,0,0,0,0,0,0,0,0,0,0,0,0,0,0,0,0,0,0,0,0,0,0,0,0,0,0,0,0,0,0,0,0,0,0,0,0,0,0,0,0,0,0,0,0,0,0,-0.0031408,-0.003911,-0.0057762,-0.0061297,0,0,0,-0.38416,-0.41376,-0.4069,-0.34885,-0.27538,-0.2365,-0.25151,-0.29916,-0.33542,-0.34195,-0.33117,-0.31659,-0.30667,-0.30492,-0.30975,-0.31746,-0.32684,-0.33801,-0.34418,-0.32691,-0.26483,-0.156,-0.04305,0,0,0,0,0,0,0,0,0,0,0,0,-0.048881,-0.050424,-0.0581,-0.087116,-0.12003,-0.13219,-0.10877,-0.042613,0.046834,0.11017,0.1038,0.027976,-0.056104,0,0,0,0,0,0,0,0,0,0,0,0,0,0,0,0,0,0,0,0,0,0,0,0,0,0,0,0.0088052,0,0,0,0,0.16417,0.20779,0.25329,0.30065,0.34802,0.38599,0.41456,0.44312,0.44706,0.42638,0.40568,0.3635,0.29982,0.23613,0.1647,0.085536,0.0063609,-0.067011,-0.13456,-0.2021,-0.26387,-0.31985,-0.37582,-0.42996,-0.4823,-0.53465,-0.58156,-0.62306,-0.66456,-0.70116,-0.73284,-0.76454,-0.78952,-0.80777,-0.82603,-0.83705,-0.84084,-0.84463,-0.84284,-0.83547,-0.82809,-0.81754,-0.8038,-0.79006,-0.77379,-0.755,-0.7362,-0.71385,-0.68793,-0.66201,-0.63164,-0.59681,-0.56199,-0.52346,-0.48124,-0.43902,-0.39545,-0.35053,-0.30562,-0.26211,-0.22004,-0.17796,-0.13952,-0.10473,-0.06994,-0.039761,-0.014197,0.01137,0.03284,0.050209,0.067576,0.081401,0.091686,0.10197,0.10925,0.11351,0.11778,0.12032,0.12115,0.12198,0.12182,0.12068,0.11954,0.11731,0.11399,0.11067,0.10636,0.10106,0.095757,0.089485,0.082243,0.075001,0.067371,0.059354,0.051335,0.044677,0.039378,0.034078,0.031567,0.031841,0.032116,0.035193,0.041071,0.04695,0.054559,0.063897,0.073236,0.082848,0.092733,0.10262,0.11167,0.1199,0.12813,0.1353,0.1414,0.14749,0.15308,0.15815,0.16323,0.16847,0.17388,0.17929,0.1848,0.19042,0.19604,0.20084,0.20482,0.2088,0.2109,0.21113,0.21137,0.20919,0.20462,0.20004,0.19331,0.18444,0.17557,0.16558,0.15445,0.14332,0.13229,0.12136,0.11043,0.10036,0.091148,0.081939,0.073651,0.066285,0.058919,0.05206,0.045708,0.039359,0.033176,0.027157,0.021139,0.015293,0.0096165,0.0039413,-0.0013048,-0.0061225,-0.01094,-0.015162,-0.018788,-0.022415,-0.025395,-0.027728,-0.030061,-0.031814,-0.032986,-0.034158,-0.03493,-0.035304,-0.035678,-0.036685,-0.038326,-0.039967,-0.042754,-0.046686,-0.050618,-0.043824,-0.0263,-0.0087715
0,0,0,0,-0.52555,-0.49388,-0.41875,-0.30016,-0.18157,-0.054258,0.081759,0.21777,0.34142,0.45272,0.56401,0.65359,0.72148,0.78937,0.80458,0.76711,0.72964,0.70516,0.69369,0.68221,0.57497,0.37192,0,0,0,0,0,0,0,0,-0.17375,-0.28959,-0.35626,-0.37372,-0.39117,-0.34757,-0.24288,-0.13816,-0.0461,0.033328,0.11274,0.19714,0.28659,0.37603,0.4194,0.41672,0.41403,0.40007,0.37484,0.3496,0.32508,0.30128,0.27748,0.25871,0.24499,0.23127,0.22232,0.21815,0.21397,0.2117,0.21133,0.21097,0.20887,0.20504,0.20121,0.19402,0.18347,0.17293,0.16004,0.14481,0.12958,0.114,0.098081,0.082161,0.067156,0.053066,0.038975,0.027332,0.018136,0.0089406,0.00024464,-0.0079504,-0.016146,-0.028074,-0.04374,-0.059409,-0.079791,-0.10488,-0.12998,-0.158,-0.18896,-0.21991,-0.2474,-0.2714,-0.29539,-0.31663,-0.33511,-0.35359,-0.36958,-0.38307,-0.39656,-0.415,-0.43841,-0.46182,-0.48223,-0.49964,-0.51705,-0.53903,-0.56558,-0.59213,-0.61604,-0.63732,-0.6586,-0.67908,-0.69878,-0.71847,-0.72849,-0.72882,-0.72915,-0.72283,-0.70986,-0.69689,-0.67897,-0.65608,-0.63319,-0.61101,-0.58954,-0.56808,-0.55502,-0.55037,-0.54572,-0.55126,-0.56698,-0.5827,-0.60506,-0.63404,-0.66303,-0.68399,-0.6969,-0.70981,-0.72199,-0.73344,-0.74489,-0.75549,-0.76522,-0.77495,-0.77918,-0.7779,-0.77661,-0.77086,-0.76062,-0.75039,-0.73481,-0.71388,-0.69294,-0.66134,-0.61907,-0.57681,-0.53356,-0.48227,-0.41631,-0.34272,-0.27679,-0.21665,-0.15762,-0.10141,-0.046938,0.0030813,0.048671,0.090983,0.13055,0.16744,0.20177,0.23371,0.26337,0.2907,0.31539,0.3373,0.35645,0.3708,0.37357,0.36387,0.35077,0.34814,0.36532,0.39685,0.42926,0.454,0.4673,0.46952,0.4605,0.451,0.45216,0.46713,0.49675,0.52662,0.54581,0.55176,0.54324,0.5193,0.49185,0.47245,0.45848,0.45035,0.44327,0.43053,0.41564,0.40869,0.40945,0.40489,0.38738,0.35774,0.33291,0.31139,0.27756,0.2428,0.21119,0.17889,0.15028,0.12496,0.098617,0.067007,0.028765,-0.011256,-0.050841,-0.096607,-0.14575,-0.18926,-0.22697,-0.25379,-0.26241,-0.26338,-0.27951,-0.32129,-0.36073,-0.3534,-0.17084,0,0,0,0,0,0,0,0,0,0,0,0,0,0,0,0,0,0,0,0,0,0,0,0,0,0,0,0,0,0,0,0,0,0,0,0,0,0,0,0,0,0,0,0,0,-0.013369,-0.01556,-0.020336,-0.023612,0,0,0,-0.33229,-0.36342,-0.34684,-0.31349,-0.28207,-0.26627,-0.26644,-0.27588,-0.28559,-0.28837,-0.28622,-0.28641,-0.29249,-0.30386,-0.31861,-0.33511,-0.35247,-0.36906,-0.37637,-0.35458,-0.28259,-0.16392,-0.056818,0,0,0,0,0,0,0,0,0,0,0,0,-0.090454,-0.077467,-0.066725,-0.090423,-0.13211,-0.15314,-0.1217,-0.036239,0.070596,0.14478,0.14346,0.071199,-0.023832,-0.045535,-0.028946,0,0,0,0,0,0,0,0,0,0,0,0,0,0,0,0,0,0,0,0,0,0,0,-0.011271,-0.0012503,0.014055,0.022102,0,0,0,0.1866,0.23315,0.28054,0.32876,0.37699,0.41485,0.44235,0.46985,0.47447,0.45622,0.43797,0.39857,0.33801,0.27744,0.2083,0.1306,0.052882,-0.020265,-0.088826,-0.15739,-0.21994,-0.27646,-0.33297,-0.38785,-0.44109,-0.49433,-0.54339,-0.58826,-0.63313,-0.67336,-0.70895,-0.74456,-0.77297,-0.7942,-0.81544,-0.82892,-0.83463,-0.84033,-0.83986,-0.83321,-0.82657,-0.81645,-0.80287,-0.78929,-0.77348,-0.75543,-0.73737,-0.7161,-0.69162,-0.66714,-0.63828,-0.60502,-0.57177,-0.53469,-0.49378,-0.45287,-0.41029,-0.36605,-0.32181,-0.27857,-0.23633,-0.19409,-0.15528,-0.11988,-0.084477,-0.053642,-0.027365,-0.0010846,0.021084,0.039137,0.057188,0.071568,0.082279,0.092989,0.10048,0.10476,0.10903,0.1114,0.11186,0.11231,0.11167,0.10992,0.10817,0.10527,0.10123,0.097189,0.09215,0.086113,0.080077,0.073239,0.0656,0.05796,0.050305,0.042635,0.034964,0.028945,0.024578,0.020211,0.018633,0.019844,0.021057,0.024878,0.031306,0.037736,0.04569,0.055165,0.064643,0.074335,0.08424,0.094145,0.10339,0.11196,0.12054,0.12833,0.13533,0.14233,0.14902,0.15539,0.16176,0.16827,0.17494,0.18161,0.18814,0.19452,0.2009,0.20609,0.21009,0.21409,0.21589,0.21551,0.21512,0.2122,0.20675,0.20129,0.19378,0.18421,0.17464,0.16417,0.1528,0.14143,0.13038,0.11966,0.10894,0.099192,0.090422,0.081653,0.073769,0.066771,0.059773,0.053165,0.046948,0.040734,0.034585,0.0285,0.022416,0.016465,0.010646,0.0048281,-0.00051954,-0.0053978,-0.010277,-0.014459,-0.017945,-0.021432,-0.02418,-0.026189,-0.028198,-0.029636,-0.030504,-0.031371,-0.03199,-0.03236,-0.03273,-0.033785,-0.035524,-0.037264,-0.040282,-0.044577,-0.048871,-0.042519,-0.025515,-0.0085099
0,0,0,0,-0.51896,-0.49229,-0.42326,-0.31186,-0.20048,-0.080542,0.04795,0.17642,0.29525,0.40447,0.51367,0.60488,0.67808,0.75126,0.7763,0.75317,0.73003,0.70584,0.6806,0.65536,0.56927,0.42233,0.16431,0.11216,0.067306,0,0,0,0,0,-0.20351,-0.33921,-0.41217,-0.42237,-0.20593,-0.18022,-0.12187,-0.063502,-0.018437,0.013332,0.045088,0.086292,0.26119,0.37436,0.4265,0.4176,0.40868,0.39082,0.364,0.33719,0.31142,0.28668,0.26194,0.24172,0.22601,0.21031,0.19946,0.19347,0.18748,0.18399,0.183,0.182,0.17989,0.17666,0.17343,0.16705,0.15751,0.14797,0.1362,0.12219,0.10818,0.093888,0.079324,0.064759,0.051685,0.040102,0.02852,0.019218,0.012195,0.0051734,-0.00064625,-0.0052646,-0.0098825,-0.018484,-0.031074,-0.043664,-0.061969,-0.085984,-0.11,-0.13694,-0.16679,-0.19664,-0.22314,-0.2463,-0.26946,-0.28999,-0.30791,-0.32583,-0.34139,-0.3546,-0.36781,-0.3855,-0.40768,-0.42986,-0.44906,-0.46528,-0.48151,-0.50241,-0.52798,-0.55355,-0.57773,-0.60052,-0.62332,-0.64564,-0.6675,-0.68935,-0.70148,-0.70386,-0.70624,-0.70162,-0.68999,-0.67835,-0.66186,-0.64051,-0.61915,-0.59872,-0.5792,-0.55969,-0.54949,-0.5486,-0.54771,-0.55485,-0.57002,-0.5852,-0.60526,-0.63022,-0.65519,-0.67386,-0.68625,-0.69863,-0.71073,-0.72255,-0.73438,-0.7454,-0.75562,-0.76584,-0.77027,-0.76891,-0.76755,-0.76153,-0.75084,-0.74015,-0.72423,-0.70306,-0.68188,-0.65002,-0.60745,-0.56488,-0.52156,-0.46756,-0.39964,-0.32532,-0.25923,-0.20395,-0.14659,-0.088698,-0.034545,0.014606,0.058854,0.099738,0.13747,0.1717,0.20289,0.23167,0.258,0.28135,0.30128,0.31804,0.33267,0.34519,0.35238,0.34882,0.34032,0.34413,0.36885,0.40556,0.43617,0.45169,0.45374,0.44701,0.43893,0.44166,0.45919,0.48808,0.52207,0.54682,0.54873,0.53275,0.51082,0.48147,0.4563,0.44562,0.44033,0.43593,0.42946,0.42146,0.40886,0.3981,0.39248,0.37549,0.35215,0.32717,0.30443,0.28622,0.26358,0.2348,0.2014,0.16753,0.1372,0.11258,0.090683,0.065429,0.034018,-0.0016807,-0.035346,-0.067377,-0.10183,-0.13646,-0.17267,-0.21078,-0.23688,-0.23921,-0.23699,-0.26103,-0.31334,-0.35744,-0.35386,-0.16429,0,0,0,0,0,0,0,0,0,0,0,0,0,0,0,0,0,0,0,0,0,0,0,0,0,0,0,0,0,0,0,0,0,0,0,0,0,0,0,0,0,0,0,-0.015784,-0.026989,-0.030838,-0.037971,-0.048741,-0.046299,-0.070066,-0.099002,-0.2748,-0.31188,-0.31064,-0.29377,-0.2769,-0.26506,-0.25663,-0.24901,-0.24317,-0.24154,-0.24537,-0.25572,-0.2721,-0.29169,-0.3126,-0.33514,-0.35949,-0.38192,-0.39081,-0.36571,-0.29015,-0.1761,-0.077741,0,0,0,0,0,0,0,0,0,0,0,0,-0.14398,-0.1279,-0.11281,-0.12065,-0.13948,-0.14313,-0.10898,-0.025117,0.088667,0.17907,0.19027,0.11257,-0.00071454,-0.081682,-0.052856,0,0,0,0,0,0,0,0,0,0,0,0,0,0,0,-0.02219,-0.021371,-0.022503,-0.025588,-0.028675,-0.028019,-0.023621,-0.019223,-0.02244,-0.00070711,0.021032,0.049591,0.046232,0.064977,0.087222,0.21282,0.26267,0.31263,0.36269,0.41277,0.44902,0.47143,0.49385,0.49723,0.48158,0.46593,0.42984,0.37327,0.3167,0.25075,0.17543,0.1001,0.027922,-0.041082,-0.11009,-0.17348,-0.23127,-0.28904,-0.34448,-0.39756,-0.45062,-0.50135,-0.54975,-0.59813,-0.64229,-0.68222,-0.72215,-0.75438,-0.77889,-0.80339,-0.81962,-0.82757,-0.83552,-0.83674,-0.83125,-0.82576,-0.81639,-0.80314,-0.78989,-0.77447,-0.75687,-0.73927,-0.71874,-0.69527,-0.67179,-0.64414,-0.61232,-0.58049,-0.54487,-0.50545,-0.46605,-0.42468,-0.38135,-0.33803,-0.29527,-0.25308,-0.21089,-0.17185,-0.13598,-0.10011,-0.068688,-0.041725,-0.014757,0.0080561,0.026715,0.045374,0.060254,0.071353,0.082452,0.090219,0.094655,0.09909,0.10138,0.10154,0.10169,0.10057,0.098169,0.095768,0.092175,0.08739,0.082605,0.076765,0.06987,0.062974,0.055473,0.047366,0.039259,0.03161,0.024421,0.017231,0.011997,0.00872,0.0054439,0.0049214,0.007153,0.0093862,0.014011,0.021029,0.028049,0.03639,0.046054,0.055718,0.065553,0.075556,0.085557,0.095043,0.10402,0.11299,0.12144,0.12937,0.1373,0.14513,0.15286,0.16058,0.16845,0.17645,0.18446,0.19207,0.19928,0.2065,0.21215,0.21625,0.22035,0.22193,0.221,0.22007,0.21645,0.21012,0.2038,0.19548,0.18518,0.17487,0.16389,0.15224,0.14059,0.12948,0.11893,0.10838,0.098916,0.090549,0.082183,0.074681,0.068042,0.061405,0.055061,0.049008,0.042956,0.036855,0.0307,0.024546,0.018465,0.012457,0.0064491,0.00093987,-0.0040728,-0.0090863,-0.013286,-0.016674,-0.02006,-0.022597,-0.024282,-0.025968,-0.027041,-0.027502,-0.027963,-0.028429,-0.0289,-0.029372,-0.03053,-0.032373,-0.034217,-0.037502,-0.042228,-0.046955,-0.0411,-0.024663,-0.0082258
0,0,0,0,-0.51236,-0.4907,-0.42777,-0.32356,-0.21936,-0.10682,0.014099,0.13503,0.24905,0.3562,0.46335,0.55616,0.63467,0.71317,0.74803,0.73923,0.73042,0.70651,0.66752,0.62851,0.56357,0.47271,0.38183,0.28035,0.16825,0,0,0,0,0,-0.10919,-0.38877,-0.46803,-0.22335,0,0,0,0,0,0,0,0,0.12424,0.18676,0.21503,0.41846,0.40331,0.38155,0.35316,0.32478,0.29775,0.27208,0.2464,0.22472,0.20703,0.18934,0.17659,0.16879,0.16099,0.15628,0.15466,0.15304,0.15091,0.14829,0.14566,0.14008,0.13155,0.12301,0.11235,0.099565,0.086776,0.073777,0.060567,0.047357,0.036214,0.02714,0.018066,0.011105,0.006256,0.0014081,-0.0015362,-0.0025776,-0.0036181,-0.0088936,-0.018409,-0.027924,-0.044152,-0.067089,-0.090029,-0.11587,-0.14461,-0.17336,-0.19889,-0.22121,-0.24353,-0.26336,-0.28072,-0.29807,-0.3132,-0.32613,-0.33906,-0.356,-0.37695,-0.3979,-0.41589,-0.43093,-0.44597,-0.46579,-0.49038,-0.51497,-0.53941,-0.56372,-0.58803,-0.6122,-0.63622,-0.66023,-0.67446,-0.6789,-0.68333,-0.6804,-0.67011,-0.65981,-0.64475,-0.62493,-0.60511,-0.58642,-0.56886,-0.55131,-0.54396,-0.54683,-0.5497,-0.55845,-0.57307,-0.58769,-0.60547,-0.6264,-0.64734,-0.66373,-0.67559,-0.68744,-0.69947,-0.71167,-0.72386,-0.73532,-0.74602,-0.75672,-0.76136,-0.75992,-0.75849,-0.7522,-0.74106,-0.72992,-0.71365,-0.69224,-0.67083,-0.63869,-0.59581,-0.55294,-0.50824,-0.45342,-0.38395,-0.31071,-0.24475,-0.18922,-0.13444,-0.079477,-0.029571,0.019493,0.065921,0.10749,0.14342,0.17418,0.20089,0.22472,0.24597,0.26408,0.27879,0.29119,0.30342,0.31713,0.33112,0.33948,0.34432,0.35609,0.38058,0.41103,0.43101,0.43598,0.43206,0.42801,0.43276,0.45265,0.48241,0.51468,0.53911,0.53967,0.51498,0.48381,0.46219,0.44592,0.43747,0.43734,0.43197,0.42121,0.411,0.39853,0.38281,0.36503,0.35194,0.33844,0.3248,0.31446,0.29954,0.28032,0.25626,0.22702,0.19365,0.15877,0.12629,0.10029,0.08023,0.061422,0.039448,0.012217,-0.018491,-0.047563,-0.07418,-0.098968,-0.12745,-0.16457,-0.19903,-0.21513,-0.21121,-0.21679,-0.25814,-0.31646,-0.34941,-0.33151,-0.15269,-0.13091,-0.10025,0,0,0,0,0,0,0,0,0,0,0,0,0,0,0,0,0,0,0,0,0,0,0,0,0,0,0,0,0,0,0,0,0,0,0,0,0,0,0,0,-0.035062,-0.03833,-0.044423,-0.055041,-0.073543,-0.10414,-0.14688,-0.1953,-0.23975,-0.27065,-0.28189,-0.27618,-0.2623,-0.24748,-0.23325,-0.21835,-0.20592,-0.20175,-0.20773,-0.22228,-0.24309,-0.26725,-0.29243,-0.31906,-0.3485,-0.37664,-0.38932,-0.36538,-0.29183,-0.18582,-0.087923,0,0,0,0,0,0,0,0,0,0,0,0,-0.18001,-0.17602,-0.1723,-0.17209,-0.16569,-0.12664,-0.06651,0.0027115,0.09817,0.20285,0.23481,0.1412,0.0044699,-0.036147,-0.02391,0,0,0,0,0,0,0,0,0,0,0,0,0,0,0,-0.055472,-0.053422,-0.054672,-0.059223,-0.063774,-0.06084,-0.050419,-0.039997,-0.022229,0.0028888,0.02801,0.060364,0.099955,0.13954,0.18591,0.23905,0.29219,0.34472,0.39663,0.44855,0.48317,0.50051,0.51784,0.51999,0.50694,0.4939,0.4611,0.40853,0.35596,0.2932,0.22026,0.14731,0.076117,0.0066705,-0.062767,-0.12701,-0.18607,-0.24512,-0.3011,-0.354,-0.4069,-0.45931,-0.51122,-0.56313,-0.61122,-0.65548,-0.69976,-0.73579,-0.76356,-0.79134,-0.81032,-0.82051,-0.8307,-0.83362,-0.82929,-0.82495,-0.81632,-0.80341,-0.7905,-0.77547,-0.75832,-0.74118,-0.72138,-0.69892,-0.67645,-0.65001,-0.61961,-0.5892,-0.55505,-0.51714,-0.47923,-0.43907,-0.39665,-0.35425,-0.31197,-0.26983,-0.22767,-0.18843,-0.15208,-0.11574,-0.083735,-0.056084,-0.028435,-0.0049775,0.014289,0.033555,0.048936,0.060424,0.071912,0.079955,0.084551,0.089147,0.091371,0.09122,0.091069,0.089469,0.086418,0.083367,0.079078,0.073549,0.068021,0.061379,0.053625,0.045871,0.037707,0.029133,0.020558,0.012915,0.0062065,-0.00050287,-0.0049518,-0.0071381,-0.0093237,-0.0087907,-0.0055389,-0.0022862,0.0031444,0.010752,0.018359,0.027089,0.036941,0.046793,0.056769,0.066869,0.07697,0.086702,0.096068,0.10544,0.11455,0.12341,0.13227,0.14124,0.15032,0.15941,0.16862,0.17797,0.18731,0.196,0.20405,0.21209,0.21821,0.22241,0.22661,0.22797,0.2265,0.22503,0.22069,0.2135,0.2063,0.19719,0.18615,0.17511,0.16363,0.15169,0.13975,0.12859,0.1182,0.10782,0.098641,0.090676,0.082713,0.075593,0.069314,0.063038,0.056957,0.051068,0.045178,0.039124,0.0329,0.026677,0.020466,0.014268,0.0080713,0.0023998,-0.0027482,-0.0078962,-0.012113,-0.015401,-0.018688,-0.021013,-0.022376,-0.023737,-0.024445,-0.024501,-0.024555,-0.024868,-0.02544,-0.026012,-0.027273,-0.029221,-0.031169,-0.034721,-0.039878,-0.045036,-0.039681,-0.023812,-0.0079417
0,0,0,0,-0.50358,-0.48449,-0.42684,-0.3306,-0.23436,-0.12942,-0.015735,0.097964,0.20663,0.3103,0.41396,0.50608,0.58669,0.6673,0.71018,0.71533,0.72047,0.69941,0.65214,0.60487,0.55285,0.49608,0.43932,0.35119,0.23166,0,0,0,0,0,0,-0.38095,-0.46049,0,0,0,0,0,0,0,0,0,0,0,0,0.3908,0.37404,0.3524,0.32588,0.29936,0.27359,0.24857,0.22355,0.20198,0.18386,0.16574,0.15239,0.14379,0.13519,0.12979,0.12757,0.12535,0.12308,0.12077,0.11846,0.11367,0.10639,0.099111,0.089713,0.078194,0.066675,0.055081,0.04341,0.03174,0.02253,0.01578,0.0090304,0.0045941,0.0024708,0.00034837,4.4158e-05,0.0015584,0.0030731,-0.00026202,-0.0084501,-0.01664,-0.031553,-0.053187,-0.074827,-0.099214,-0.12634,-0.15348,-0.17759,-0.19869,-0.21979,-0.23864,-0.25524,-0.27184,-0.28639,-0.29891,-0.31143,-0.32749,-0.3471,-0.36669,-0.38352,-0.3976,-0.41167,-0.4305,-0.45407,-0.47764,-0.50202,-0.5272,-0.55238,-0.57761,-0.60289,-0.62817,-0.64374,-0.64963,-0.65551,-0.65399,-0.64509,-0.63618,-0.62286,-0.60513,-0.5874,-0.57168,-0.55797,-0.54426,-0.5396,-0.54398,-0.54837,-0.55769,-0.57194,-0.5862,-0.60246,-0.62074,-0.63902,-0.65372,-0.66485,-0.67598,-0.68774,-0.70013,-0.71252,-0.72436,-0.73564,-0.74692,-0.75197,-0.7508,-0.74963,-0.74325,-0.73166,-0.72006,-0.7032,-0.68107,-0.65893,-0.626,-0.58227,-0.53855,-0.49443,-0.44027,-0.36867,-0.29686,-0.23365,-0.17381,-0.12054,-0.075844,-0.031683,0.017205,0.066395,0.11037,0.14487,0.17155,0.19328,0.21145,0.2269,0.24024,0.25206,0.26387,0.27773,0.29508,0.31597,0.33679,0.35436,0.36892,0.3839,0.40115,0.41195,0.41512,0.41659,0.42169,0.44087,0.47503,0.51015,0.52964,0.52367,0.49368,0.45907,0.43832,0.43272,0.43502,0.43834,0.43419,0.41276,0.38773,0.37243,0.3527,0.33541,0.32495,0.31955,0.31986,0.31506,0.30501,0.29006,0.27037,0.24603,0.21736,0.18539,0.15188,0.12001,0.093386,0.07334,0.05818,0.043455,0.024401,0.00020863,-0.026086,-0.051425,-0.073071,-0.09671,-0.12489,-0.15308,-0.17782,-0.18989,-0.19585,-0.22058,-0.26772,-0.31012,-0.32405,-0.31161,-0.28392,-0.23779,-0.10457,0,0,0,0,0,0,0,0,0,0,0,0,0,0,0,0,0,0,0,0,0,0,0,0,0,0,0,0,0,0,0,0,0,0,0,0,0,0,-0.020217,-0.041401,-0.046908,-0.055541,-0.069796,-0.092071,-0.12232,-0.15709,-0.192,-0.22334,-0.24685,-0.25877,-0.2572,-0.24409,-0.22584,-0.20642,-0.18663,-0.17079,-0.16458,-0.16927,-0.18284,-0.20354,-0.23004,-0.26006,-0.29205,-0.32616,-0.3588,-0.37645,-0.35831,-0.2912,-0.18747,-0.044955,0,0,0,0,0,0,0,0,0,0,0,0,-0.19781,-0.20272,-0.21586,-0.22736,-0.21529,-0.13189,-0.018395,0.021977,0.1023,0.21481,0.25746,0.15084,0,0,0,0,0,0,0,0,0,0,0,0,0,0,0,-0.031732,-0.042664,-0.047342,-0.079044,-0.076232,-0.074697,-0.074438,-0.074176,-0.067303,-0.053815,-0.040325,-0.019154,0.0096991,0.038549,0.074884,0.1187,0.16252,0.21202,0.26719,0.32236,0.37576,0.42739,0.47902,0.5117,0.52542,0.53913,0.54049,0.5295,0.51851,0.48875,0.44022,0.39167,0.3323,0.26211,0.19192,0.12257,0.054041,-0.01447,-0.078541,-0.13819,-0.19783,-0.25427,-0.30751,-0.36076,-0.41563,-0.47213,-0.52865,-0.58026,-0.62696,-0.67367,-0.71279,-0.74429,-0.7758,-0.79794,-0.8107,-0.82346,-0.82843,-0.82562,-0.8228,-0.81531,-0.80313,-0.79096,-0.77657,-0.75995,-0.74334,-0.72424,-0.70267,-0.68109,-0.65577,-0.62669,-0.59761,-0.56478,-0.52819,-0.4916,-0.45254,-0.411,-0.36946,-0.32778,-0.28596,-0.24413,-0.20496,-0.16846,-0.13195,-0.099625,-0.071466,-0.043313,-0.019353,0.00041455,0.02018,0.036016,0.047916,0.059815,0.068228,0.073146,0.078065,0.080365,0.080041,0.079717,0.077686,0.073946,0.070204,0.065153,0.05879,0.052428,0.044981,0.03645,0.027919,0.019239,0.01041,0.0015806,-0.005886,-0.01199,-0.018094,-0.021723,-0.022874,-0.024026,-0.022539,-0.018412,-0.014283,-0.0081628,-5.0701e-05,0.0080606,0.01716,0.027245,0.037331,0.047548,0.057894,0.068242,0.078385,0.088319,0.098255,0.10817,0.11807,0.12796,0.13812,0.14854,0.15896,0.16946,0.18005,0.19063,0.20031,0.2091,0.21789,0.22444,0.22874,0.23305,0.23424,0.23231,0.23038,0.22544,0.21751,0.20957,0.19978,0.18812,0.17647,0.16456,0.15239,0.14022,0.12902,0.11877,0.10852,0.099579,0.091936,0.084295,0.077484,0.071499,0.065515,0.059635,0.053857,0.048078,0.042023,0.03569,0.029355,0.022976,0.016553,0.010129,0.0042696,-0.0010276,-0.0063256,-0.010577,-0.013784,-0.016991,-0.019103,-0.020122,-0.021139,-0.021451,-0.021056,-0.020661,-0.020627,-0.020955,-0.021283,-0.022507,-0.024627,-0.026747,-0.030509,-0.035913,-0.04132,-0.036689,-0.022018,-0.0073418
0,0,0,0,-0.49259,-0.47367,-0.42047,-0.33298,-0.2455,-0.14837,-0.041574,0.065233,0.168,0.26673,0.36547,0.45461,0.53413,0.61363,0.66275,0.68148,0.70019,0.68452,0.63448,0.58442,0.53709,0.49247,0.44786,0.38078,0.2912,0.12318,0.090649,0,0,0,0,-0.31579,-0.3896,0,0,0,0,0,0,0,0,0,0,0,0,0.33463,0.32088,0.30339,0.28216,0.26094,0.23894,0.21616,0.19339,0.17351,0.15651,0.13952,0.12684,0.11846,0.1101,0.10451,0.10172,0.098925,0.096385,0.094107,0.091832,0.087806,0.082032,0.076257,0.06827,0.058071,0.047872,0.037799,0.027853,0.017907,0.010629,0.0060206,0.0014131,-0.00031456,0.00083882,0.0019929,0.004094,0.0071428,0.010191,0.0074108,-0.0012023,-0.0098137,-0.024172,-0.044276,-0.064382,-0.086947,-0.11197,-0.137,-0.15925,-0.17874,-0.19822,-0.21581,-0.23147,-0.24714,-0.26096,-0.27293,-0.28491,-0.29997,-0.3181,-0.33623,-0.35196,-0.36528,-0.37861,-0.39653,-0.41905,-0.44157,-0.46555,-0.49096,-0.51637,-0.54189,-0.56752,-0.59316,-0.60934,-0.61606,-0.62277,-0.62239,-0.61493,-0.60747,-0.5962,-0.58112,-0.56604,-0.55451,-0.54653,-0.53856,-0.5364,-0.54006,-0.54372,-0.55258,-0.56665,-0.58072,-0.59625,-0.61323,-0.63022,-0.64381,-0.65402,-0.66423,-0.67554,-0.68794,-0.70035,-0.71252,-0.72447,-0.73642,-0.74212,-0.74155,-0.74099,-0.73468,-0.72264,-0.71059,-0.69289,-0.66954,-0.64618,-0.61194,-0.56683,-0.5217,-0.47874,-0.42711,-0.35683,-0.28306,-0.22112,-0.16639,-0.11576,-0.07486,-0.035112,0.011578,0.060517,0.10499,0.13912,0.16259,0.1797,0.19325,0.20456,0.21552,0.22821,0.24376,0.26235,0.28395,0.30932,0.3375,0.36008,0.37177,0.37526,0.3774,0.38085,0.38929,0.40722,0.43027,0.46069,0.49442,0.51428,0.50574,0.47133,0.43512,0.41868,0.42279,0.43481,0.44135,0.43509,0.40985,0.37496,0.34782,0.32984,0.31303,0.30312,0.30426,0.30647,0.30585,0.30059,0.29042,0.27535,0.25542,0.23134,0.20405,0.17447,0.14466,0.1169,0.092867,0.073873,0.059486,0.047002,0.032981,0.015575,-0.004273,-0.024714,-0.045258,-0.066794,-0.089497,-0.11143,-0.13426,-0.16063,-0.18142,-0.20089,-0.23544,-0.27758,-0.30866,-0.32119,-0.31873,-0.2994,-0.25217,0,0,0,0,0,0,0,0,0,0,0,0,0,0,0,0,0,0,0,0,0,0,0,0,0,0,0,0,0,0,0,0,0,0,0,0,0,-0.021076,-0.042681,-0.046885,-0.053792,-0.06484,-0.081534,-0.10515,-0.13486,-0.16665,-0.19736,-0.22484,-0.24449,-0.25206,-0.24631,-0.22864,-0.20432,-0.17879,-0.15513,-0.1373,-0.12848,-0.12932,-0.13873,-0.15624,-0.18208,-0.21488,-0.2521,-0.29118,-0.32749,-0.34942,-0.33868,-0.28294,-0.1887,0,0,0,0,0,0,0,0,0,0,0,0,0,-0.19002,-0.19921,-0.21958,-0.25303,-0.2698,-0.16107,0,0.018227,0.10069,0.20506,0.12998,0.074994,0,0,0,0,0,0,0,0,0,0,0,0,0,0,-0.035742,-0.077631,-0.09872,-0.10751,-0.104,-0.10049,-0.095417,-0.088778,-0.082134,-0.070627,-0.054254,-0.037879,-0.013221,0.019715,0.05265,0.093155,0.14123,0.1893,0.2413,0.29724,0.35318,0.40576,0.45498,0.50421,0.5346,0.54615,0.55771,0.55874,0.54925,0.53976,0.51278,0.46831,0.42382,0.36805,0.301,0.23392,0.16726,0.10104,0.034815,-0.028068,-0.087614,-0.14717,-0.20399,-0.2581,-0.31221,-0.37034,-0.43251,-0.49468,-0.54939,-0.59663,-0.64389,-0.68537,-0.72108,-0.75679,-0.78247,-0.79813,-0.81379,-0.82116,-0.82024,-0.81932,-0.81335,-0.80232,-0.79129,-0.77777,-0.76175,-0.74574,-0.72733,-0.70654,-0.68574,-0.66142,-0.63356,-0.6057,-0.57405,-0.53861,-0.50317,-0.46509,-0.42438,-0.38367,-0.34269,-0.30146,-0.26024,-0.22146,-0.18511,-0.14876,-0.11635,-0.087864,-0.059384,-0.035067,-0.014906,0.0052508,0.021494,0.033829,0.046162,0.055034,0.060439,0.065845,0.068367,0.068003,0.067637,0.06522,0.06075,0.05628,0.0504,0.043113,0.035826,0.02757,0.018345,0.0091181,6.9099e-05,-0.0088021,-0.017674,-0.024797,-0.03017,-0.035544,-0.038318,-0.038492,-0.038665,-0.036323,-0.031464,-0.026604,-0.01991,-0.011378,-0.0028471,0.0066024,0.016968,0.027335,0.037891,0.048633,0.059377,0.070089,0.080767,0.091447,0.10231,0.11334,0.12438,0.13576,0.14751,0.15926,0.17098,0.1827,0.19441,0.20499,0.21443,0.22388,0.23082,0.23524,0.23966,0.24072,0.23843,0.23613,0.2307,0.22215,0.2136,0.20325,0.1911,0.17894,0.16669,0.15434,0.142,0.13076,0.12062,0.11049,0.10173,0.094329,0.086932,0.080355,0.074596,0.068837,0.063097,0.057378,0.051658,0.045555,0.039069,0.032582,0.025995,0.019309,0.012624,0.0065506,0.0010888,-0.0043739,-0.0086776,-0.011822,-0.014967,-0.016866,-0.017521,-0.018174,-0.018057,-0.017169,-0.016281,-0.015707,-0.015445,-0.015184,-0.016233,-0.018593,-0.020954,-0.024869,-0.030338,-0.03581,-0.032125,-0.019278,-0.0064276
0,0,0,0,-0.48161,-0.46284,-0.41409,-0.33537,-0.25665,-0.16734,-0.067435,0.032488,0.12937,0.22318,0.31702,0.40315,0.48156,0.55997,0.61533,0.64762,0.6799,0.66964,0.61682,0.56399,0.52134,0.48887,0.4564,0.41036,0.35072,0.29108,0.22659,0,0,0,0,-0.25058,-0.3187,0,0,0,0,0,0,0,0,0,0,0,0,0.27846,0.26771,0.25437,0.23844,0.22251,0.20429,0.18376,0.16323,0.14503,0.12916,0.11329,0.10129,0.093143,0.085,0.079243,0.075874,0.072505,0.069696,0.067451,0.065207,0.061949,0.057678,0.053406,0.04683,0.037951,0.02907,0.020519,0.012297,0.0040744,-0.0012702,-0.0037362,-0.0062014,-0.0052198,-0.00078966,0.003641,0.0081468,0.012729,0.01731,0.015083,0.0060466,-0.0029899,-0.016794,-0.035365,-0.053935,-0.074679,-0.0976,-0.12052,-0.14092,-0.15879,-0.17666,-0.19297,-0.2077,-0.22244,-0.23552,-0.24695,-0.25839,-0.27244,-0.2891,-0.30577,-0.32039,-0.33297,-0.34555,-0.36256,-0.38403,-0.4055,-0.42905,-0.4547,-0.48035,-0.50617,-0.53216,-0.55816,-0.57493,-0.58248,-0.59003,-0.59079,-0.58477,-0.57876,-0.56953,-0.5571,-0.54467,-0.53733,-0.53509,-0.53285,-0.5332,-0.53613,-0.53906,-0.54747,-0.56136,-0.57524,-0.59003,-0.60572,-0.62141,-0.6339,-0.64319,-0.65248,-0.66334,-0.67576,-0.68817,-0.70069,-0.71331,-0.72593,-0.73226,-0.7323,-0.73234,-0.72611,-0.71361,-0.70111,-0.68258,-0.658,-0.63343,-0.59788,-0.55137,-0.50485,-0.4624,-0.4128,-0.34724,-0.27492,-0.21429,-0.16734,-0.12124,-0.0795,-0.038874,0.0051124,0.050385,0.093051,0.12699,0.14901,0.16256,0.17351,0.18435,0.19754,0.21454,0.23434,0.2577,0.28399,0.31112,0.33749,0.35721,0.36473,0.36141,0.35463,0.3528,0.36536,0.39785,0.44082,0.47571,0.49019,0.48012,0.45039,0.41806,0.40441,0.41475,0.43222,0.44228,0.42868,0.40354,0.37658,0.34728,0.32458,0.30489,0.29199,0.28662,0.28656,0.28763,0.28604,0.28015,0.26973,0.2546,0.23461,0.211,0.18587,0.16047,0.13598,0.11377,0.094337,0.077386,0.062551,0.049695,0.038065,0.026317,0.013798,0.00042135,-0.014005,-0.030542,-0.050626,-0.072716,-0.094802,-0.12308,-0.15557,-0.18368,-0.22027,-0.27422,-0.32153,-0.34117,-0.33942,-0.33239,-0.31584,-0.14316,0,0,0,0,0,0,0,0,0,0,0,0,0,0,0,0,0,0,0,0,0,0,0,0,0,0,0,0,0,0,0,0,0,0,0,0,-0.035407,-0.045494,-0.051033,-0.05909,-0.07256,-0.092466,-0.11874,-0.15121,-0.18686,-0.22112,-0.25065,-0.26945,-0.27107,-0.25397,-0.22181,-0.18317,-0.14784,-0.12185,-0.10477,-0.093681,-0.088154,-0.090395,-0.10346,-0.12829,-0.16219,-0.20167,-0.2437,-0.28272,-0.30779,-0.30342,-0.26033,-0.19366,0,0,0,0,0,0,0,0,0,0,0,0,0,-0.16429,-0.16806,-0.17855,-0.20894,-0.24817,-0.15895,-0.0065368,0.036378,0.091072,0.15494,0,0,0,0,0,0,0,0,0,0,0,0,0,0,0,0,-0.086427,-0.10597,-0.1255,-0.13317,-0.12896,-0.12475,-0.11613,-0.10311,-0.090091,-0.073951,-0.054692,-0.035429,-0.0072869,0.029732,0.066751,0.11143,0.16376,0.21608,0.27059,0.3273,0.38401,0.43576,0.48257,0.52939,0.5575,0.56689,0.57628,0.57699,0.569,0.56101,0.53681,0.4964,0.45598,0.40381,0.33987,0.27591,0.21195,0.14803,0.084091,0.022397,-0.037046,-0.096496,-0.15371,-0.20868,-0.26365,-0.32505,-0.39288,-0.4607,-0.51851,-0.56631,-0.61411,-0.65797,-0.69787,-0.73777,-0.767,-0.78556,-0.80411,-0.81388,-0.81486,-0.81583,-0.81138,-0.8015,-0.79162,-0.77897,-0.76355,-0.74814,-0.73042,-0.71041,-0.69039,-0.66706,-0.64043,-0.61379,-0.58333,-0.54904,-0.51474,-0.47765,-0.43776,-0.39786,-0.3576,-0.31697,-0.27634,-0.23793,-0.20175,-0.16557,-0.13307,-0.10426,-0.075449,-0.050775,-0.030233,-0.0096904,0.0069653,0.019738,0.032507,0.041838,0.047731,0.053623,0.056369,0.055963,0.055556,0.052753,0.047554,0.042354,0.035648,0.027435,0.019224,0.010158,0.00023813,-0.0096836,-0.019101,-0.028014,-0.036928,-0.043707,-0.048351,-0.052994,-0.054914,-0.05411,-0.053305,-0.050108,-0.044518,-0.038927,-0.031656,-0.022707,-0.013757,-0.0039577,0.006689,0.017336,0.028232,0.039371,0.050509,0.061791,0.073216,0.08464,0.09644,0.10861,0.12079,0.13341,0.14648,0.15955,0.1725,0.18535,0.19819,0.20966,0.21977,0.22988,0.2372,0.24174,0.24628,0.24721,0.24455,0.24188,0.23596,0.2268,0.21763,0.20672,0.19407,0.18141,0.16882,0.1563,0.14378,0.1325,0.12248,0.11246,0.10387,0.096723,0.089572,0.083228,0.077692,0.072158,0.06656,0.060899,0.055237,0.049087,0.042449,0.035809,0.029015,0.022067,0.015119,0.0088327,0.0032053,-0.0024219,-0.0067767,-0.0098594,-0.012942,-0.014628,-0.014919,-0.015209,-0.014663,-0.013282,-0.011901,-0.010785,-0.0099337,-0.0090824,-0.0099562,-0.012557,-0.015158,-0.019226,-0.024761,-0.030298,-0.027558,-0.016538,-0.005515
0,0,0,0,-0.4693,-0.45269,-0.4086,-0.33702,-0.26544,-0.18296,-0.089563,0.0038415,0.094857,0.18351,0.27217,0.35409,0.42932,0.50456,0.56252,0.60321,0.64389,0.64061,0.59336,0.5461,0.50942,0.48334,0.45725,0.42237,0.3787,0.33501,0.27319,0,0,0,0,-0.18531,-0.24675,-0.11575,-0.12635,-0.10971,-0.065828,0,0,0,0,0,0,0,0.089927,0.21882,0.21791,0.21095,0.19793,0.18492,0.16959,0.083778,0.074076,0.065398,0.10437,0.090286,0.079517,0.072058,0.064601,0.05908,0.055498,0.051915,0.049019,0.046812,0.044605,0.041873,0.038614,0.035355,0.029898,0.022241,0.014585,0.0071478,-6.871e-05,-0.007285,-0.010511,-0.0097463,-0.0089804,-0.0044362,0.0038872,0.012211,0.017931,0.021048,0.024164,0.020705,0.010671,0.00063583,-0.012727,-0.029417,-0.046111,-0.064732,-0.085275,-0.10582,-0.12417,-0.14034,-0.15651,-0.17161,-0.18565,-0.19968,-0.21233,-0.22359,-0.23486,-0.24791,-0.26276,-0.27762,-0.29086,-0.30246,-0.31408,-0.33015,-0.35068,-0.37122,-0.39423,-0.41971,-0.4452,-0.4708,-0.49649,-0.52217,-0.53905,-0.54711,-0.55517,-0.55691,-0.55234,-0.54777,-0.54056,-0.53069,-0.52082,-0.51679,-0.5186,-0.52041,-0.52312,-0.52671,-0.5303,-0.53918,-0.55336,-0.56754,-0.58204,-0.59687,-0.61169,-0.62335,-0.63184,-0.64034,-0.65088,-0.66346,-0.67605,-0.68905,-0.70245,-0.71585,-0.72283,-0.72341,-0.72398,-0.71773,-0.70464,-0.69155,-0.67194,-0.64582,-0.61969,-0.58295,-0.53559,-0.48824,-0.44813,-0.40216,-0.33606,-0.26677,-0.21243,-0.17567,-0.14019,-0.094757,-0.046968,-0.0045812,0.036692,0.078407,0.11268,0.13457,0.14756,0.15909,0.17289,0.19034,0.2111,0.2348,0.26326,0.29383,0.31891,0.33462,0.34348,0.34521,0.34221,0.33984,0.34277,0.35786,0.38976,0.43185,0.46005,0.45665,0.4305,0.40408,0.39452,0.40496,0.42458,0.43051,0.41717,0.39263,0.37096,0.35398,0.33068,0.30569,0.28413,0.26965,0.26291,0.26145,0.26115,0.25871,0.25233,0.2416,0.22654,0.20707,0.18458,0.16191,0.14113,0.12309,0.10773,0.093437,0.078242,0.062508,0.048888,0.039154,0.032792,0.028388,0.024897,0.020499,0.011846,-0.0037502,-0.027218,-0.055596,-0.088124,-0.12247,-0.15564,-0.20776,-0.29515,-0.37915,-0.40403,-0.37004,-0.33499,-0.32695,-0.30591,0,0,0,0,0,0,0,0,0,0,0,0,0,0,0,0,0,0,0,0,0,0,0,0,0,0,0,0,0,0,0,0,0,0,0,0,-0.030417,-0.04481,-0.052457,-0.062584,-0.078953,-0.1038,-0.13693,-0.17774,-0.22479,-0.27269,-0.31416,-0.33989,-0.33498,-0.2942,-0.22985,-0.16146,-0.11079,-0.085771,-0.073167,-0.059096,-0.044252,-0.037986,-0.048505,-0.074662,-0.10943,-0.14964,-0.19275,-0.23256,-0.2588,-0.25881,-0.22772,-0.18923,0,0,0,0,0,0,0,0,0,0,0,0,0,-0.12593,-0.11849,-0.10806,-0.10532,-0.095927,-0.068235,-0.026101,0.018736,0.03211,0.044358,0,0,0,0,0,0,0,0,0,0,0,0,0,0,0,0,-0.1191,-0.13523,-0.15135,-0.15606,-0.14935,-0.14263,-0.13066,-0.11343,-0.096195,-0.076053,-0.053001,-0.029946,0.0019628,0.042725,0.083488,0.13147,0.18665,0.24183,0.29777,0.35448,0.41119,0.46067,0.50293,0.54519,0.57135,0.5814,0.59145,0.59299,0.58602,0.57905,0.55648,0.51829,0.4801,0.4315,0.37251,0.3135,0.25337,0.19211,0.13084,0.070752,0.011857,-0.047039,-0.10488,-0.16164,-0.21842,-0.28195,-0.35222,-0.4225,-0.48238,-0.53187,-0.58135,-0.62789,-0.67151,-0.71512,-0.74777,-0.76943,-0.79111,-0.80363,-0.807,-0.81036,-0.80788,-0.79955,-0.79122,-0.77974,-0.76513,-0.75051,-0.73357,-0.71432,-0.69506,-0.67264,-0.64705,-0.62146,-0.592,-0.55866,-0.52531,-0.48908,-0.44993,-0.41079,-0.37129,-0.3314,-0.2915,-0.25368,-0.21792,-0.18216,-0.14985,-0.12098,-0.092102,-0.067267,-0.046469,-0.025669,-0.0086971,0.0044433,0.01758,0.027298,0.033597,0.039895,0.042858,0.042483,0.042105,0.039036,0.033275,0.027511,0.02014,0.011159,0.0021783,-0.0074702,-0.017786,-0.028104,-0.037598,-0.046269,-0.054939,-0.061249,-0.065199,-0.069148,-0.070365,-0.06885,-0.067335,-0.063555,-0.057508,-0.051459,-0.043815,-0.034577,-0.025341,-0.015219,-0.0042112,0.0067982,0.018201,0.029991,0.041782,0.053899,0.066341,0.078783,0.091721,0.10516,0.1186,0.13246,0.14676,0.16105,0.17507,0.18881,0.20254,0.21468,0.22521,0.23575,0.24328,0.2478,0.25233,0.25309,0.2501,0.2471,0.24082,0.23125,0.22169,0.21046,0.19756,0.18466,0.17195,0.15942,0.14689,0.13569,0.12581,0.11593,0.10749,0.10047,0.093454,0.08719,0.081678,0.076169,0.070527,0.064752,0.058979,0.052671,0.045827,0.03898,0.031983,0.024835,0.017687,0.011261,0.0055532,-0.00015419,-0.0044752,-0.0074103,-0.010345,-0.011784,-0.011728,-0.011671,-0.01072,-0.0088739,-0.0070285,-0.0053874,-0.0039503,-0.0025132,-0.0029996,-0.0054114,-0.0078244,-0.012128,-0.018325,-0.024523,-0.023021,-0.013815,-0.0046073
0,0,0,0,-0.45565,-0.44321,-0.40396,-0.33792,-0.27187,-0.19522,-0.10796,-0.020704,0.064491,0.14769,0.23088,0.30745,0.37743,0.44739,0.50434,0.54826,0.59218,0.59746,0.56411,0.53074,0.50133,0.47588,0.45042,0.41684,0.37514,0.33343,0.27582,0.10341,0.068259,0.031808,-0.0059268,-0.11998,-0.17381,-0.19674,-0.21965,-0.19261,-0.11557,0,0,0,0,0,0,0,0.089927,0.15573,0.17147,0.17311,0.16062,0.083264,0.076109,0,0,0,0.046621,0.070493,0.061522,0.055208,0.048896,0.044021,0.040586,0.037152,0.034352,0.032187,0.030023,0.027573,0.024836,0.022101,0.017469,0.010941,0.0044118,-0.0023169,-0.0092452,-0.016174,-0.017097,-0.012013,-0.0069271,0.0020319,0.014865,0.0277,0.033445,0.032101,0.030754,0.024277,0.01267,0.0010637,-0.011974,-0.026442,-0.040913,-0.057093,-0.074987,-0.092883,-0.10901,-0.12339,-0.13777,-0.15174,-0.16531,-0.17887,-0.19138,-0.20284,-0.21431,-0.22639,-0.23908,-0.25179,-0.26335,-0.27377,-0.2842,-0.29928,-0.31901,-0.33873,-0.36106,-0.386,-0.41094,-0.43578,-0.46051,-0.48523,-0.50171,-0.50996,-0.5182,-0.52077,-0.51765,-0.51453,-0.50928,-0.50189,-0.4945,-0.49289,-0.49707,-0.50125,-0.50616,-0.51179,-0.51743,-0.52772,-0.54266,-0.5576,-0.57227,-0.58666,-0.60105,-0.61216,-0.61998,-0.62779,-0.63815,-0.65107,-0.66398,-0.67759,-0.69188,-0.70618,-0.71384,-0.71488,-0.71592,-0.70953,-0.69572,-0.68191,-0.66099,-0.63298,-0.60496,-0.56714,-0.5195,-0.47187,-0.4348,-0.3929,-0.32636,-0.25688,-0.20798,-0.18525,-0.15844,-0.10722,-0.058003,-0.019692,0.019353,0.060808,0.097475,0.12273,0.1407,0.15787,0.17698,0.1969,0.21744,0.2419,0.27163,0.30059,0.31788,0.31932,0.31461,0.31365,0.31771,0.3265,0.34066,0.35793,0.37984,0.40405,0.4195,0.41421,0.39694,0.38872,0.39326,0.40452,0.41126,0.39795,0.37523,0.36305,0.35183,0.33203,0.30603,0.279,0.25606,0.24006,0.23139,0.22775,0.22568,0.22238,0.21569,0.20461,0.18978,0.17245,0.15436,0.13696,0.12133,0.10919,0.10021,0.09054,0.076658,0.059956,0.045778,0.038426,0.038481,0.043968,0.05249,0.060099,0.060092,0.047807,0.023444,-0.012196,-0.056568,-0.10309,-0.13638,-0.19122,-0.30522,-0.4254,-0.47322,-0.42759,-0.34888,-0.31699,-0.33525,-0.17899,0,0,0,0,0,0,0,0,0,0,0,0,0,0,0,0,0,0,0,0,0,0,0,0,0,0.0017773,0,0,0,0,0,0,0,0,0,-0.029159,-0.041316,-0.051619,-0.064655,-0.084076,-0.1133,-0.15469,-0.20843,-0.27324,-0.34439,-0.41224,-0.46262,-0.46831,-0.39431,-0.11931,-0.075169,-0.045312,-0.052364,-0.044994,-0.022316,0.0060829,0.016573,0.002166,-0.024119,-0.057871,-0.097985,-0.13991,-0.1784,-0.20541,-0.2106,-0.1923,-0.17046,-0.064544,0,0,0,0,0,0,0,0,0,0,0,0,-0.076782,-0.064053,-0.038389,-0.0095414,0.042423,0.01306,-0.019564,-0.034701,-0.049819,-0.059614,0,0,0,0,0,0,0,0,0,0,0,0,-0.030176,0,0,0,-0.15456,-0.16541,-0.17627,-0.17619,-0.16517,-0.15414,-0.139,-0.11973,-0.10045,-0.076939,-0.049187,-0.021435,0.014525,0.058695,0.10287,0.15327,0.20991,0.26655,0.32284,0.37878,0.43474,0.48049,0.51606,0.55162,0.57616,0.58968,0.6032,0.60675,0.60032,0.59388,0.57178,0.53397,0.49616,0.45115,0.39893,0.3467,0.29149,0.23328,0.17506,0.117,0.059095,0.0011914,-0.057513,-0.11702,-0.17654,-0.24106,-0.31057,-0.38008,-0.44098,-0.49328,-0.54558,-0.59516,-0.64201,-0.68885,-0.72478,-0.74977,-0.77477,-0.79039,-0.79664,-0.80289,-0.80283,-0.79645,-0.79008,-0.78009,-0.76647,-0.75286,-0.73679,-0.71828,-0.69977,-0.67815,-0.65343,-0.62871,-0.60005,-0.56746,-0.53487,-0.49935,-0.4609,-0.42247,-0.38375,-0.34474,-0.30573,-0.26868,-0.23361,-0.19854,-0.16667,-0.13801,-0.10934,-0.084541,-0.063611,-0.042679,-0.02549,-0.012051,0.0013848,0.011416,0.018039,0.02466,0.027836,0.027563,0.027288,0.024071,0.017914,0.011755,0.0038778,-0.0057168,-0.015311,-0.025316,-0.035729,-0.046143,-0.055422,-0.063564,-0.071707,-0.077424,-0.080714,-0.084003,-0.08467,-0.082714,-0.080759,-0.076665,-0.070431,-0.064196,-0.056381,-0.046988,-0.037597,-0.027177,-0.015727,-0.0042768,0.0077996,0.020498,0.033197,0.046413,0.060144,0.073874,0.088149,0.10297,0.11779,0.13291,0.14834,0.16377,0.17868,0.19308,0.20747,0.22004,0.23077,0.2415,0.24905,0.25344,0.25782,0.25836,0.25508,0.2518,0.24528,0.23552,0.22577,0.21445,0.20156,0.18868,0.17606,0.1637,0.15135,0.14032,0.13062,0.12092,0.11257,0.10558,0.098579,0.092238,0.086553,0.080867,0.074997,0.068941,0.062886,0.056307,0.049202,0.042094,0.034898,0.027613,0.020326,0.013833,0.0081313,0.0024299,-0.0017725,-0.0044743,-0.0071752,-0.0083329,-0.0079468,-0.0075607,-0.006227,-0.0039455,-0.0016642,0.00048571,0.0025046,0.0045232,0.0046354,0.0028406,0.0010456,-0.0035784,-0.011032,-0.018487,-0.018514,-0.011111,-0.0037054
0,0,0,0,-0.44201,-0.43372,-0.39932,-0.33881,-0.27829,-0.20748,-0.12637,-0.045262,0.034133,0.11187,0.1896,0.26081,0.32553,0.39022,0.44615,0.49331,0.54046,0.55431,0.53485,0.51539,0.49324,0.46842,0.44359,0.41131,0.37158,0.33185,0.27843,0.21136,0.14427,0.077649,0.011508,-0.054627,-0.10087,-0.12722,-0.15357,-0.13897,-0.083385,0,0,0,0,0,0,0,0,0.062092,0.074129,0.077092,0.070986,0,0,0,0,0,0,0.030298,0.026263,0.038361,0.033193,0.018246,0.016565,0.014885,0.013509,0.012437,0.011366,0.010211,0.0089738,0.0077368,0.0056276,0.0026453,-0.0057588,-0.011779,-0.018419,-0.025057,-0.023677,-0.014276,-0.0048742,0.0084982,0.025841,0.043184,0.048954,0.043149,0.03734,0.027846,0.014668,0.0014893,-0.011224,-0.023471,-0.035716,-0.049458,-0.0647,-0.079948,-0.093863,-0.10644,-0.11903,-0.13187,-0.14496,-0.15806,-0.17044,-0.1821,-0.19376,-0.20486,-0.2154,-0.22595,-0.23585,-0.24509,-0.25434,-0.26841,-0.28733,-0.30624,-0.3279,-0.35229,-0.37668,-0.40075,-0.42452,-0.44827,-0.46437,-0.47281,-0.48124,-0.48462,-0.48296,-0.48129,-0.47801,-0.47309,-0.46817,-0.46899,-0.47554,-0.48208,-0.4892,-0.49687,-0.50455,-0.51624,-0.53195,-0.54766,-0.56249,-0.57645,-0.59041,-0.60097,-0.60811,-0.61524,-0.62543,-0.63868,-0.65192,-0.66613,-0.68132,-0.69651,-0.70485,-0.70635,-0.70786,-0.70134,-0.6868,-0.67226,-0.65004,-0.62014,-0.59023,-0.55133,-0.50341,-0.45549,-0.42128,-0.38104,-0.31463,-0.24743,-0.20361,-0.18182,-0.15596,-0.11045,-0.066034,-0.031956,0.0032048,0.041055,0.080817,0.11488,0.14364,0.17125,0.19771,0.21905,0.23398,0.24763,0.26559,0.28456,0.29294,0.28827,0.27996,0.28176,0.2942,0.31179,0.33309,0.34987,0.36278,0.37321,0.38241,0.3867,0.38614,0.38731,0.38734,0.3788,0.36791,0.35648,0.34645,0.33969,0.32473,0.30145,0.27263,0.24396,0.22054,0.20334,0.19178,0.18523,0.18128,0.1771,0.16989,0.15833,0.14459,0.13241,0.12307,0.1146,0.1063,0.099791,0.094705,0.08732,0.074327,0.057798,0.044898,0.042036,0.051071,0.06901,0.089738,0.10588,0.1099,0.09727,0.069154,0.028831,-0.023534,-0.086924,-0.13519,-0.18311,-0.29539,-0.43937,-0.52295,-0.49945,-0.40634,-0.34281,-0.35519,-0.37896,0,0,0,0,0,0,0,0,0,0,0,0,0,0,0,0,0,0,0,0,0,0,0,0,0,0.0017773,0,0,0,0.0044291,0,0,0,-0.0060879,-0.010376,-0.026691,-0.038207,-0.050526,-0.066017,-0.08777,-0.11948,-0.16541,-0.22835,-0.30825,-0.40253,-0.50396,-0.59487,-0.63957,-0.57033,0,0,0,-0.018719,-0.01609,-0.0015517,0.016657,0.058016,0.042454,0.020963,-0.011235,-0.047551,-0.084116,-0.12065,-0.15012,-0.16204,-0.15561,-0.14485,-0.11809,0,0,0,0,0,0,0,0,0,0,0.036035,0.011727,-0.02937,-0.022264,-0.00037656,0.018284,0.025782,-0.017162,0,-0.066233,-0.090033,-0.1343,0,0,0,0,0,0,0,0,0,0,0,0,-0.075436,-0.061438,-0.078115,-0.09479,-0.19001,-0.1956,-0.20118,-0.19631,-0.18098,-0.16565,-0.14733,-0.12602,-0.1047,-0.077821,-0.045374,-0.012924,0.027089,0.074668,0.12225,0.17508,0.23317,0.29127,0.34791,0.40309,0.45827,0.5003,0.52918,0.55806,0.58098,0.59797,0.61495,0.6205,0.61461,0.60872,0.58707,0.54966,0.51224,0.4708,0.42535,0.3799,0.3296,0.27444,0.21927,0.16324,0.10634,0.049435,-0.010146,-0.072398,-0.13465,-0.20016,-0.26891,-0.33765,-0.39957,-0.45469,-0.50981,-0.56243,-0.61252,-0.66258,-0.70178,-0.73011,-0.75843,-0.77716,-0.78629,-0.79542,-0.79778,-0.79336,-0.78894,-0.78043,-0.76782,-0.7552,-0.74001,-0.72224,-0.70447,-0.68366,-0.65981,-0.63596,-0.60812,-0.57627,-0.54443,-0.50963,-0.47189,-0.43415,-0.39621,-0.35808,-0.31995,-0.28369,-0.2493,-0.21491,-0.18349,-0.15504,-0.12658,-0.10182,-0.080757,-0.059694,-0.042289,-0.02855,-0.014811,-0.0044668,0.0024796,0.0094259,0.012815,0.012643,0.012469,0.009106,0.0025526,-0.0040023,-0.012384,-0.022593,-0.0328,-0.04316,-0.053671,-0.064182,-0.073245,-0.080859,-0.088475,-0.093598,-0.096228,-0.098859,-0.098976,-0.09658,-0.094183,-0.089775,-0.083354,-0.076932,-0.068949,-0.059402,-0.049856,-0.039138,-0.027245,-0.015351,-0.0026023,0.011004,0.024612,0.038926,0.053945,0.068964,0.084576,0.10078,0.11699,0.13337,0.14993,0.16649,0.18229,0.19734,0.2124,0.22539,0.23632,0.24725,0.25483,0.25907,0.2633,0.26364,0.26006,0.25649,0.24974,0.23979,0.22985,0.21844,0.20557,0.1927,0.18017,0.16799,0.15581,0.14495,0.13543,0.1259,0.11766,0.11068,0.1037,0.097287,0.091427,0.085567,0.079467,0.073131,0.066793,0.059942,0.052576,0.04521,0.037815,0.03039,0.022966,0.016405,0.010709,0.0050145,0.00093131,-0.0015374,-0.0040044,-0.0048807,-0.0041656,-0.0034499,-0.0017337,0.00098334,0.0037003,0.0063588,0.008959,0.011559,0.01227,0.011093,0.009915,0.0049698,-0.0037397,-0.012448,-0.014005,-0.0084056,-0.0028028
0,0,0,0,-0.42686,-0.42215,-0.39248,-0.33785,-0.28322,-0.21821,-0.14281,-0.06739,0.0064055,0.078599,0.1508,0.21619,0.27481,0.33344,0.38641,0.43377,0.48111,0.50262,0.49832,0.49401,0.48036,0.45737,0.43437,0.40399,0.36622,0.32845,0.27951,0.21942,0.15932,0.10242,0.04874,-0.0049387,-0.044158,-0.068914,-0.093678,-0.085438,-0.044179,0,0,0,0,0,0,0,0,0,0,0,0,0,0,0,0,0,0,0,0,0.024947,0.021118,0,0,0,0,0,0,0,0,0,0,0,-0.0090354,-0.013757,-0.019168,-0.024579,-0.022471,-0.012839,-0.0032059,0.011557,0.031452,0.051349,0.05637,0.046511,0.03665,0.024923,0.011329,-0.0022655,-0.014073,-0.024093,-0.034111,-0.045404,-0.057969,-0.070535,-0.082259,-0.093135,-0.10401,-0.11545,-0.12744,-0.13942,-0.15126,-0.16294,-0.17461,-0.18506,-0.19427,-0.20348,-0.21233,-0.2208,-0.22927,-0.24234,-0.26002,-0.2777,-0.2982,-0.32152,-0.34484,-0.36785,-0.39056,-0.41327,-0.42901,-0.43779,-0.44656,-0.45082,-0.45055,-0.45029,-0.4491,-0.44698,-0.44486,-0.44731,-0.45435,-0.46138,-0.46946,-0.47858,-0.4877,-0.50053,-0.51707,-0.53361,-0.54891,-0.56299,-0.57707,-0.58768,-0.59481,-0.60194,-0.61259,-0.62676,-0.64093,-0.65612,-0.67232,-0.68852,-0.69742,-0.69902,-0.70063,-0.69356,-0.67782,-0.66208,-0.63813,-0.60598,-0.57382,-0.53334,-0.48453,-0.43573,-0.4014,-0.36634,-0.30411,-0.23978,-0.19667,-0.16742,-0.13972,-0.10371,-0.065064,-0.031306,-0.00067017,0.031077,0.070121,0.11206,0.15323,0.1922,0.22389,0.24175,0.24374,0.23821,0.23774,0.24512,0.25064,0.25191,0.25217,0.26019,0.2772,0.29757,0.3198,0.33465,0.34373,0.35082,0.36263,0.37449,0.37725,0.36829,0.35644,0.34417,0.33316,0.32878,0.3217,0.30984,0.2897,0.26174,0.22969,0.20026,0.17739,0.15948,0.14537,0.13568,0.13001,0.12421,0.11575,0.10522,0.095871,0.091745,0.091418,0.09133,0.091252,0.091691,0.0903,0.083915,0.071842,0.058001,0.050417,0.056672,0.078718,0.11108,0.14224,0.16011,0.1591,0.14004,0.10654,0.062447,0.0077246,-0.059631,-0.12938,-0.19375,-0.28301,-0.40551,-0.52062,-0.55436,-0.48713,-0.40608,-0.38357,-0.40294,-0.18143,-0.11808,0,0,0,0,0,0,0,0,0,0,0,0,0,0,0,0,0,0,0,0,0,0,0,0,0.020386,0.023771,0.021596,0.016769,0.0020209,-0.0051575,-0.0080615,-0.016766,-0.024784,-0.030792,-0.039198,-0.051236,-0.067645,-0.090301,-0.1223,-0.16773,-0.23092,-0.31553,-0.42342,-0.55044,-0.6759,-0.75586,-0.73956,0,0,0,-1.5179e-05,0,0,0,0.036094,0.02982,0.020843,0.023792,0.0023591,-0.027935,-0.066518,-0.098367,-0.11524,-0.11727,-0.11263,-0.094402,0,0,0,0,0,0,0,0,0,0,0.10064,0.03481,-0.0041328,-0.012457,-0.010187,-0.023228,-0.055795,-0.061943,-0.011485,-0.043175,-0.088912,-0.20094,0,0,0,-0.025259,-0.071367,-0.076003,0,0,0,0,-0.026289,0,-0.04526,-0.061438,-0.16921,-0.2011,-0.21667,-0.21592,-0.21516,-0.20556,-0.18711,-0.16866,-0.148,-0.12512,-0.10224,-0.072883,-0.037034,-0.0011795,0.041865,0.0921,0.14234,0.1967,0.25519,0.31368,0.36989,0.42382,0.47774,0.51722,0.54228,0.56733,0.58919,0.60786,0.62653,0.63333,0.62826,0.62319,0.60263,0.56659,0.53054,0.49192,0.45073,0.40954,0.36322,0.31177,0.2603,0.20686,0.15145,0.096021,0.036555,-0.026942,-0.090442,-0.15663,-0.22551,-0.29438,-0.3575,-0.41486,-0.47223,-0.52726,-0.57992,-0.63256,-0.67471,-0.70637,-0.73801,-0.76005,-0.77247,-0.78488,-0.79012,-0.78819,-0.78625,-0.77969,-0.76851,-0.75732,-0.74324,-0.72627,-0.70929,-0.68923,-0.66606,-0.6429,-0.61576,-0.58464,-0.55352,-0.51945,-0.48244,-0.44542,-0.40818,-0.37071,-0.33324,-0.29758,-0.26372,-0.22985,-0.19888,-0.17079,-0.14269,-0.1182,-0.097307,-0.076417,-0.059103,-0.045373,-0.031642,-0.021097,-0.013735,-0.0063715,-0.0028632,-0.0032106,-0.0035611,-0.0070191,-0.013585,-0.020153,-0.028592,-0.038901,-0.04921,-0.059515,-0.069816,-0.080117,-0.088828,-0.095949,-0.10307,-0.10776,-0.11002,-0.11227,-0.11215,-0.10965,-0.10715,-0.10269,-0.096275,-0.08986,-0.081801,-0.072095,-0.06239,-0.051283,-0.038771,-0.026262,-0.012631,0.0021266,0.016883,0.032503,0.048987,0.065471,0.08251,0.10011,0.11771,0.13527,0.15278,0.1703,0.18677,0.20219,0.21761,0.23072,0.24153,0.25234,0.2597,0.26362,0.26753,0.2676,0.26382,0.26004,0.25322,0.24337,0.23352,0.22234,0.20981,0.19728,0.18511,0.17329,0.16148,0.15089,0.14154,0.13219,0.12394,0.11681,0.10968,0.10298,0.096703,0.090426,0.083895,0.077113,0.070332,0.063137,0.055531,0.047925,0.040415,0.033003,0.025593,0.019136,0.013637,0.008139,0.0043085,0.0021473,-1.261e-05,-0.00059318,0.00040689,0.0014073,0.0033637,0.0062763,0.0091888,0.012071,0.014923,0.017775,0.018769,0.017903,0.017037,0.012378,0.0039261,-0.0045276,-0.0072977,-0.00438,-0.0014603
0,0,0,0,-0.41019,-0.40847,-0.38343,-0.33505,-0.28666,-0.2274,-0.15726,-0.087092,-0.018714,0.047871,0.11446,0.1736,0.22531,0.27703,0.32513,0.36964,0.41415,0.44245,0.45453,0.46661,0.46268,0.44273,0.42278,0.39489,0.35907,0.32325,0.27905,0.22647,0.17389,0.12389,0.076481,0.029072,-0.0036962,-0.021835,-0.039968,-0.03201,0.0020383,0.027798,0.029511,0.017711,0,0,0,0,0,0,0,0,0,0,0,0,0,0,0,0,0,0.0099784,0.0084466,0,0,0,0,0,0,0,0,0,0,0,-0.0036139,-0.0055023,-0.0076663,-0.0098311,-0.0089879,-0.0051356,-0.0012821,0.0056918,0.015788,0.025887,0.055695,0.042194,0.028689,0.015509,0.0026552,-0.010198,-0.02052,-0.028308,-0.036096,-0.044921,-0.054785,-0.064647,-0.074204,-0.083459,-0.049182,-0.054479,-0.06004,-0.12298,-0.13386,-0.14536,-0.15687,-0.16697,-0.17568,-0.18438,-0.19279,-0.2009,-0.209,-0.22106,-0.23708,-0.2531,-0.27196,-0.29369,-0.31542,-0.33707,-0.35864,-0.38021,-0.39563,-0.40491,-0.41419,-0.41937,-0.42045,-0.42152,-0.42256,-0.42356,-0.42455,-0.42787,-0.4335,-0.43914,-0.44694,-0.45691,-0.46687,-0.48057,-0.49801,-0.51545,-0.53154,-0.54628,-0.56103,-0.57229,-0.58008,-0.58787,-0.59962,-0.61533,-0.63103,-0.64755,-0.66488,-0.68222,-0.69155,-0.69289,-0.69423,-0.68619,-0.66877,-0.65135,-0.62526,-0.59048,-0.55571,-0.51318,-0.46288,-0.41258,-0.37788,-0.34475,-0.2897,-0.22905,-0.18134,-0.14812,-0.11795,-0.087586,-0.054757,-0.019488,0.012837,0.043343,0.077442,0.11821,0.16327,0.20435,0.23113,0.23712,0.22495,0.20745,0.19787,0.20054,0.20994,0.22219,0.23383,0.24804,0.26537,0.28367,0.3042,0.31825,0.32794,0.3358,0.34817,0.3505,0.34349,0.33543,0.32482,0.32084,0.31675,0.3099,0.29516,0.27315,0.24596,0.213,0.18077,0.15203,0.12633,0.10805,0.095949,0.085857,0.075872,0.06476,0.054568,0.051651,0.054965,0.058361,0.060346,0.062822,0.068968,0.078003,0.083863,0.08171,0.073344,0.065625,0.067775,0.087944,0.12641,0.17191,0.20646,0.21686,0.20294,0.17317,0.13485,0.089692,0.035015,-0.031892,-0.10946,-0.19211,-0.27305,-0.36417,-0.48256,-0.54849,-0.5329,-0.47179,-0.41604,-0.40576,-0.37533,-0.28613,0,0,0,0,0,0,0,0,0,0,0,0,0,0,0,0,0,0,0,0,0,0,0,0,0.048586,0.056933,0.051622,0.031973,0.0086107,-0.0098347,-0.020909,-0.02814,-0.034399,-0.039253,-0.045088,-0.055088,-0.070483,-0.092172,-0.12213,-0.16381,-0.22198,-0.30233,-0.4089,-0.53853,-0.6693,-0.75392,-0.76156,0,0,0,0,0,0,0,0,0,0,0.018855,0.013869,5.0773e-06,-0.022138,-0.053197,-0.073323,-0.078649,-0.07565,-0.068627,0,0,0,0,0,0,0,0,0.23427,0,0.064607,0.023083,-0.017338,-0.042629,-0.063738,-0.094131,-0.11118,-0.084397,-0.045615,-0.048227,-0.14253,-0.26255,-0.13815,0,-0.010289,-0.0029284,-0.034628,-0.031316,0,0,0,0,-0.064961,0,0,0,-0.19518,-0.22415,-0.23455,-0.22638,-0.21821,-0.20393,-0.18356,-0.16318,-0.14101,-0.11704,-0.093085,-0.062126,-0.024168,0.013793,0.058845,0.11099,0.16314,0.21813,0.27597,0.3338,0.3888,0.44097,0.49313,0.53125,0.55535,0.57945,0.60078,0.61935,0.63792,0.64522,0.64125,0.63729,0.61846,0.58477,0.55108,0.51451,0.47508,0.43564,0.39237,0.34526,0.29815,0.24786,0.19441,0.14094,0.082591,0.019355,-0.043894,-0.11047,-0.18038,-0.25029,-0.31478,-0.3738,-0.43284,-0.48966,-0.54422,-0.59878,-0.64356,-0.67854,-0.71352,-0.73906,-0.75517,-0.77127,-0.77986,-0.78094,-0.78201,-0.77788,-0.76854,-0.7592,-0.74648,-0.73037,-0.71425,-0.69486,-0.6722,-0.64953,-0.62299,-0.59257,-0.56216,-0.52881,-0.49255,-0.45629,-0.41965,-0.38262,-0.3456,-0.31034,-0.27685,-0.24336,-0.21283,-0.18526,-0.15768,-0.13369,-0.11326,-0.092844,-0.075928,-0.062516,-0.049105,-0.038466,-0.030598,-0.022731,-0.019197,-0.019998,-0.020803,-0.024304,-0.030499,-0.036697,-0.044744,-0.054642,-0.06454,-0.074381,-0.084165,-0.093949,-0.10217,-0.10883,-0.11549,-0.11991,-0.12208,-0.12425,-0.1242,-0.12192,-0.11965,-0.1154,-0.10919,-0.10298,-0.094939,-0.085065,-0.075193,-0.063606,-0.050307,-0.03701,-0.022288,-0.0061373,0.010011,0.027145,0.04527,0.063395,0.081955,0.10095,0.11996,0.13861,0.15692,0.17522,0.19212,0.20761,0.22311,0.23604,0.24641,0.25679,0.26368,0.26709,0.2705,0.27025,0.26634,0.26243,0.25574,0.24627,0.2368,0.22613,0.21427,0.20241,0.19086,0.17961,0.16836,0.15814,0.14895,0.13976,0.13143,0.12397,0.11651,0.10932,0.10238,0.095443,0.088281,0.080892,0.073503,0.065895,0.058065,0.050236,0.042696,0.03545,0.028204,0.022024,0.016914,0.011804,0.008358,0.0065783,0.0047996,0.0045297,0.0057699,0.0070103,0.0090645,0.011933,0.014801,0.017622,0.020397,0.023172,0.02413,0.023271,0.022411,0.018641,0.011959,0.0052728,0.0016073,0.00096449,0.00032164
0,0,0,0,-0.39353,-0.39481,-0.37438,-0.33225,-0.29011,-0.23659,-0.17169,-0.10679,-0.043846,0.017148,0.078115,0.13099,0.17581,0.22062,0.26386,0.30552,0.3472,0.38228,0.41074,0.43921,0.44499,0.42809,0.41118,0.38579,0.35192,0.31805,0.27858,0.23352,0.18847,0.14537,0.10422,0.063073,0.03675,0.025238,0.013736,0.021409,0.048248,0.075095,0.073768,0.044271,0,0,0,0,0,0,0,0,0,0,0,0,0,0,0,0,0,0,0,0,0,0,0,0,0,0,0,0,0,0,0,0,0,0,0,0,0,0,0,0,0.027678,0.037874,0.020728,0.006097,-0.0060158,-0.018128,-0.026963,-0.03252,-0.038076,-0.044433,-0.026596,-0.030852,-0.03509,-0.073782,0,0,0,-0.10653,-0.11645,-0.12779,-0.13912,-0.14888,-0.15708,-0.16529,-0.17326,-0.181,-0.18874,-0.19979,-0.21414,-0.22849,-0.24573,-0.26587,-0.286,-0.30628,-0.32672,-0.34715,-0.36225,-0.37204,-0.38183,-0.38793,-0.39035,-0.39276,-0.39603,-0.40014,-0.40425,-0.40842,-0.41266,-0.4169,-0.42442,-0.43522,-0.44604,-0.46061,-0.47895,-0.49729,-0.51417,-0.52958,-0.54498,-0.55691,-0.56536,-0.5738,-0.58664,-0.60389,-0.62114,-0.639,-0.65746,-0.67592,-0.68568,-0.68676,-0.68784,-0.67883,-0.65973,-0.64063,-0.61238,-0.575,-0.53761,-0.49301,-0.44121,-0.38942,-0.3535,-0.31759,-0.26399,-0.20889,-0.16261,-0.12909,-0.1005,-0.071189,-0.040849,-0.0037136,0.037104,0.070244,0.098615,0.1301,0.16483,0.19275,0.20442,0.19814,0.18082,0.16446,0.15921,0.16866,0.18719,0.20809,0.22493,0.23928,0.25327,0.26772,0.28608,0.29954,0.30809,0.31193,0.31139,0.30685,0.30506,0.30705,0.30292,0.29736,0.29332,0.28795,0.27099,0.23266,0.18712,0.15562,0.13389,0.10528,0.071795,0.052879,0.035533,0.031094,0.024356,-0.0026259,-0.0086538,0.010919,0.031353,0.038208,0.033892,0.030203,0.03756,0.055026,0.0726,0.083043,0.086104,0.088523,0.10233,0.13672,0.18849,0.23916,0.26616,0.26094,0.23211,0.19362,0.15332,0.1097,0.057159,-0.0081357,-0.085418,-0.17204,-0.26747,-0.37269,-0.49371,-0.592,-0.64201,-0.58774,-0.50044,-0.45566,-0.41637,-0.3781,0,0,0,0,0,0,0,0,0,0,0,0,0,0,0,0,0,0,0,0,0,0,0,0,0.061093,0.072236,0.066079,0.045296,0.018294,-0.0071571,-0.026948,-0.039264,-0.045758,-0.049787,-0.05424,-0.061983,-0.074874,-0.093734,-0.11986,-0.15601,-0.20652,-0.27607,-0.36704,-0.47494,-0.58123,-0.64809,-0.63227,-0.17229,0,0,0,0,0,0,0,0,0,0,0,0,-0.00148,-0.01627,-0.039938,-0.044894,-0.051518,-0.053351,0,0,0,0,0,0,0,0,0.59811,0,0,0,-0.052266,-0.09427,-0.14056,-0.18066,-0.17984,-0.13905,-0.1052,-0.14236,-0.24938,-0.33265,-0.26522,-0.045617,-0.024939,0.069227,0.16541,0.18847,0.10176,0.040191,-0.007595,-0.028381,-0.089718,0,0,0,-0.22114,-0.24719,-0.25243,-0.23684,-0.22126,-0.20231,-0.18,-0.15769,-0.13401,-0.10897,-0.083922,-0.051371,-0.011303,0.028766,0.075826,0.12988,0.18394,0.23956,0.29673,0.35391,0.40771,0.45811,0.50851,0.54528,0.56842,0.59156,0.61237,0.63084,0.6493,0.65711,0.65425,0.65139,0.63429,0.60296,0.57162,0.53711,0.49942,0.46173,0.42151,0.37875,0.33599,0.28885,0.23736,0.18586,0.12862,0.065639,0.0026514,-0.064314,-0.13526,-0.20621,-0.27205,-0.33274,-0.39345,-0.45205,-0.50853,-0.56501,-0.61241,-0.65071,-0.68901,-0.71806,-0.73786,-0.75766,-0.7696,-0.77369,-0.77777,-0.77606,-0.76858,-0.76109,-0.74972,-0.73446,-0.71921,-0.7005,-0.67833,-0.65616,-0.63022,-0.60051,-0.5708,-0.53818,-0.50267,-0.46716,-0.43111,-0.39453,-0.35794,-0.3231,-0.28998,-0.25686,-0.22677,-0.19973,-0.17267,-0.14917,-0.12922,-0.10927,-0.092751,-0.07966,-0.066569,-0.055836,-0.047461,-0.039089,-0.035531,-0.036786,-0.038046,-0.041589,-0.047413,-0.053239,-0.060895,-0.070382,-0.079869,-0.089246,-0.098513,-0.10778,-0.11551,-0.12171,-0.12791,-0.13205,-0.13414,-0.13622,-0.13624,-0.13419,-0.13215,-0.12812,-0.12211,-0.1161,-0.10808,-0.098037,-0.087997,-0.075932,-0.061845,-0.047756,-0.031942,-0.014402,0.0031367,0.021788,0.041552,0.061316,0.0814,0.1018,0.12221,0.14195,0.16105,0.18014,0.19747,0.21304,0.2286,0.24135,0.25129,0.26123,0.26765,0.27056,0.27346,0.2729,0.26886,0.26482,0.25826,0.24917,0.24008,0.22993,0.21874,0.20755,0.19661,0.18592,0.17524,0.16538,0.15636,0.14733,0.13892,0.13113,0.12335,0.11565,0.10805,0.10046,0.092664,0.084669,0.076674,0.068651,0.0606,0.052547,0.044979,0.037897,0.030814,0.024913,0.020192,0.01547,0.012408,0.01101,0.0096117,0.0096523,0.011132,0.012613,0.014765,0.017589,0.020412,0.023173,0.02587,0.028568,0.02949,0.028638,0.027785,0.024901,0.019986,0.01507,0.010511,0.006308,0.00060638
0,0,0,0,-0.38004,-0.38332,-0.36619,-0.32864,-0.2911,-0.24217,-0.18186,-0.12155,-0.063164,-0.0066932,0.049747,0.098025,0.13816,0.17829,0.21732,0.25525,0.29318,0.32994,0.36553,0.40114,0.41427,0.4049,0.39553,0.3753,0.34419,0.31309,0.2781,0.23924,0.20038,0.16335,0.12816,0.092971,0.071469,0.063641,0.055818,0.061086,0.079436,0.097789,0.092319,0.063024,0,0,0,0,0,0,0,0,0,0,0,0,0,0,0,0,0,0,0,0,0,0,0,0,0,0,0,0,0,0,0,0,0,0,0,0,0,0,0,0,0,0.029758,0.013954,0.0011598,-0.0086249,-0.018409,-0.02515,-0.028851,-0.032552,-0.036822,0,0,0,-0.057454,0,0,0,-0.081917,-0.089788,-0.099161,-0.10853,-0.12006,-0.13375,-0.14745,-0.15784,-0.16493,-0.17202,-0.18211,-0.19521,-0.20831,-0.22396,-0.24216,-0.26036,-0.27904,-0.2982,-0.31736,-0.33204,-0.34222,-0.35241,-0.35905,-0.36216,-0.36526,-0.36963,-0.37526,-0.38089,-0.38546,-0.38897,-0.39249,-0.39977,-0.41081,-0.42185,-0.43686,-0.45583,-0.47479,-0.49252,-0.50901,-0.5255,-0.53866,-0.54848,-0.55829,-0.57264,-0.59153,-0.61043,-0.6297,-0.64933,-0.66897,-0.67956,-0.68111,-0.68266,-0.67339,-0.65332,-0.63324,-0.60197,-0.5595,-0.51704,-0.46911,-0.41573,-0.36235,-0.32356,-0.28706,-0.23432,-0.18221,-0.14084,-0.11016,-0.084813,-0.057414,-0.027017,0.011228,0.05385,0.086714,0.11028,0.13253,0.15232,0.16113,0.15782,0.14707,0.13566,0.13088,0.13873,0.16001,0.18527,0.20678,0.2203,0.22946,0.23965,0.24804,0.25947,0.26813,0.2699,0.26524,0.25958,0.2658,0.27449,0.27481,0.26845,0.26043,0.25508,0.25069,0.24011,0.20501,0.1493,0.11634,0.10381,0.071354,0.040317,0.022975,0,0,0,-0.044159,-0.055431,-0.0093886,0.02579,0.031771,0.016589,0.0043292,0.0075673,0.026264,0.056803,0.090318,0.11508,0.13258,0.15693,0.1977,0.24817,0.2874,0.29678,0.27574,0.23841,0.19855,0.16036,0.11984,0.070952,0.0098502,-0.064309,-0.15232,-0.25648,-0.37876,-0.51987,-0.67301,-0.79207,-0.79267,-0.68691,-0.54624,-0.47064,-0.46051,-0.19874,0,0,0,0,0,0,0,0,0,0,0,0,0,0,0,0,0,0,0,0,0,0,0.025326,0.069985,0.081854,0.07619,0.055813,0.027629,-0.0018645,-0.027271,-0.045247,-0.055474,-0.060728,-0.064888,-0.07093,-0.080716,-0.095385,-0.11621,-0.14536,-0.18586,-0.24062,-0.31011,-0.38847,-0.46084,-0.50164,-0.46695,-0.32318,0,0,0,0,0,0,0,0,0,0,0,0,0,0,-0.012812,-0.015003,-0.023157,-0.025581,0,0,0,0,0,0,0,0,0.80222,0,0,0,-0.072661,-0.1329,-0.21972,-0.29042,-0.29454,-0.23749,-0.18897,-0.21625,-0.14558,-0.1817,-0.12708,-0.045617,-0.01465,0.046897,0.30429,0.37079,0.25198,0.088525,-0.014434,-0.05637,-0.10527,0,0,0,-0.24226,-0.26209,-0.26081,-0.23841,-0.216,-0.1932,-0.17,-0.14679,-0.12244,-0.096921,-0.071405,-0.038116,0.002961,0.044045,0.091708,0.14595,0.20021,0.25518,0.31085,0.36654,0.41864,0.46718,0.51571,0.55228,0.5769,0.60152,0.62211,0.63865,0.6552,0.66278,0.6614,0.66001,0.64489,0.61606,0.58722,0.55512,0.51973,0.48434,0.44711,0.40802,0.36892,0.32497,0.27614,0.2273,0.17183,0.10973,0.047631,-0.018863,-0.089745,-0.16062,-0.22756,-0.29054,-0.35353,-0.41363,-0.47083,-0.52803,-0.57742,-0.61897,-0.66053,-0.69305,-0.71654,-0.74004,-0.75547,-0.76281,-0.77016,-0.77125,-0.76608,-0.76091,-0.75133,-0.73735,-0.72336,-0.7056,-0.68406,-0.66252,-0.63721,-0.60813,-0.57906,-0.5471,-0.51228,-0.47746,-0.44193,-0.40569,-0.36947,-0.33492,-0.30206,-0.26918,-0.23949,-0.21297,-0.18644,-0.1635,-0.14415,-0.1248,-0.10879,-0.096123,-0.083455,-0.073024,-0.064828,-0.056632,-0.053066,-0.054128,-0.055192,-0.058373,-0.063671,-0.068971,-0.076036,-0.084866,-0.093696,-0.10244,-0.11109,-0.11974,-0.127,-0.13287,-0.13875,-0.14279,-0.145,-0.14721,-0.14748,-0.1458,-0.14412,-0.14038,-0.13457,-0.12876,-0.12067,-0.11033,-0.099979,-0.087288,-0.072252,-0.057216,-0.040202,-0.021207,-0.002213,0.017955,0.039297,0.060637,0.082122,0.10375,0.12538,0.14601,0.16564,0.18528,0.20279,0.21818,0.23357,0.24592,0.25524,0.26456,0.27039,0.27275,0.27511,0.27428,0.27025,0.26622,0.25998,0.25153,0.24308,0.23371,0.22342,0.21313,0.20297,0.19294,0.18291,0.17341,0.16445,0.15549,0.14686,0.13856,0.13026,0.12193,0.11356,0.10518,0.096697,0.088096,0.079494,0.071099,0.06291,0.05472,0.047247,0.04049,0.033734,0.028254,0.024049,0.019842,0.017213,0.016165,0.015117,0.015356,0.016881,0.018407,0.02045,0.02301,0.025569,0.027974,0.030225,0.032476,0.033098,0.03209,0.031081,0.028575,0.024569,0.020563,0.015469,0.0092823,0
0,0,0,0,-0.36971,-0.374,-0.35885,-0.32424,-0.28962,-0.24413,-0.18776,-0.13139,-0.07668,-0.023663,0.029353,0.074697,0.11237,0.15003,0.1855,0.21879,0.25207,0.28545,0.31894,0.35242,0.37049,0.37315,0.37581,0.36339,0.33589,0.30838,0.27762,0.24362,0.20963,0.17785,0.14831,0.11877,0.10046,0.093374,0.086285,0.087031,0.095606,0.10418,0.099926,0.082836,0.040877,0.031775,0.019069,0,0,0,0,0,0,0,0,0,0,0,0,0,0,0,0,0,0,0,0,0,0,0,0,0,0,0,0,0,0,0,0,0,0,0,0,0,0,0.011903,0.0055813,0.00046372,-0.0034498,-0.0073626,-0.010059,-0.011539,-0.01302,-0.014728,0,0,0,-0.022983,0,0,0,-0.032766,-0.035915,-0.039664,-0.043411,-0.05014,-0.10568,-0.13086,-0.14653,-0.15269,-0.15884,-0.16805,-0.18031,-0.19256,-0.20665,-0.22257,-0.23849,-0.25533,-0.27309,-0.29085,-0.30497,-0.31545,-0.32594,-0.33275,-0.33589,-0.33903,-0.34337,-0.34892,-0.35446,-0.35897,-0.36245,-0.36592,-0.37298,-0.38365,-0.39432,-0.40932,-0.42863,-0.44795,-0.46661,-0.4846,-0.50259,-0.51754,-0.52944,-0.54134,-0.55761,-0.57825,-0.5989,-0.61965,-0.64051,-0.66136,-0.67317,-0.67593,-0.67869,-0.66989,-0.64954,-0.62919,-0.59401,-0.544,-0.49399,-0.44146,-0.38641,-0.33137,-0.29114,-0.25527,-0.20319,-0.15183,-0.11469,-0.089371,-0.068681,-0.046217,-0.017712,0.017212,0.052207,0.078551,0.098356,0.11604,0.12615,0.1248,0.11829,0.11394,0.11517,0.1244,0.14287,0.16712,0.18775,0.20162,0.20586,0.20722,0.21393,0.21473,0.21604,0.21466,0.20952,0.20899,0.21491,0.22669,0.23233,0.2298,0.22008,0.20725,0.19529,0.18607,0.17653,0.16787,0.12508,0.053894,0.064705,0.04427,0.039239,0.023903,0,0,0,-0.023792,-0.046441,-0.01805,0.025565,0.038811,0.023002,0.014227,0.025525,0.025757,0.049851,0.10894,0.15682,0.19226,0.22487,0.26052,0.29143,0.30443,0.29311,0.26281,0.22565,0.19005,0.15608,0.11932,0.075635,0.021699,-0.045674,-0.12976,-0.23382,-0.3604,-0.50927,-0.67123,-0.82427,-0.92289,-0.82373,-0.62244,-0.57592,-0.55927,-0.42255,-0.14551,0,0,0,0,0,0,0,0,0,0,0,0,0,0,0,0,0,0,0,0,0,0.053302,0.077003,0.088172,0.082762,0.066597,0.045715,0.019132,-0.0091594,-0.03635,-0.058691,-0.070288,-0.075854,-0.081018,-0.087713,-0.09745,-0.11187,-0.1329,-0.1625,-0.20201,-0.25087,-0.30409,-0.3503,-0.37168,-0.34797,-0.28926,-0.11389,-0.08565,0,0,0,0,0,0,0,0,0,0,0,0,0,0,0,0,0,0,0,0,0,0,0,0,0.83951,0,0,0,-0.073992,-0.14108,-0.28474,-0.40519,-0.43564,-0.37008,-0.27747,-0.11995,0,0,0,0,0,0,0.32969,0.49549,0.38918,0.14595,-0.012861,-0.055594,-0.11163,0,0,0,-0.25852,-0.26885,-0.25971,-0.23108,-0.20246,-0.17661,-0.15355,-0.13049,-0.10628,-0.080909,-0.055539,-0.02236,0.018629,0.059628,0.10649,0.15921,0.21194,0.26498,0.31833,0.37167,0.42162,0.46817,0.51472,0.55225,0.58079,0.60933,0.63,0.64281,0.65562,0.66225,0.66269,0.66314,0.65027,0.62409,0.5979,0.56854,0.53601,0.50347,0.46915,0.43306,0.39696,0.35619,0.31075,0.2653,0.21228,0.15166,0.091055,0.025894,-0.043825,-0.11352,-0.18131,-0.24721,-0.3131,-0.37441,-0.43112,-0.48784,-0.53857,-0.58332,-0.62807,-0.66403,-0.69122,-0.71842,-0.73745,-0.74832,-0.75919,-0.76344,-0.76105,-0.75866,-0.75131,-0.73901,-0.7267,-0.71016,-0.68938,-0.6686,-0.64396,-0.61545,-0.58694,-0.55558,-0.52138,-0.48718,-0.45209,-0.41612,-0.38015,-0.3458,-0.31307,-0.28033,-0.25096,-0.22498,-0.199,-0.1767,-0.15807,-0.13944,-0.12405,-0.11191,-0.099762,-0.090026,-0.082695,-0.075364,-0.071806,-0.072022,-0.072239,-0.074656,-0.079274,-0.083892,-0.090165,-0.098093,-0.10602,-0.11395,-0.12188,-0.12982,-0.13663,-0.14231,-0.148,-0.15212,-0.15467,-0.15722,-0.15791,-0.15674,-0.15558,-0.15218,-0.14656,-0.14094,-0.13273,-0.12193,-0.11113,-0.097667,-0.081528,-0.065388,-0.047065,-0.02655,-0.0060354,0.015647,0.038504,0.061358,0.084122,0.1068,0.12947,0.15078,0.17071,0.19064,0.20809,0.22305,0.23801,0.24975,0.25826,0.26677,0.2719,0.27367,0.27544,0.27439,0.2705,0.26662,0.2609,0.25335,0.24579,0.23745,0.22831,0.21918,0.20996,0.20067,0.19137,0.18223,0.17323,0.16422,0.15523,0.14625,0.13727,0.12815,0.11888,0.10962,0.10038,0.091173,0.081964,0.073238,0.064996,0.056753,0.049497,0.043229,0.036964,0.032048,0.028484,0.024921,0.022775,0.022045,0.021316,0.021639,0.023016,0.024394,0.02612,0.028195,0.03027,0.032025,0.033461,0.034897,0.034953,0.033628,0.032304,0.029664,0.025708,0.021753,0.016481,0.0098887,0.0016999
0,0,0,0,-0.35939,-0.36469,-0.35151,-0.31983,-0.28815,-0.24609,-0.19366,-0.14122,-0.09021,-0.040623,0.0089702,0.051372,0.086576,0.12178,0.1537,0.18233,0.21097,0.24097,0.27234,0.3037,0.32672,0.34141,0.35609,0.35148,0.32758,0.30367,0.27715,0.248,0.21886,0.19235,0.16846,0.14458,0.12946,0.1231,0.11675,0.11298,0.11177,0.11057,0.10753,0.10264,0.09775,0.079424,0.047663,0,0,0,0,0,0,0,0,0,0,0,0,0,0,0,0,0,0,0,0,0,0,0,0,0,0,0,0,0,0,0,0,0,0,0,0,0,0,0,0,0,0,0,0,0,0,0,0,0,0,0,0,0,0,0,0,0,0,0,-0.077616,-0.11427,-0.13521,-0.14044,-0.14567,-0.15398,-0.1654,-0.17682,-0.18934,-0.20298,-0.21661,-0.23161,-0.24798,-0.26435,-0.27792,-0.2887,-0.29947,-0.30645,-0.30962,-0.31279,-0.31711,-0.32258,-0.32804,-0.33249,-0.33592,-0.33934,-0.34619,-0.35649,-0.36679,-0.38176,-0.40144,-0.42111,-0.4407,-0.46019,-0.47968,-0.49642,-0.51041,-0.5244,-0.54259,-0.56498,-0.58736,-0.6096,-0.63168,-0.65376,-0.66678,-0.67076,-0.67472,-0.66639,-0.64577,-0.62514,-0.58605,-0.5285,-0.47095,-0.41382,-0.3571,-0.30039,-0.25973,-0.21979,-0.1649,-0.11898,-0.089694,-0.072796,-0.059811,-0.042507,-0.018026,0.011415,0.039323,0.059325,0.075558,0.090102,0.098339,0.10151,0.10537,0.11364,0.12489,0.13704,0.15026,0.16291,0.17014,0.17269,0.16663,0.16042,0.1628,0.16198,0.16098,0.15692,0.15329,0.15966,0.16941,0.17731,0.17899,0.17258,0.15841,0.13848,0.11559,0.093166,0.075488,0.063652,0.043391,0,0.0029329,0.0084874,0.026919,0.015726,0,0,0,0.0017648,-0.0085397,-0.011923,0.012897,0.037613,0.033514,0.016713,0.058502,0.053771,0.072873,0.1419,0.19972,0.2454,0.2823,0.30665,0.31034,0.29348,0.26529,0.23371,0.20288,0.17374,0.14444,0.11238,0.074581,0.027346,-0.034038,-0.11422,-0.21613,-0.34163,-0.49062,-0.65534,-0.81234,-0.92379,-0.87234,-0.73945,-0.69124,-0.60578,-0.43504,-0.28783,-0.10887,0,0,0,0,0,0,0,0,0,0,0,0,0,0,0,0,0,0,0,0.016196,0.057884,0.081659,0.092077,0.090414,0.087424,0.081324,0.060443,0.028589,-0.010522,-0.050641,-0.075775,-0.086275,-0.09137,-0.095219,-0.099863,-0.10747,-0.12012,-0.13926,-0.16528,-0.19704,-0.23113,-0.26091,-0.27701,-0.27528,-0.25739,-0.22224,-0.17792,-0.076651,0,0,0,0,0,0,0,0,0,0,0,0,0,0,0,0,0,0,0,0,0,0,0.33264,0.40112,0,0,0,-0.035918,-0.12753,-0.32761,-0.49923,-0.56008,-0.49388,-0.35727,0,0,0,0,0,0,0,0.21758,0.32893,0.40265,0.23189,-0.011275,-0.05482,-0.118,-0.094111,-0.12763,-0.14341,-0.27479,-0.27562,-0.25861,-0.22376,-0.18891,-0.16003,-0.13711,-0.1142,-0.090124,-0.064897,-0.03967,-0.0066028,0.034304,0.075218,0.12127,0.17246,0.22366,0.27477,0.32579,0.3768,0.42459,0.46916,0.51371,0.55222,0.58467,0.61712,0.63789,0.64696,0.65603,0.66171,0.66399,0.66628,0.65565,0.63211,0.60857,0.58196,0.55227,0.52259,0.4912,0.45809,0.42499,0.38741,0.34535,0.3033,0.25272,0.1936,0.13448,0.070653,0.0021084,-0.066424,-0.13508,-0.20388,-0.27268,-0.33519,-0.39142,-0.44766,-0.49973,-0.54767,-0.59561,-0.63501,-0.6659,-0.69679,-0.71943,-0.73383,-0.74823,-0.75562,-0.75602,-0.75641,-0.75129,-0.74067,-0.73004,-0.71472,-0.6947,-0.67469,-0.65071,-0.62277,-0.59483,-0.56407,-0.53048,-0.4969,-0.46226,-0.42654,-0.39083,-0.35667,-0.32407,-0.29147,-0.26244,-0.237,-0.21157,-0.18989,-0.17199,-0.15408,-0.13931,-0.12769,-0.11607,-0.10703,-0.10056,-0.094095,-0.090547,-0.089916,-0.089286,-0.090939,-0.094876,-0.098813,-0.10429,-0.11132,-0.11834,-0.12546,-0.13268,-0.1399,-0.14625,-0.15175,-0.15725,-0.16144,-0.16433,-0.16722,-0.16834,-0.16768,-0.16703,-0.16399,-0.15856,-0.15312,-0.14479,-0.13354,-0.12229,-0.10804,-0.090802,-0.073558,-0.053923,-0.031889,-0.0098551,0.013343,0.03771,0.062078,0.086124,0.10984,0.13356,0.15554,0.17577,0.19601,0.21339,0.22792,0.24246,0.25357,0.26127,0.26897,0.27341,0.2746,0.27578,0.2745,0.27076,0.26702,0.26182,0.25517,0.24851,0.24119,0.23321,0.22522,0.21694,0.20839,0.19983,0.19104,0.182,0.17296,0.16361,0.15394,0.14427,0.13436,0.12421,0.11405,0.10407,0.094249,0.084432,0.075375,0.067082,0.058786,0.051747,0.04597,0.040193,0.035842,0.032921,0.030001,0.028336,0.027925,0.027514,0.027923,0.029151,0.030379,0.031789,0.03338,0.034971,0.036076,0.036697,0.037318,0.036808,0.035167,0.033525,0.030752,0.026847,0.022943,0.017492,0.010496,0.0035007
0,0,0,0,-0.3498,-0.35594,-0.3444,-0.31518,-0.28596,-0.24681,-0.19772,-0.14863,-0.10071,-0.053962,-0.00722,0.032813,0.066148,0.099479,0.12875,0.15395,0.17915,0.20563,0.2334,0.26116,0.28542,0.30621,0.32698,0.32961,0.31408,0.29856,0.27864,0.25434,0.23004,0.20746,0.18661,0.16576,0.15185,0.1449,0.13796,0.13102,0.1241,0.11718,0.11355,0.1132,0.11284,0.095603,0.061479,0,0,0,0,0,0,0,0,0,0,0,0,0,0,0,0,0,0,0,0,0,0,0,0,0,0,0,0,0,0,0,0,0,0,0,0,0,0,0,0,0,0,0,0,0,0,0,0,0,0,0,0,0,0,0,0,0,0,0,-0.052979,-0.088305,-0.11132,-0.12201,-0.1327,-0.14276,-0.15218,-0.1616,-0.17271,-0.18549,-0.19826,-0.21228,-0.22754,-0.2428,-0.25536,-0.2652,-0.27504,-0.28155,-0.2847,-0.28785,-0.29199,-0.29712,-0.30225,-0.30647,-0.30978,-0.31309,-0.31971,-0.32965,-0.33958,-0.35432,-0.37389,-0.39345,-0.41371,-0.43466,-0.4556,-0.47421,-0.49049,-0.50677,-0.52727,-0.552,-0.57674,-0.60036,-0.62286,-0.64537,-0.65862,-0.66263,-0.66664,-0.65791,-0.63645,-0.61499,-0.57411,-0.5138,-0.4535,-0.39231,-0.33025,-0.26817,-0.2229,-0.18037,-0.12653,-0.086079,-0.064798,-0.057376,-0.053596,-0.043426,-0.024847,-0.0023459,0.020266,0.039941,0.0564,0.071864,0.086261,0.10059,0.11593,0.13021,0.1387,0.1404,0.13835,0.13092,0.12319,0.12038,0.11587,0.11249,0.11174,0.11049,0.10952,0.10761,0.10648,0.10901,0.11444,0.11813,0.11567,0.10514,0.086255,0.059302,0.025737,-0.0097007,-0.037316,-0.055783,-0.042606,-0.019315,-0.022538,-0.01086,-0.010092,-0.019271,0,0,0,0.0007714,-0.002436,0.0013269,0.0022797,0.0002564,0.014915,0,0.077386,0.096082,0.13022,0.18804,0.23788,0.27889,0.3107,0.32333,0.30667,0.2675,0.22654,0.19628,0.1741,0.15369,0.13184,0.10615,0.072721,0.027803,-0.032675,-0.11404,-0.22013,-0.35133,-0.50416,-0.66821,-0.81909,-0.91431,-0.92601,-0.8502,-0.72057,-0.56523,-0.38708,-0.24877,-0.20407,0,0,0,0,0,0,0,0,0,0,0,0,0,0,0,0,0,0,0,0.033171,0.061264,0.08733,0.10389,0.11304,0.12166,0.11917,0.09551,0.05858,0.013278,-0.035468,-0.073115,-0.093385,-0.10083,-0.10214,-0.10208,-0.1033,-0.10819,-0.11824,-0.13356,-0.15292,-0.17411,-0.1941,-0.21022,-0.21977,-0.21873,-0.20466,-0.18001,-0.15322,-0.06444,0,0,0,0,0,0,0,0,0,0,0,0,0,0,0,0,0,0,0,0,0,0.59324,0,0,0,0,0,-0.11574,-0.35221,-0.55952,-0.63897,-0.5648,-0.42711,0,0,0,0,0,0,0,0.063516,0.10075,0.20194,0.16043,-0.0012463,-0.04536,-0.11123,-0.18759,-0.26395,-0.29739,-0.28787,-0.27834,-0.25465,-0.21679,-0.17893,-0.14841,-0.12521,-0.10202,-0.077501,-0.05166,-0.025819,0.0073849,0.047952,0.088523,0.13346,0.18277,0.23209,0.28119,0.33008,0.37896,0.425,0.46819,0.51137,0.55014,0.58451,0.61888,0.63979,0.64725,0.6547,0.66025,0.66391,0.66757,0.65869,0.63727,0.61585,0.59153,0.56431,0.53708,0.50823,0.47775,0.44727,0.41251,0.37348,0.33445,0.28649,0.2296,0.17269,0.11101,0.044569,-0.021867,-0.089501,-0.15834,-0.2272,-0.29032,-0.34772,-0.40513,-0.45917,-0.50985,-0.56054,-0.60307,-0.63746,-0.67184,-0.69795,-0.71579,-0.73362,-0.74413,-0.7473,-0.75046,-0.74769,-0.73897,-0.73024,-0.71647,-0.69763,-0.67879,-0.65578,-0.6286,-0.60142,-0.57132,-0.53831,-0.50531,-0.47116,-0.43585,-0.40055,-0.36675,-0.33445,-0.30214,-0.27347,-0.24843,-0.22338,-0.20213,-0.18469,-0.16724,-0.1529,-0.14167,-0.13043,-0.12185,-0.11594,-0.11002,-0.10655,-0.1055,-0.10447,-0.10564,-0.10902,-0.1124,-0.11721,-0.12344,-0.12968,-0.1361,-0.1427,-0.14931,-0.15529,-0.16066,-0.16603,-0.17032,-0.17354,-0.17676,-0.17822,-0.17794,-0.17766,-0.17479,-0.16931,-0.16384,-0.15516,-0.14328,-0.1314,-0.11629,-0.097938,-0.079589,-0.058739,-0.035379,-0.012018,0.012442,0.038005,0.063569,0.088571,0.11302,0.13746,0.15984,0.18014,0.20045,0.21762,0.23166,0.2457,0.25622,0.26321,0.27021,0.27409,0.27487,0.27565,0.27432,0.27088,0.26744,0.26287,0.25717,0.25147,0.24516,0.23826,0.23135,0.22392,0.21596,0.208,0.19943,0.19023,0.18104,0.17125,0.16089,0.15052,0.13987,0.12894,0.11801,0.10741,0.097154,0.086896,0.077677,0.069497,0.061315,0.054629,0.049441,0.044252,0.04051,0.038215,0.035921,0.034651,0.034403,0.034156,0.034449,0.035283,0.036117,0.036979,0.037868,0.038757,0.039118,0.038952,0.038786,0.037762,0.03588,0.033997,0.031191,0.027463,0.023735,0.018225,0.010936,0.0036474
0,0,0,0,-0.34095,-0.34773,-0.33751,-0.31028,-0.28306,-0.24628,-0.19993,-0.15359,-0.10818,-0.06371,-0.019243,0.019016,0.051077,0.083136,0.11065,0.13363,0.1566,0.17942,0.20211,0.22479,0.2466,0.26755,0.28849,0.29777,0.2954,0.29304,0.28212,0.26264,0.24316,0.2232,0.20275,0.18231,0.16765,0.15878,0.1499,0.14117,0.13259,0.12401,0.11799,0.11451,0.11104,0.096219,0.070069,0.026102,0.019388,0.017046,0.014706,0,0,0,0,0,0,0,0,0,0,0,0,0,0,0,0,0,0,0,0,0,0,0,0,0,0,0,0,0,0,0,0,0,0,0,0,0,0,0,0,0,0,0,0,0,0,0,0,0,0,0,0,0,0,0,-0.021186,-0.035314,-0.046538,-0.054851,-0.063161,-0.06928,-0.073207,-0.14693,-0.15675,-0.17009,-0.18344,-0.19733,-0.21177,-0.22622,-0.23728,-0.24497,-0.25266,-0.25804,-0.26112,-0.2642,-0.268,-0.27253,-0.27707,-0.2809,-0.28404,-0.28717,-0.29353,-0.30312,-0.31271,-0.32699,-0.34598,-0.36497,-0.38564,-0.408,-0.43036,-0.45092,-0.4697,-0.48846,-0.51168,-0.53935,-0.56702,-0.59192,-0.61405,-0.63618,-0.64869,-0.65157,-0.65444,-0.64446,-0.62161,-0.59875,-0.55819,-0.49992,-0.44164,-0.37695,-0.30584,-0.23472,-0.1836,-0.14273,-0.091731,-0.053879,-0.039131,-0.039886,-0.044784,-0.043325,-0.033814,-0.019138,0.00065829,0.023284,0.044951,0.066445,0.087509,0.10676,0.12165,0.1286,0.12471,0.10907,0.091292,0.074453,0.063331,0.063292,0.067022,0.069051,0.065922,0.060874,0.056767,0.05308,0.050081,0.049401,0.050811,0.050656,0.044676,0.030822,0.0085619,-0.022254,-0.060287,-0.098585,-0.1242,-0.117,-0.079006,-0.053591,-0.042306,-0.035952,-0.042388,-0.038781,-0.022435,-0.07563,-0.073759,0,-0.016641,0.011691,0.013301,-0.02367,-0.014826,0.0078984,0.10394,0.16624,0.20774,0.24489,0.27734,0.30342,0.32058,0.31999,0.29221,0.24355,0.19625,0.1664,0.15077,0.13904,0.12505,0.10415,0.071359,0.023803,-0.041074,-0.12765,-0.23913,-0.374,-0.52596,-0.6823,-0.82216,-0.90812,-0.95053,-0.90376,-0.74999,-0.56869,-0.40616,-0.28025,-0.21878,-0.11893,0,0,0,0,0,0,0,0,0,0,0,0,0,0,0,0,0,0,0.037039,0.067017,0.10111,0.13161,0.15238,0.15878,0.14018,0.10204,0.062417,0.024417,-0.019027,-0.062608,-0.093452,-0.10653,-0.10709,-0.10327,-0.099338,-0.097861,-0.10066,-0.10817,-0.11951,-0.13327,-0.14817,-0.16307,-0.17586,-0.18248,-0.17912,-0.16583,-0.1458,-0.12343,-0.049172,-0.041414,-0.027697,0,0,0,0,0,0,0,0,0,0,0,0,0,0,0,0,0,0.13337,0.51389,0,0,0,0,0,-0.18101,-0.36411,-0.59129,-0.67025,-0.57959,-0.44939,0,0,0,0,0,0,0,0,0.040298,0.03825,0.026156,0.0040074,-0.018145,-0.05064,-0.18632,-0.28134,-0.31851,-0.29778,-0.27705,-0.24785,-0.21018,-0.17252,-0.14174,-0.11785,-0.093954,-0.068407,-0.041202,-0.013994,0.019598,0.059573,0.099548,0.14308,0.19015,0.23722,0.28424,0.3312,0.37816,0.42284,0.46526,0.50768,0.54603,0.5803,0.61458,0.6357,0.64366,0.65162,0.65788,0.66245,0.66702,0.65939,0.63957,0.61974,0.59726,0.57211,0.54695,0.52026,0.49202,0.46378,0.43149,0.39514,0.35878,0.31362,0.25966,0.20569,0.14699,0.08356,0.02014,-0.044578,-0.1106,-0.17664,-0.23978,-0.30001,-0.36023,-0.41685,-0.46986,-0.52287,-0.56821,-0.6059,-0.64358,-0.67301,-0.6942,-0.71539,-0.72896,-0.73489,-0.74083,-0.7405,-0.7339,-0.72731,-0.7154,-0.69816,-0.68093,-0.65919,-0.63295,-0.60671,-0.57735,-0.54487,-0.51241,-0.4788,-0.44406,-0.40932,-0.37603,-0.3442,-0.31237,-0.28405,-0.25925,-0.23444,-0.21341,-0.19618,-0.17894,-0.16482,-0.15383,-0.14284,-0.13451,-0.12883,-0.12315,-0.11981,-0.11879,-0.11778,-0.11875,-0.1217,-0.12466,-0.12892,-0.13447,-0.14002,-0.14584,-0.15195,-0.15805,-0.16375,-0.16905,-0.17435,-0.17877,-0.18229,-0.18582,-0.18756,-0.18752,-0.18748,-0.18458,-0.17884,-0.17309,-0.16387,-0.15117,-0.13848,-0.1224,-0.10294,-0.083484,-0.061513,-0.03702,-0.012528,0.012938,0.039381,0.065822,0.091464,0.11631,0.14116,0.16366,0.18382,0.20397,0.22079,0.23427,0.24775,0.25769,0.26408,0.27047,0.27394,0.2745,0.27506,0.27385,0.27086,0.26787,0.26403,0.25934,0.25465,0.24936,0.24347,0.23758,0.23089,0.22339,0.21588,0.2074,0.19792,0.18844,0.17817,0.16709,0.15602,0.14468,0.13309,0.12149,0.11042,0.099892,0.089359,0.080144,0.072244,0.064342,0.058141,0.053641,0.049141,0.04605,0.044364,0.04268,0.041718,0.041479,0.04124,0.041219,0.041414,0.041609,0.041691,0.041661,0.04163,0.041152,0.040227,0.039303,0.037816,0.035767,0.033718,0.03098,0.027554,0.024128,0.018679,0.011209,0.0037382
0,0,0,0,-0.33209,-0.33952,-0.33062,-0.30539,-0.28016,-0.24575,-0.20215,-0.15854,-0.11565,-0.073455,-0.031261,0.005229,0.036017,0.066802,0.092565,0.11331,0.13404,0.15322,0.17083,0.18844,0.20779,0.22889,0.24999,0.26594,0.27673,0.28751,0.28558,0.27093,0.25627,0.23893,0.2189,0.19886,0.18345,0.17265,0.16185,0.15133,0.14108,0.13084,0.12242,0.11583,0.10923,0.096838,0.078662,0.060482,0.048462,0.042611,0.036762,0,0,0,0,0,0,0,0,0,0,0,0,0,0,0,0,0,0,0,0,0,0,0,0,0,0,0,0,0,0,0,0,0,0,0,0,0,0,0,0,0,0,0,0,0,0,0,0,0,0,0,0,0,0,0,0,0,0,0,0,0,0,-0.069799,-0.074386,-0.15469,-0.1686,-0.18237,-0.196,-0.20963,-0.21921,-0.22474,-0.23028,-0.23454,-0.23754,-0.24054,-0.24401,-0.24795,-0.25189,-0.25534,-0.2583,-0.26125,-0.26735,-0.27659,-0.28584,-0.29966,-0.31807,-0.33649,-0.35757,-0.38135,-0.40512,-0.42764,-0.4489,-0.47016,-0.49609,-0.52669,-0.5573,-0.58348,-0.60524,-0.627,-0.63876,-0.6405,-0.64224,-0.631,-0.60676,-0.58251,-0.54227,-0.48603,-0.4298,-0.36159,-0.28142,-0.20126,-0.14596,-0.10068,-0.047853,-0.014551,-0.0051833,-0.014402,-0.029749,-0.040318,-0.042054,-0.034137,-0.017509,0.0047592,0.029826,0.055788,0.079586,0.093797,0.096905,0.090785,0.077531,0.056122,0.031258,0.012998,0.00444,0.0060234,0.009962,0.0088801,0.0031361,-0.0032727,-0.0084071,-0.012284,-0.015709,-0.018331,-0.0198,-0.022688,-0.030846,-0.046166,-0.068824,-0.098372,-0.132,-0.16201,-0.17256,-0.15133,-0.11345,-0.086369,-0.074796,-0.06373,-0.046143,-0.033176,-0.075726,-0.18829,-0.18508,-0.044015,0.0062559,0.05014,0.04508,0.012807,0.0046355,0.036114,0.11813,0.21322,0.27049,0.29897,0.3165,0.32694,0.32747,0.31197,0.2768,0.2279,0.18237,0.15463,0.14306,0.13643,0.12536,0.10375,0.0675,0.014239,-0.057933,-0.15006,-0.26056,-0.38682,-0.52543,-0.66756,-0.79779,-0.88374,-0.93424,-0.91903,-0.80595,-0.62712,-0.46508,-0.17379,-0.24589,-0.23321,-0.11635,-0.099412,0,0,0,0,0,0,0,0,0,0,0,0,0,0,0,0,0.046158,0.081738,0.12708,0.17032,0.19469,0.18402,0.13877,0.08322,0.045764,0.0271,-9.0089e-06,-0.04624,-0.090004,-0.10937,-0.10895,-0.1027,-0.095566,-0.08963,-0.087011,-0.088933,-0.095196,-0.10482,-0.11695,-0.13044,-0.143,-0.15143,-0.1528,-0.14526,-0.12953,-0.10989,-0.091001,-0.074666,-0.051536,0,0,0,0,0,0,0,0,0,0,0,0,0,0,0,0,0,0.35629,0.50474,0,0,0,0,0,-0.25527,-0.36933,-0.61466,-0.68352,-0.56647,-0.21999,0,0,0,0,0,0,0,0,0,0,0,0,0,0,-0.18505,-0.29872,-0.33961,-0.30768,-0.27575,-0.24105,-0.20358,-0.16611,-0.13508,-0.11049,-0.085898,-0.059316,-0.030743,-0.0021692,0.031809,0.071196,0.11058,0.15269,0.19752,0.24235,0.28728,0.33231,0.37734,0.42067,0.46233,0.50399,0.54191,0.5761,0.61028,0.63161,0.64008,0.64854,0.65551,0.66099,0.66647,0.6601,0.64187,0.62364,0.60298,0.5799,0.55682,0.53228,0.50629,0.48029,0.45046,0.41678,0.3831,0.34075,0.28972,0.23869,0.18296,0.12255,0.062143,0.0003355,-0.062867,-0.12608,-0.18924,-0.25229,-0.31534,-0.37453,-0.42987,-0.4852,-0.53335,-0.57433,-0.61531,-0.64807,-0.67261,-0.69716,-0.71378,-0.72249,-0.73119,-0.7333,-0.72884,-0.72437,-0.71433,-0.69869,-0.68306,-0.6626,-0.6373,-0.612,-0.58338,-0.55144,-0.5195,-0.48644,-0.45226,-0.41809,-0.38532,-0.35396,-0.32259,-0.29463,-0.27007,-0.2455,-0.2247,-0.20766,-0.19063,-0.17674,-0.166,-0.15526,-0.14716,-0.14172,-0.13628,-0.13307,-0.13207,-0.13108,-0.13185,-0.13439,-0.13692,-0.14062,-0.14549,-0.15036,-0.15559,-0.16119,-0.16679,-0.1722,-0.17744,-0.18267,-0.18721,-0.19104,-0.19488,-0.1969,-0.1971,-0.19729,-0.19438,-0.18836,-0.18233,-0.17257,-0.15906,-0.14555,-0.12851,-0.10794,-0.087377,-0.064285,-0.038661,-0.013036,0.013436,0.040754,0.068074,0.09436,0.11961,0.14486,0.16749,0.1875,0.2075,0.22396,0.23688,0.2498,0.25916,0.26494,0.27073,0.27379,0.27414,0.27448,0.27338,0.27084,0.2683,0.26519,0.26151,0.25782,0.25355,0.24868,0.24382,0.23786,0.23081,0.22376,0.21536,0.20561,0.19585,0.18508,0.17329,0.16151,0.14948,0.13723,0.12497,0.11344,0.10263,0.091822,0.08261,0.074991,0.067369,0.061653,0.057842,0.054032,0.051588,0.050512,0.049438,0.048785,0.048555,0.048325,0.047989,0.047545,0.047101,0.046403,0.045453,0.044503,0.043186,0.041502,0.039819,0.03787,0.035655,0.033439,0.030769,0.027645,0.024521,0.019133,0.011482,0.0038294
0,0,0,0,-0.32389,-0.33042,-0.32193,-0.29844,-0.27495,-0.24297,-0.20252,-0.16206,-0.1219,-0.082027,-0.04216,-0.007428,0.022174,0.051777,0.076077,0.095078,0.11409,0.13056,0.1445,0.15844,0.17514,0.19464,0.21414,0.233,0.25122,0.26944,0.27409,0.26516,0.25623,0.24341,0.22671,0.21001,0.19534,0.18271,0.17008,0.15819,0.14704,0.1359,0.12587,0.11697,0.10807,0.096969,0.083657,0.070342,0.060379,0.053769,0.047157,0.023398,0.023093,0.022786,0,0,0,0,0,0,0,0,0,0,0,0,0,0,0,0,0,0,0,0,0,0,0,0,0,0,0,0,0,0,0,0,0,0,0,0,0,0,0,0,0,0,0,0,0,0,0,0,0,0,0,0,0,0,0,0,0,0,0,0,0,-0.12248,-0.13431,-0.15055,-0.1712,-0.19184,-0.20395,-0.20753,-0.21109,-0.21414,-0.21667,-0.2192,-0.22249,-0.22653,-0.23057,-0.23419,-0.23737,-0.24055,-0.24627,-0.25454,-0.26281,-0.27585,-0.29366,-0.31148,-0.33278,-0.35759,-0.3824,-0.40745,-0.43276,-0.45806,-0.48693,-0.51936,-0.55178,-0.57817,-0.59851,-0.61885,-0.62925,-0.62971,-0.63016,-0.6176,-0.59202,-0.56644,-0.5255,-0.46919,-0.41289,-0.34201,-0.25653,-0.17107,-0.10529,-0.049499,0.0058029,0.03957,0.045735,0.025722,-0.0049569,-0.031808,-0.047388,-0.049509,-0.038138,-0.018354,0.0051216,0.029972,0.049499,0.053161,0.046232,0.038024,0.026879,0.010063,-0.013384,-0.035947,-0.050942,-0.05821,-0.063315,-0.070899,-0.079044,-0.084515,-0.086984,-0.088012,-0.08959,-0.092142,-0.094938,-0.099176,-0.10781,-0.1219,-0.14129,-0.16508,-0.18926,-0.20487,-0.20259,-0.18293,-0.15265,-0.11873,-0.089442,-0.064006,-0.039978,-0.047047,-0.11436,-0.19249,-0.1959,-0.12615,-0.027316,0.0545,0.080687,0.07302,0.066156,0.084544,0.14156,0.22343,0.29477,0.33421,0.34824,0.34694,0.33286,0.30562,0.26691,0.22252,0.18377,0.16059,0.15099,0.14374,0.1289,0.1015,0.058852,-0.0012149,-0.078969,-0.17071,-0.27207,-0.38151,-0.4983,-0.61876,-0.73998,-0.83432,-0.89025,-0.89673,-0.83202,-0.6981,-0.50923,0,-0.25626,-0.2216,-0.21423,-0.19882,0,0,0,0,0,0,0,0,0,0,0,0,0,0,0,0,0.062319,0.10442,0.1592,0.20816,0.22353,0.19086,0.12524,0.062274,0.033655,0.036279,0.023689,-0.027729,-0.088274,-0.11844,-0.11383,-0.10111,-0.092111,-0.083794,-0.077426,-0.075041,-0.077545,-0.084585,-0.095005,-0.10698,-0.11812,-0.1262,-0.1291,-0.12454,-0.11187,-0.093494,-0.074238,-0.05657,-0.04097,0,0,0,0,0,0,0,0,0,0,0,0,0,0,0,0,0,0.39294,0.35125,0,0,0,0,0,-0.13135,-0.38101,-0.64488,-0.7105,-0.55524,0,0,0,0,0,0,0,0,0,0,0,0,0,0,0,-0.18207,-0.30348,-0.34623,-0.31031,-0.27436,-0.23792,-0.20099,-0.16406,-0.13285,-0.10737,-0.081894,-0.054164,-0.024185,0.0057935,0.040096,0.078718,0.11734,0.158,0.2007,0.2434,0.28647,0.32992,0.37337,0.4158,0.45724,0.49866,0.53562,0.56813,0.60063,0.62235,0.63327,0.64419,0.65277,0.659,0.66523,0.65997,0.6432,0.62643,0.60741,0.58613,0.56485,0.54213,0.51797,0.4938,0.46546,0.43295,0.40044,0.36075,0.3139,0.26704,0.21496,0.15766,0.10038,0.041216,-0.019814,-0.08085,-0.14336,-0.20731,-0.27127,-0.33172,-0.38866,-0.44561,-0.49596,-0.53972,-0.58349,-0.61923,-0.64693,-0.67463,-0.69428,-0.70587,-0.71745,-0.72217,-0.72002,-0.71787,-0.70987,-0.69601,-0.68216,-0.6632,-0.63915,-0.61509,-0.58752,-0.55641,-0.52531,-0.49305,-0.45963,-0.4262,-0.39407,-0.36324,-0.3324,-0.30473,-0.28024,-0.25575,-0.23493,-0.21779,-0.20065,-0.18674,-0.17605,-0.16537,-0.15742,-0.15223,-0.14703,-0.14402,-0.14321,-0.1424,-0.14318,-0.14554,-0.14791,-0.15131,-0.15574,-0.16018,-0.16502,-0.17028,-0.17554,-0.18074,-0.1859,-0.19106,-0.19559,-0.19949,-0.20338,-0.20537,-0.20543,-0.20549,-0.20224,-0.19567,-0.1891,-0.17864,-0.16429,-0.14994,-0.13204,-0.1106,-0.089155,-0.065274,-0.038947,-0.01262,0.014406,0.042132,0.069858,0.096388,0.12173,0.14706,0.16964,0.18946,0.20928,0.22549,0.23808,0.25066,0.25973,0.26528,0.27082,0.27381,0.27425,0.27468,0.27389,0.27188,0.26987,0.26743,0.26455,0.26168,0.25814,0.25394,0.24975,0.24419,0.23729,0.23038,0.22186,0.21173,0.20159,0.19036,0.17802,0.16569,0.15321,0.1406,0.128,0.11631,0.10556,0.094802,0.085852,0.078708,0.071564,0.066412,0.063255,0.060098,0.058181,0.057505,0.05683,0.056264,0.055808,0.055352,0.054483,0.053201,0.051919,0.050296,0.048333,0.046371,0.044194,0.041803,0.039413,0.037005,0.03458,0.032155,0.029553,0.026774,0.023994,0.018838,0.011305,0.0037698
0,0,0,0,-0.31633,-0.32041,-0.31145,-0.28943,-0.26742,-0.23795,-0.20104,-0.16413,-0.12693,-0.089431,-0.05194,-0.01895,0.0095481,0.038043,0.061177,0.07895,0.096726,0.11145,0.12311,0.13478,0.14867,0.16479,0.18092,0.19895,0.21889,0.23883,0.24765,0.24534,0.24303,0.23665,0.2262,0.21575,0.20334,0.18897,0.1746,0.16177,0.15047,0.13917,0.12833,0.11795,0.10757,0.096609,0.085059,0.073507,0.064836,0.059044,0.053251,0.049535,0.047899,0.046261,0.019801,0.013785,0.0077705,0.0045329,0.0040712,0.0036096,0,0,0,0,0,0,0,0,0,0,0,0,0,0,0,0,0,0,0,0,0,0,0,0,0,0,0,0,0,0,0,0,0,0,0,0,0,0,0,0,0,0,0,0,0,0,0,0,0,0,0,0,0,0,0,-0.048992,-0.053726,-0.063109,-0.13737,-0.17286,-0.19151,-0.19331,-0.19511,-0.19684,-0.19851,-0.20017,-0.20342,-0.20827,-0.21311,-0.21743,-0.22124,-0.22505,-0.23029,-0.23696,-0.24363,-0.25556,-0.27275,-0.28994,-0.31126,-0.33672,-0.36219,-0.39037,-0.42127,-0.45217,-0.48419,-0.51733,-0.55047,-0.57598,-0.59386,-0.61174,-0.62018,-0.61918,-0.61818,-0.60425,-0.57739,-0.55054,-0.50787,-0.44939,-0.39093,-0.31819,-0.23117,-0.14414,-0.068906,-0.00057442,0.068671,0.11297,0.11362,0.07765,0.027712,-0.016751,-0.047525,-0.063613,-0.064883,-0.055265,-0.040557,-0.024409,-0.016396,-0.01697,-0.017224,-0.015706,-0.018144,-0.028649,-0.046849,-0.071455,-0.099976,-0.12814,-0.15194,-0.16961,-0.18028,-0.18234,-0.17801,-0.17248,-0.16905,-0.16912,-0.17202,-0.17687,-0.18416,-0.1944,-0.20766,-0.22264,-0.23434,-0.23515,-0.22122,-0.19724,-0.17008,-0.14093,-0.11034,-0.082246,-0.062589,-0.061421,-0.098136,-0.12496,-0.11768,-0.14502,-0.1069,0.019699,0.10116,0.12485,0.1261,0.14039,0.17744,0.23257,0.29573,0.34631,0.36846,0.36329,0.33916,0.30479,0.26669,0.22927,0.19827,0.1786,0.1674,0.15446,0.13122,0.095056,0.045155,-0.019496,-0.096802,-0.18139,-0.26917,-0.35987,-0.4531,-0.55522,-0.66699,-0.76041,-0.82589,-0.85724,-0.82554,-0.72283,-0.48367,-0.070379,-0.18191,-0.17983,-0.18518,-0.19142,-0.08259,0,0,0,0,0,0,0,0,0,0,0,0,0,0,0,0.082947,0.12778,0.18748,0.23336,0.23306,0.18593,0.11715,0.06345,0.048083,0.060765,0.051127,-0.011625,-0.092183,-0.13693,-0.13035,-0.10532,-0.089913,-0.080382,-0.071553,-0.065675,-0.064773,-0.069397,-0.078432,-0.089373,-0.099442,-0.1067,-0.10968,-0.10653,-0.095622,-0.077473,-0.055553,-0.03589,-0.024479,0,0,0,0,0,0,0,0,0,0,0,0,0,0,0,0,0,0.30992,0.2368,0,0,0,0,0,0,-0.47325,-0.67645,-0.74772,-0.58665,0,0,0,0,0,0,0,0,0,0,0,0,0,0,0,-0.17738,-0.29564,-0.33842,-0.30567,-0.27289,-0.23847,-0.20242,-0.16637,-0.13506,-0.1085,-0.081938,-0.052949,-0.021527,0.0098956,0.044453,0.082144,0.11984,0.15903,0.1997,0.24037,0.28181,0.32403,0.36625,0.40823,0.44996,0.49169,0.52717,0.55639,0.58562,0.6079,0.62324,0.63857,0.64965,0.65648,0.66331,0.659,0.64356,0.62813,0.61054,0.59079,0.57105,0.5498,0.52705,0.5043,0.4765,0.44365,0.41079,0.37364,0.33219,0.29075,0.243,0.18892,0.13485,0.078074,0.018574,-0.040934,-0.10215,-0.16507,-0.22799,-0.28839,-0.34623,-0.40408,-0.45604,-0.50209,-0.54814,-0.5865,-0.61716,-0.64781,-0.67043,-0.68504,-0.69964,-0.70711,-0.70745,-0.7078,-0.70202,-0.69012,-0.67822,-0.66102,-0.63851,-0.61599,-0.58976,-0.5598,-0.52986,-0.49864,-0.46615,-0.43367,-0.40229,-0.37204,-0.34178,-0.31436,-0.28977,-0.26518,-0.24411,-0.22656,-0.20901,-0.19482,-0.184,-0.17318,-0.16529,-0.16034,-0.15539,-0.15268,-0.1522,-0.15173,-0.15272,-0.15516,-0.15761,-0.16096,-0.16522,-0.16948,-0.17414,-0.17922,-0.1843,-0.18937,-0.19444,-0.19951,-0.2039,-0.20761,-0.21133,-0.21296,-0.21252,-0.21207,-0.20816,-0.20077,-0.19339,-0.18209,-0.16687,-0.15165,-0.133,-0.11091,-0.088818,-0.064477,-0.037879,-0.011281,0.015849,0.043513,0.071171,0.097553,0.12266,0.14777,0.17012,0.18972,0.20932,0.22536,0.23785,0.25034,0.25942,0.26508,0.27074,0.27399,0.27483,0.27566,0.27538,0.27398,0.27258,0.27074,0.26847,0.2662,0.26313,0.25925,0.25537,0.24989,0.24282,0.23574,0.2269,0.21628,0.20566,0.19399,0.18127,0.16855,0.15587,0.14322,0.13057,0.11905,0.10867,0.098295,0.089868,0.083397,0.076925,0.072418,0.069878,0.06734,0.065828,0.065341,0.064855,0.064153,0.063236,0.06232,0.060701,0.058383,0.056065,0.053371,0.050302,0.047233,0.044176,0.04113,0.038085,0.035224,0.032545,0.029866,0.02733,0.024938,0.022546,0.017793,0.010677,0.0035601
0,0,0,0,-0.30878,-0.31041,-0.30096,-0.28042,-0.25989,-0.23293,-0.19956,-0.1662,-0.13195,-0.096827,-0.061712,-0.030465,-0.0030758,0.02431,0.046274,0.062823,0.07937,0.092338,0.10173,0.11112,0.12219,0.13494,0.1477,0.1649,0.18656,0.20822,0.22121,0.22552,0.22982,0.22988,0.22568,0.22148,0.21133,0.19523,0.17912,0.16534,0.15389,0.14245,0.1308,0.11894,0.10708,0.096251,0.086463,0.076675,0.069293,0.06432,0.059345,0.055013,0.051325,0.047638,0.040146,0.028851,0.017556,0.011331,0.010177,0.0090238,0,0,0,0,0,0,0,0,0,0,0,0,0,0,0,0,0,0,0,0,0,0,0,0,0,0,0,0,0,0,0,0,0,0,0,0,0,0,0,0,0,0,0,0,0,0,0,0,0,0,0,0,0,0,0,0,0,0,-0.10353,-0.15387,-0.17906,-0.17909,-0.17913,-0.17954,-0.18034,-0.18114,-0.18436,-0.19,-0.19564,-0.20068,-0.20511,-0.20955,-0.2143,-0.21938,-0.22445,-0.23527,-0.25184,-0.2684,-0.28974,-0.31586,-0.34199,-0.37329,-0.40979,-0.44629,-0.48146,-0.51531,-0.54915,-0.57379,-0.5892,-0.60462,-0.6111,-0.60864,-0.60619,-0.5909,-0.56276,-0.53463,-0.49024,-0.4296,-0.36896,-0.29436,-0.2058,-0.11722,-0.031665,0.057424,0.14789,0.19832,0.18387,0.12223,0.052384,0.00026368,-0.035958,-0.061579,-0.081204,-0.094373,-0.10064,-0.10259,-0.10552,-0.10464,-0.095405,-0.083931,-0.075041,-0.07128,-0.075051,-0.094221,-0.13446,-0.18839,-0.24148,-0.28119,-0.29809,-0.29406,-0.2793,-0.26239,-0.25038,-0.24648,-0.24922,-0.25463,-0.25928,-0.26309,-0.26629,-0.26721,-0.26273,-0.24901,-0.22406,-0.19221,-0.16459,-0.14795,-0.13921,-0.13532,-0.12921,-0.10024,-0.087193,-0.045132,-0.057158,-0.091829,-0.082672,0.026774,0.111,0.15566,0.1736,0.18658,0.20764,0.24316,0.29225,0.34029,0.3674,0.36503,0.33969,0.30526,0.27219,0.24324,0.21851,0.19775,0.17874,0.15635,0.12462,0.081182,0.026662,-0.037837,-0.10991,-0.18627,-0.26388,-0.33969,-0.41884,-0.51031,-0.6052,-0.68481,-0.74765,-0.7826,-0.76278,-0.65326,-0.43054,-0.22408,-0.16244,-0.17515,-0.18427,-0.18192,-0.16449,-0.068697,0,0,0,0,0,0,0,0,0,0,0,0,0.024516,0.036866,0.0998,0.14991,0.21171,0.24926,0.23368,0.17802,0.12038,0.086184,0.079751,0.08453,0.066894,-0.0030696,-0.099142,-0.15631,-0.15134,-0.11649,-0.091139,-0.079098,-0.06877,-0.060337,-0.056424,-0.058285,-0.065344,-0.075413,-0.085353,-0.092732,-0.095943,-0.093199,-0.082717,-0.063545,-0.038322,-0.014933,-0.0023904,0.0057279,0.0050547,0,0,0,0,0,0,0,0,0,0,0,0,0,0,0,0.25455,0.23355,0,0,0,0,0,0,-0.56085,-0.69187,-0.77175,-0.65316,0,0,0,0,0,0,0,0,0,0,0,0,0,0,0,-0.17268,-0.28781,-0.3306,-0.30102,-0.27141,-0.23901,-0.20385,-0.16868,-0.13727,-0.10963,-0.081984,-0.051734,-0.018869,0.013994,0.048802,0.08557,0.12234,0.16005,0.1987,0.23734,0.27716,0.31815,0.35913,0.40064,0.44269,0.48472,0.51871,0.54466,0.57061,0.59346,0.61321,0.63295,0.64653,0.65395,0.66137,0.65803,0.64393,0.62982,0.61366,0.59545,0.57725,0.55748,0.53615,0.51481,0.48755,0.45435,0.42114,0.38652,0.35049,0.31446,0.27102,0.22017,0.16933,0.11493,0.056963,-0.0010103,-0.060947,-0.12282,-0.18471,-0.24505,-0.30381,-0.36256,-0.41612,-0.46446,-0.5128,-0.55376,-0.58738,-0.62098,-0.64658,-0.6642,-0.68181,-0.69204,-0.69488,-0.69772,-0.69417,-0.68423,-0.67429,-0.65883,-0.63786,-0.61689,-0.592,-0.5632,-0.5344,-0.50422,-0.47267,-0.44112,-0.41051,-0.38083,-0.35116,-0.32399,-0.29931,-0.27462,-0.25329,-0.23533,-0.21737,-0.2029,-0.19195,-0.18099,-0.17316,-0.16845,-0.16375,-0.16133,-0.16119,-0.16106,-0.16225,-0.16478,-0.16731,-0.17062,-0.1747,-0.17877,-0.18326,-0.18816,-0.19306,-0.19799,-0.20297,-0.20795,-0.21221,-0.21574,-0.21927,-0.22056,-0.21961,-0.21865,-0.21408,-0.20588,-0.19767,-0.18553,-0.16945,-0.15337,-0.13396,-0.11122,-0.088486,-0.063682,-0.03681,-0.0099388,0.017294,0.044891,0.072485,0.09872,0.1236,0.14847,0.1706,0.18997,0.20935,0.22523,0.23763,0.25002,0.2591,0.26488,0.27067,0.27418,0.27541,0.27665,0.27687,0.27608,0.27529,0.27406,0.27239,0.27072,0.26811,0.26455,0.26099,0.25559,0.24834,0.2411,0.23193,0.22083,0.20973,0.19763,0.18453,0.17142,0.15853,0.14584,0.13315,0.1218,0.11179,0.10179,0.093885,0.088085,0.082284,0.078424,0.076503,0.074582,0.073474,0.073176,0.072879,0.072042,0.070665,0.069287,0.06692,0.063565,0.060211,0.056446,0.05227,0.048095,0.044157,0.040457,0.036757,0.033441,0.030509,0.027577,0.025108,0.023102,0.021097,0.016747,0.01005,0.0033513
0,0,0,0,-0.29747,-0.29731,-0.2879,-0.26922,-0.25054,-0.22629,-0.19646,-0.16664,-0.13565,-0.10349,-0.071327,-0.042204,-0.016113,0.0099792,0.030883,0.046604,0.062322,0.074286,0.082494,0.090699,0.10004,0.11053,0.12101,0.1368,0.15789,0.179,0.19436,0.20398,0.2136,0.21833,0.21816,0.218,0.21048,0.19561,0.18073,0.16776,0.15668,0.14561,0.13394,0.12169,0.10943,0.098856,0.089971,0.081086,0.074126,0.069095,0.064065,0.058813,0.053341,0.047868,0.040258,0.030509,0.020758,0.015428,0.014521,0.013616,0.0097713,0.013124,0,0,0,0,0,0,0,0,0,0,0,0,0,0,0,0,0,0,0,0,0,0,0,0,0,0,0,0,0,0,0,0,0,0,0,0,0,0,0,0,0,0,0,0,0,0,0,0,0,0,0,0,0,0,0,0,-0.072171,-0.12031,-0.14826,-0.15602,-0.16379,-0.16716,-0.16614,-0.16512,-0.16687,-0.17141,-0.17595,-0.18137,-0.18767,-0.19398,-0.19953,-0.20432,-0.2091,-0.21891,-0.23374,-0.24857,-0.27048,-0.29947,-0.32846,-0.36337,-0.40422,-0.44507,-0.48073,-0.51122,-0.54171,-0.56312,-0.57545,-0.58778,-0.59247,-0.58951,-0.58655,-0.57139,-0.54403,-0.51667,-0.47203,-0.4101,-0.34816,-0.27135,-0.17969,-0.088021,0.010277,0.13115,0.24073,0.27571,0.23045,0.14199,0.061223,0.011354,-0.019626,-0.046713,-0.079483,-0.11637,-0.15129,-0.18006,-0.199,-0.20443,-0.19555,-0.17637,-0.15251,-0.12874,-0.10821,-0.10507,-0.14058,-0.2187,-0.3191,-0.39329,-0.4166,-0.40689,-0.38054,-0.3509,-0.32967,-0.32102,-0.32327,-0.32882,-0.32935,-0.32295,-0.31097,-0.29544,-0.27736,-0.25379,-0.22207,-0.18275,-0.14621,-0.13278,-0.15649,-0.20218,-0.22326,-0.20969,-0.13821,0,-0.029007,-0.0037007,0.02181,0.060612,0.10597,0.14796,0.18062,0.20598,0.23044,0.26033,0.29753,0.33241,0.34999,0.34421,0.32293,0.29857,0.27648,0.25535,0.23282,0.20706,0.17761,0.1444,0.10546,0.058589,0.0039756,-0.056999,-0.12356,-0.19487,-0.26805,-0.34191,-0.4172,-0.48972,-0.5506,-0.59776,-0.63331,-0.65172,-0.63471,-0.5623,-0.45631,-0.35658,-0.28957,-0.2545,-0.2197,-0.18754,-0.16426,-0.1366,-0.051216,0,0,0,0,0,0,0,0,0,0,0.020866,0.053014,0.075219,0.11256,0.1766,0.24055,0.26214,0.2297,0.17224,0.12944,0.10894,0.10136,0.090478,0.058188,-0.010254,-0.10277,-0.16493,-0.16439,-0.12804,-0.095816,-0.079984,-0.069285,-0.059268,-0.053086,-0.052491,-0.057319,-0.065897,-0.075739,-0.084047,-0.088124,-0.085507,-0.074028,-0.052832,-0.024406,0.0036855,0.021822,0.02621,0.022568,0,0,0,0,0,0,0,0,0,0,0,0,0,0,0.090847,0.20813,0.17467,0,0,0,0,0,0,-0.56516,-0.69725,-0.77837,-0.68339,0,0,0,0,0,0,0,0,0,0,0,0,0,0,0,-0.16647,-0.27748,-0.32044,-0.29531,-0.27016,-0.2408,-0.20723,-0.17366,-0.14235,-0.1133,-0.084256,-0.052902,-0.019233,0.01443,0.049177,0.085012,0.12085,0.15736,0.19456,0.23175,0.2704,0.31053,0.35066,0.39085,0.43112,0.47139,0.50463,0.53084,0.55706,0.58037,0.60077,0.62117,0.63561,0.64409,0.65256,0.65052,0.63796,0.6254,0.61154,0.5964,0.58125,0.56364,0.54356,0.52348,0.49724,0.46484,0.43244,0.4003,0.36843,0.33655,0.29644,0.24811,0.19979,0.14785,0.092297,0.036743,-0.021274,-0.081715,-0.14216,-0.20201,-0.26122,-0.32043,-0.37508,-0.42515,-0.47522,-0.51831,-0.5544,-0.5905,-0.61882,-0.63937,-0.65991,-0.67294,-0.67845,-0.68395,-0.68276,-0.67488,-0.667,-0.65343,-0.63418,-0.61492,-0.59163,-0.56431,-0.53699,-0.50812,-0.47769,-0.44727,-0.41752,-0.38844,-0.35936,-0.33244,-0.3077,-0.28295,-0.26135,-0.24291,-0.22447,-0.20958,-0.19826,-0.18694,-0.17894,-0.17428,-0.16962,-0.16741,-0.16765,-0.1679,-0.1695,-0.17246,-0.17541,-0.17904,-0.18333,-0.18763,-0.19221,-0.19709,-0.20196,-0.20674,-0.21142,-0.21611,-0.2199,-0.2228,-0.22571,-0.22623,-0.22439,-0.22255,-0.21707,-0.20796,-0.19885,-0.18593,-0.16919,-0.15245,-0.13261,-0.10966,-0.086716,-0.061928,-0.035296,-0.0086691,0.018207,0.045338,0.072469,0.098288,0.12279,0.1473,0.16921,0.18853,0.20785,0.22384,0.23653,0.2492,0.25871,0.26503,0.27135,0.27545,0.27733,0.2792,0.28,0.27973,0.27945,0.27858,0.2771,0.27562,0.27302,0.26928,0.26554,0.25983,0.25216,0.24448,0.23488,0.22337,0.21185,0.1995,0.18629,0.17309,0.16032,0.14798,0.13565,0.12483,0.11552,0.10621,0.09902,0.093948,0.088875,0.085587,0.084084,0.08258,0.081625,0.081217,0.080807,0.079573,0.077512,0.075451,0.072189,0.067729,0.063268,0.058404,0.053136,0.047869,0.043054,0.038688,0.034322,0.030504,0.027233,0.023962,0.021338,0.01936,0.017383,0.013663,0.0081995,0.0027341
0,0,0,0,-0.28241,-0.28112,-0.27225,-0.25581,-0.23938,-0.21802,-0.19174,-0.16546,-0.13801,-0.1094,-0.080772,-0.05416,-0.02956,-0.004955,0.014996,0.03029,0.045586,0.057291,0.0654,0.073512,0.082225,0.091536,0.10085,0.11463,0.13289,0.15116,0.1671,0.18073,0.19435,0.20199,0.20365,0.2053,0.20079,0.19012,0.17945,0.16902,0.15883,0.14865,0.13777,0.1262,0.11463,0.10442,0.095581,0.086739,0.079335,0.073373,0.067412,0.060936,0.053945,0.046953,0.039393,0.031262,0.023132,0.019091,0.01914,0.01919,0.021862,0.027156,0.015973,0.013923,0.0078827,0.0018423,-0.0022678,-0.0044466,-0.0066254,0,0,0,0,0,0,0,0,0,0,0,0,0,0,0,0,0,0,0,0,0,0,0,0,0,0,0,0,0,0,0,0,0,0,0,0,0,0,0,0,0,0,0,0,0,0,0,0,0,-0.028865,-0.048119,-0.061843,-0.1241,-0.1491,-0.15969,-0.15589,-0.15209,-0.15095,-0.15249,-0.15402,-0.1595,-0.16892,-0.17834,-0.18596,-0.19177,-0.19758,-0.20648,-0.21846,-0.23045,-0.25348,-0.28754,-0.3216,-0.36059,-0.40455,-0.44851,-0.48202,-0.50508,-0.52814,-0.54399,-0.55261,-0.56124,-0.5643,-0.56178,-0.55926,-0.54573,-0.5212,-0.49667,-0.45323,-0.39087,-0.32851,-0.24917,-0.15285,-0.056526,0.06967,0.23873,0.35411,0.34204,0.24446,0.13308,0.054789,0.014513,-0.0071043,-0.030293,-0.068055,-0.12554,-0.19429,-0.25915,-0.30623,-0.32499,-0.31827,-0.29571,-0.26012,-0.21259,-0.15846,-0.16325,-0.21615,-0.27353,-0.38644,-0.48584,-0.50914,-0.49323,-0.4576,-0.42155,-0.39514,-0.3827,-0.3839,-0.38859,-0.38448,-0.36797,-0.34348,-0.31874,-0.29665,-0.27201,-0.23616,-0.18282,-0.15767,-0.1606,-0.17093,-0.24261,-0.29622,-0.28083,-0.16254,0.021824,0.098426,0.1551,0.13659,0.087267,0.072193,0.093972,0.13696,0.18728,0.23558,0.27574,0.30658,0.32608,0.3296,0.31691,0.29808,0.28364,0.27184,0.25558,0.23196,0.20092,0.16368,0.12247,0.078459,0.030816,-0.021276,-0.078242,-0.141,-0.20955,-0.28613,-0.36626,-0.43215,-0.4729,-0.48476,-0.47848,-0.47728,-0.48784,-0.49523,-0.49173,-0.47248,-0.43618,-0.39709,-0.34723,-0.27586,-0.20964,-0.16539,-0.13106,-0.098713,0,0,0,0,0,0,0,0,0,0,0.046585,0.055372,0.071141,0.12412,0.21317,0.28029,0.27882,0.22628,0.16885,0.13323,0.11457,0.098247,0.072663,0.030563,-0.03009,-0.10284,-0.15732,-0.16532,-0.13868,-0.10658,-0.08626,-0.073626,-0.062406,-0.054969,-0.052877,-0.056024,-0.063153,-0.072451,-0.080981,-0.085153,-0.081852,-0.068691,-0.045287,-0.014447,0.017783,0.043034,0.054634,0.050995,0.025619,0.017121,0.01641,0,0,0,0,0,0,0,0,0,0,0,0.15867,0.1725,0.15213,0,0,0,0,0,0,-0.5171,-0.70892,-0.77694,-0.63796,0,0,0,0,0,0,0,0,0,0,0,0,0,0,0,-0.15878,-0.26467,-0.30793,-0.28854,-0.26915,-0.24382,-0.21257,-0.18131,-0.1503,-0.11952,-0.088751,-0.056454,-0.022627,0.011199,0.045563,0.080464,0.11536,0.15097,0.18728,0.22358,0.26154,0.30118,0.34082,0.37885,0.41527,0.45168,0.4849,0.51492,0.54495,0.56862,0.58593,0.60324,0.61689,0.62689,0.63689,0.63648,0.62567,0.61486,0.60418,0.59362,0.58307,0.5683,0.5493,0.53031,0.50559,0.47513,0.44468,0.41497,0.38599,0.35702,0.31927,0.27276,0.22624,0.17685,0.12459,0.072327,0.016884,-0.041728,-0.10035,-0.15927,-0.21848,-0.27769,-0.33293,-0.38418,-0.43544,-0.48013,-0.51824,-0.55636,-0.58713,-0.61054,-0.63394,-0.64982,-0.65815,-0.66649,-0.6678,-0.66208,-0.65636,-0.64482,-0.62745,-0.61009,-0.58865,-0.56315,-0.53765,-0.51034,-0.48123,-0.45212,-0.42332,-0.39484,-0.36636,-0.33973,-0.31495,-0.29017,-0.26829,-0.24931,-0.23032,-0.21486,-0.20294,-0.19102,-0.18264,-0.17782,-0.17299,-0.17092,-0.17159,-0.17226,-0.17445,-0.17818,-0.1819,-0.18622,-0.19113,-0.19605,-0.201,-0.206,-0.211,-0.21559,-0.21978,-0.22397,-0.22697,-0.2288,-0.23063,-0.22998,-0.22687,-0.22376,-0.21715,-0.20703,-0.19692,-0.18327,-0.16609,-0.1489,-0.12894,-0.10622,-0.083504,-0.059211,-0.033342,-0.007474,0.018591,0.044857,0.071124,0.096254,0.12025,0.14425,0.16595,0.18538,0.2048,0.22119,0.23455,0.24791,0.25823,0.26551,0.2728,0.27781,0.28057,0.28332,0.28477,0.28492,0.28507,0.28429,0.2826,0.2809,0.27785,0.27344,0.26903,0.26263,0.25426,0.24588,0.23576,0.2239,0.21203,0.19959,0.18658,0.17357,0.16126,0.14967,0.13807,0.12813,0.11985,0.11156,0.10527,0.10098,0.096696,0.09391,0.092623,0.091336,0.090281,0.089459,0.088637,0.086742,0.083775,0.080808,0.076506,0.070871,0.065235,0.059246,0.052902,0.046558,0.040864,0.035823,0.030781,0.026413,0.022718,0.019024,0.016022,0.013713,0.011405,0.0085425,0.0051261,0.0017092
0,0,0,0,-0.26736,-0.26492,-0.25661,-0.24241,-0.22822,-0.20975,-0.18702,-0.16429,-0.14038,-0.1153,-0.090218,-0.06612,-0.043008,-0.019886,-0.00089085,0.013977,0.028851,0.040295,0.04831,0.056326,0.064405,0.072544,0.080686,0.092471,0.10789,0.12332,0.13985,0.15748,0.17511,0.18566,0.18913,0.19259,0.1911,0.18463,0.17816,0.17028,0.16098,0.15169,0.1416,0.13071,0.11983,0.10999,0.10119,0.092392,0.084545,0.077652,0.070759,0.063057,0.054549,0.046039,0.038528,0.032017,0.025508,0.022754,0.023759,0.024764,0.026501,0.028971,0.03144,0.026738,0.014866,0.0029923,-0.0056697,-0.011115,-0.01656,0,0,0,0,0,0,0,0,0,0,0,0,0,0,0,0,0,0,0,0,0,0,0,0,0,0,0,0,0,0,0,0,0,0,0,0,0,0,0,0,0,0,0,0,0,0,0,0,0,0,0,0,-0.092182,-0.1344,-0.15223,-0.14564,-0.13906,-0.13503,-0.13356,-0.1321,-0.13763,-0.15016,-0.1627,-0.17238,-0.17921,-0.18604,-0.10013,-0.10541,-0.1107,-0.12249,-0.14079,-0.15908,-0.1796,-0.40488,-0.45195,-0.4833,-0.49893,-0.51456,-0.52484,-0.52977,-0.5347,-0.53612,-0.53404,-0.53196,-0.52007,-0.49837,-0.47666,-0.43443,-0.37165,-0.30887,-0.227,-0.12604,-0.02507,0.14446,0.3768,0.47523,0.18712,0.12231,0.060756,0.023333,0.0072048,-0.00053057,-0.010502,-0.029389,-0.062936,-0.22714,-0.34454,-0.42653,-0.45545,-0.45436,-0.43786,-0.40182,-0.33711,-0.2511,-0.2609,-0.14857,-0.35124,-0.43777,-0.53883,-0.56131,-0.539,-0.49957,-0.46157,-0.43382,-0.42161,-0.42356,-0.4282,-0.42239,-0.40222,-0.3749,-0.35108,-0.33441,-0.31698,-0.28397,-0.22302,-0.20086,-0.10148,-0.18487,-0.23824,-0.29368,-0.23801,-0.103,0.069692,0.21823,0.26801,0.19416,0.0842,0.012499,0.0032253,0.056154,0.14178,0.22062,0.2743,0.30174,0.30994,0.3051,0.29034,0.27341,0.26195,0.25296,0.2376,0.21199,0.17753,0.13704,0.093613,0.049055,0.002796,-0.046596,-0.1006,-0.16057,-0.23009,-0.31166,-0.39049,-0.44372,-0.45599,-0.41332,-0.34576,-0.31487,-0.33865,-0.38872,-0.43636,-0.46717,-0.48156,-0.47586,-0.4262,-0.33007,-0.2304,-0.16409,-0.12068,-0.047497,0,0,0,0,0,0,0,0,0,0,0.05194,0.04886,0.064829,0.14061,0.25171,0.31803,0.2986,0.22868,0.16617,0.1286,0.10448,0.077837,0.040529,-0.0056527,-0.055245,-0.10375,-0.14127,-0.15408,-0.14355,-0.12106,-0.098781,-0.08193,-0.069348,-0.061659,-0.059299,-0.062065,-0.06861,-0.077276,-0.084882,-0.08707,-0.080985,-0.06533,-0.040267,-0.0082373,0.026557,0.058148,0.078755,0.081895,0.067277,0.046451,0.042056,0,0,0,0,0,0,0,0,0,0,0.042246,0.12309,0.14927,0.15047,0,0,0,0,0,0,-0.46844,-0.71553,-0.75373,-0.55356,0,0,0,0,0,0,0,0,0,0,0,0,0,0,0,-0.15108,-0.25183,-0.2954,-0.28178,-0.26814,-0.24685,-0.21791,-0.18896,-0.15824,-0.12575,-0.093248,-0.060009,-0.026026,0.0079648,0.04194,0.075906,0.10987,0.14457,0.17998,0.2154,0.25269,0.29184,0.33099,0.36684,0.39942,0.43199,0.46518,0.49901,0.53284,0.55687,0.57109,0.58531,0.59818,0.60969,0.62121,0.62244,0.61338,0.60433,0.59682,0.59085,0.58489,0.57295,0.55505,0.53714,0.51393,0.48543,0.45692,0.42963,0.40356,0.37749,0.34211,0.2974,0.25269,0.20586,0.15689,0.10792,0.055038,-0.0017438,-0.05853,-0.11653,-0.17574,-0.23495,-0.29078,-0.34322,-0.39566,-0.44195,-0.48209,-0.52223,-0.55543,-0.5817,-0.60797,-0.62669,-0.63786,-0.64902,-0.65283,-0.64928,-0.64572,-0.63621,-0.62073,-0.60525,-0.58567,-0.56199,-0.53831,-0.51256,-0.48476,-0.45696,-0.42912,-0.40124,-0.37336,-0.34702,-0.32221,-0.2974,-0.27523,-0.2557,-0.23617,-0.22014,-0.20762,-0.1951,-0.18634,-0.18135,-0.17637,-0.17442,-0.17552,-0.17661,-0.1794,-0.1839,-0.18839,-0.1934,-0.19893,-0.20446,-0.20979,-0.21491,-0.22004,-0.22445,-0.22814,-0.23182,-0.23404,-0.23479,-0.23554,-0.23373,-0.22935,-0.22497,-0.21722,-0.20611,-0.19499,-0.18062,-0.16298,-0.14534,-0.12528,-0.10279,-0.080293,-0.056494,-0.031389,-0.0062839,0.018968,0.044375,0.06978,0.094222,0.11771,0.14119,0.1627,0.18222,0.20175,0.21853,0.23257,0.24661,0.25775,0.266,0.27424,0.28018,0.28381,0.28744,0.28954,0.29011,0.29068,0.29001,0.28809,0.28617,0.28267,0.27759,0.27251,0.26544,0.25636,0.24728,0.23664,0.22442,0.21221,0.19969,0.18687,0.17404,0.1622,0.15135,0.1405,0.13144,0.12417,0.11691,0.11152,0.10802,0.10452,0.10223,0.10116,0.10009,0.098938,0.097702,0.096466,0.093911,0.090037,0.086164,0.080822,0.074013,0.067203,0.060087,0.052667,0.045247,0.038676,0.032957,0.027239,0.022321,0.018203,0.014086,0.010707,0.0080667,0.0054268,0.0034225,0.0020535,0.00068465
0,0,0,0,-0.252,-0.2488,-0.24111,-0.22893,-0.21675,-0.20115,-0.18213,-0.16311,-0.14259,-0.12056,-0.098524,-0.07669,-0.055042,-0.033391,-0.01539,-0.0010369,0.013317,0.024486,0.032466,0.040444,0.048164,0.055624,0.063084,0.073516,0.086913,0.10031,0.11635,0.13505,0.15374,0.16556,0.17047,0.17539,0.17629,0.17318,0.17005,0.16475,0.15725,0.14975,0.14093,0.13077,0.12062,0.11152,0.10347,0.095433,0.087444,0.079509,0.071572,0.063518,0.055348,0.047177,0.040367,0.034924,0.029481,0.027047,0.027625,0.028204,0.028192,0.027588,0.026983,0.021288,0.010505,-0.00028095,-0.0083513,-0.013702,-0.019051,-0.0089732,-0.0066033,-0.0042331,1.4549e-06,0.0061001,0.012199,0.018872,0,0,0,0,0,0,0,0,0,0,0,0,0,0,0,0,0,0,0,0,0,0,0,0,0,0,0,0,0,0,0,0,0,0,0,0,0,0,0,0,0,0,0,0,0,-0.073476,-0.12247,-0.14339,-0.13624,-0.12908,-0.12356,-0.11969,-0.11581,-0.11738,-0.1244,-0.13142,-0.13799,-0.1441,-0.15022,0,0,0,0,0,0,0,-0.37451,-0.4397,-0.47637,-0.48455,-0.49271,-0.49816,-0.50087,-0.50357,-0.50444,-0.50348,-0.50252,-0.4927,-0.47402,-0.45533,-0.41656,-0.35769,-0.29883,-0.21818,-0.11574,-0.013291,0.17042,0.45723,0.26577,0,0,0,0,0,0,0,0,0,-0.25597,-0.44648,-0.54332,-0.57901,-0.58937,-0.58892,-0.56743,-0.49958,-0.40489,-0.37059,0,-0.40499,-0.47185,-0.56118,-0.58898,-0.56924,-0.53119,-0.49279,-0.46451,-0.45214,-0.45258,-0.45565,-0.45049,-0.4333,-0.41062,-0.3931,-0.38571,-0.38066,-0.35818,-0.31793,-0.25555,0,-0.17358,-0.19249,-0.20747,-0.13595,-0.01606,0.11581,0.23336,0.13815,0.1006,0.037028,0.01166,-0.041551,-0.020828,0.097046,0.19497,0.25577,0.28203,0.28581,0.27793,0.26427,0.24985,0.23744,0.22409,0.20426,0.17568,0.14049,0.10178,0.061574,0.020241,-0.023284,-0.070286,-0.12106,-0.17922,-0.25296,-0.33323,-0.39886,-0.43749,-0.43063,-0.35373,-0.28073,-0.27318,-0.30538,-0.3452,-0.38971,-0.4538,-0.51348,-0.53635,-0.48378,-0.35757,-0.23068,-0.15185,-0.057524,0,0,0,0,0,0,0,0,0,0,0.022409,0.046966,0.044787,0.077216,0.17202,0.28639,0.33988,0.30758,0.23216,0.16464,0.12006,0.089163,0.054704,0.0084074,-0.043437,-0.08702,-0.1139,-0.12662,-0.13235,-0.1338,-0.12607,-0.11021,-0.092668,-0.07948,-0.07261,-0.07063,-0.073958,-0.081181,-0.089299,-0.094384,-0.092459,-0.081809,-0.063032,-0.037084,-0.0052232,0.030599,0.06668,0.096117,0.10964,0.10115,0.074786,0.05572,0,0,0,0,0,0,0,0,0,0,0.062537,0.097877,0.13513,0.15561,0,0,0,0,0,-0.13209,-0.49551,-0.70811,-0.69798,-0.47958,0,0,0,0,0,0,0,0,0,0,0,0,0,0,0,-0.073616,-0.1227,-0.14456,-0.27311,-0.26415,-0.24682,-0.22111,-0.1954,-0.16608,-0.13314,-0.10019,-0.066868,-0.033164,0.00054619,0.033848,0.066745,0.099643,0.13344,0.16813,0.20283,0.23944,0.27796,0.31649,0.35154,0.38313,0.41473,0.44719,0.48054,0.51389,0.53797,0.55278,0.56758,0.58057,0.59175,0.60292,0.6057,0.60008,0.59445,0.58928,0.58456,0.57984,0.56922,0.55269,0.53616,0.5154,0.4904,0.46539,0.44056,0.4159,0.39123,0.35809,0.31646,0.27482,0.23107,0.18519,0.1393,0.089003,0.034315,-0.02037,-0.076984,-0.13552,-0.19404,-0.24982,-0.30288,-0.35594,-0.40334,-0.44509,-0.48686,-0.52204,-0.55064,-0.57924,-0.6004,-0.6141,-0.6278,-0.63401,-0.63273,-0.63145,-0.62408,-0.61062,-0.59716,-0.57951,-0.55769,-0.53586,-0.51177,-0.48541,-0.45905,-0.43231,-0.4052,-0.37808,-0.35216,-0.32743,-0.3027,-0.28036,-0.26038,-0.24042,-0.22388,-0.21077,-0.19766,-0.18849,-0.18326,-0.17804,-0.17616,-0.17764,-0.17912,-0.18253,-0.18786,-0.19319,-0.19898,-0.20523,-0.21148,-0.21723,-0.22247,-0.22771,-0.23182,-0.2348,-0.23777,-0.23897,-0.23838,-0.2378,-0.23465,-0.22894,-0.22322,-0.2144,-0.20246,-0.19053,-0.17568,-0.15794,-0.14019,-0.12038,-0.098507,-0.076636,-0.053688,-0.029665,-0.0056414,0.018579,0.042993,0.067408,0.091152,0.11422,0.13729,0.15876,0.17861,0.19847,0.21589,0.23085,0.24582,0.25799,0.26737,0.27675,0.28369,0.28819,0.29268,0.2953,0.29603,0.29676,0.29584,0.29327,0.2907,0.28635,0.28023,0.2741,0.26613,0.2563,0.24648,0.23543,0.22316,0.21088,0.19862,0.18636,0.17411,0.16306,0.15321,0.14336,0.13533,0.12911,0.1229,0.11836,0.11549,0.11262,0.11065,0.10956,0.10848,0.10701,0.10516,0.10331,0.099955,0.095096,0.090238,0.083872,0.075998,0.068123,0.059991,0.051604,0.043219,0.035828,0.029435,0.023043,0.017645,0.013241,0.0088377,0.0053225,0.0026956,6.9093e-05,-0.0010371,-0.00062271,-0.00020763
0,0,0,0,-0.23634,-0.23275,-0.22576,-0.21537,-0.20498,-0.19221,-0.17707,-0.16193,-0.14463,-0.12516,-0.10569,-0.085861,-0.065667,-0.045472,-0.028503,-0.014756,-0.001007,0.0098661,0.017868,0.025869,0.033506,0.040781,0.048054,0.057777,0.069954,0.08213,0.096628,0.11344,0.13026,0.14168,0.14769,0.15369,0.15638,0.15576,0.15514,0.15244,0.14764,0.14285,0.13576,0.12638,0.117,0.10902,0.10244,0.095866,0.088033,0.078943,0.069853,0.06232,0.056343,0.050366,0.044911,0.03998,0.035048,0.031968,0.03074,0.029511,0.026935,0.023008,0.019081,0.012606,0.0035818,-0.0054423,-0.011447,-0.014431,-0.017414,-0.016186,-0.010747,-0.0053071,0.0038039,0.016585,0.029368,0.042192,0.028937,0.034554,0.032111,0.021604,0.011098,0.003435,-0.001385,-0.0062032,-0.007921,-0.0065377,-0.0051536,-0.0037529,-0.0023364,-0.00091997,0.00019617,0.0010117,0.0018269,0.0027151,0.0036761,0.0046373,0,0,0,0,0,0,0,0,0,0,0,0,0,0,0,0,0,0,0,0,0,0,0,0,0,-0.067985,-0.1133,-0.1332,-0.12767,-0.12214,-0.11653,-0.11085,-0.055245,-0.054036,-0.054011,-0.053983,-0.055193,-0.05764,-0.060082,0,0,0,0,0,0,0,-0.31344,-0.41173,-0.46123,-0.46193,-0.46262,-0.46394,-0.4659,-0.46786,-0.46926,-0.4701,-0.47094,-0.46362,-0.44814,-0.43267,-0.39962,-0.349,-0.29838,-0.22269,-0.12192,-0.021155,0.14255,0.42834,0,0,0,0,0,0,0,0,0,0,-0.13576,-0.46831,-0.62706,-0.67583,-0.70253,-0.71983,-0.71208,-0.65012,-0.54174,-0.39007,-0.086288,-0.35981,-0.48661,-0.58068,-0.61779,-0.60992,-0.5789,-0.54226,-0.51055,-0.48977,-0.48008,-0.47681,-0.47281,-0.46199,-0.44587,-0.4323,-0.42657,-0.42439,-0.41015,-0.37331,-0.25122,-0.028371,-0.095296,-0.10268,-0.089952,-0.028484,0.055531,0.1358,0.19967,0,0,0,0.033569,-0.03284,-0.047472,0.068124,0.16496,0.22709,0.25659,0.26264,0.25608,0.24422,0.22953,0.21153,0.18904,0.16196,0.13118,0.097886,0.063401,0.028224,-0.008461,-0.048336,-0.089589,-0.13192,-0.19054,-0.26378,-0.33013,-0.37552,-0.39353,-0.37023,-0.30053,-0.25938,-0.15478,-0.31184,-0.31693,-0.35044,-0.44868,-0.54302,-0.57805,-0.50649,-0.34999,-0.20364,-0.070801,0,0,0,0,0,0,0,0,0,0,0.015879,0.034798,0.03671,0.059713,0.11957,0.218,0.30902,0.33528,0.2963,0.22828,0.16221,0.11425,0.078907,0.038676,-0.016288,-0.078766,-0.12544,-0.1376,-0.12551,-0.11856,-0.12349,-0.1254,-0.1192,-0.10509,-0.09213,-0.086595,-0.084972,-0.088223,-0.095942,-0.1034,-0.1048,-0.09779,-0.082887,-0.06166,-0.035463,-0.00458,0.030968,0.0697,0.10655,0.1317,0.13385,0.10839,0.070903,0,0,0,0,0,0,0,0,0,-0.010076,0.0061345,0.037578,0.099888,0.14629,0.061998,0,0,0,0,-0.30872,-0.55513,-0.68484,-0.61497,-0.40243,-0.073601,0,0,0,0,0,0,0,0,0,0,0,0,0,0,0,0,0,-0.13391,-0.25718,-0.24373,-0.22218,-0.20063,-0.1738,-0.14169,-0.10959,-0.077035,-0.044047,-0.011059,0.021284,0.052979,0.084671,0.11759,0.15172,0.18585,0.2218,0.25957,0.29733,0.33295,0.36643,0.39991,0.43093,0.4595,0.48808,0.51191,0.53099,0.55006,0.56409,0.57306,0.58203,0.58626,0.58575,0.58523,0.58157,0.57475,0.56793,0.5571,0.54225,0.5274,0.51,0.49006,0.47011,0.44776,0.423,0.39825,0.36722,0.32993,0.29263,0.25249,0.20948,0.16646,0.11879,0.066453,0.014127,-0.040627,-0.097795,-0.15496,-0.21008,-0.26317,-0.31626,-0.36429,-0.40726,-0.45025,-0.48695,-0.51735,-0.54776,-0.57094,-0.58688,-0.60282,-0.61135,-0.61246,-0.61356,-0.60845,-0.59713,-0.5858,-0.57018,-0.55025,-0.53032,-0.50796,-0.48318,-0.4584,-0.43291,-0.40672,-0.38052,-0.35515,-0.33062,-0.30609,-0.28367,-0.26336,-0.24306,-0.22607,-0.21239,-0.19872,-0.1891,-0.18355,-0.17799,-0.17613,-0.17796,-0.17979,-0.18382,-0.19006,-0.1963,-0.20295,-0.21003,-0.21711,-0.22332,-0.22867,-0.23402,-0.23772,-0.23977,-0.24182,-0.24175,-0.23957,-0.23739,-0.23275,-0.22564,-0.21853,-0.20868,-0.1961,-0.18352,-0.16847,-0.15095,-0.13343,-0.11425,-0.093391,-0.072537,-0.050796,-0.028169,-0.0055421,0.017422,0.040716,0.064011,0.087036,0.10978,0.13253,0.15412,0.17454,0.19496,0.21324,0.22938,0.24552,0.25894,0.26964,0.28033,0.28835,0.2937,0.29904,0.30203,0.30266,0.30329,0.30178,0.29813,0.29448,0.28888,0.28134,0.27379,0.26471,0.25409,0.24348,0.23215,0.2201,0.20805,0.19638,0.18508,0.17378,0.16383,0.15524,0.14665,0.13979,0.13466,0.12954,0.12578,0.12339,0.121,0.11915,0.11783,0.1165,0.11451,0.11184,0.10917,0.10487,0.098952,0.093028,0.085653,0.076823,0.067995,0.05896,0.049717,0.040475,0.032322,0.025258,0.018193,0.012384,0.0078323,0.0032803,-0.00013055,-0.0023999,-0.0046686,-0.0048364,-0.0029027,-0.00096801
0,0,0,0,-0.22069,-0.2167,-0.21041,-0.20181,-0.1932,-0.18327,-0.17201,-0.16075,-0.14667,-0.12976,-0.11285,-0.095031,-0.076293,-0.057554,-0.041614,-0.028475,-0.015331,-0.0047495,0.0032733,0.011297,0.01885,0.025936,0.033022,0.042043,0.052998,0.063958,0.076905,0.091844,0.10679,0.11781,0.12491,0.132,0.13648,0.13835,0.14023,0.14012,0.13804,0.13595,0.1306,0.12199,0.11338,0.10652,0.10141,0.096297,0.088619,0.078376,0.068133,0.06112,0.057337,0.053554,0.049453,0.045034,0.040614,0.036887,0.033854,0.030819,0.025678,0.018429,0.011181,0.0039247,-0.0033377,-0.010601,-0.014542,-0.015159,-0.015776,-0.012666,-0.0058285,0.0010095,0.011403,0.025353,0.039306,0.051085,0.060689,0.070294,0.065015,0.044852,0.024688,0.0085825,-0.0034614,-0.015502,-0.019796,-0.016339,-0.012879,-0.0093787,-0.0058378,-0.0022969,0.00049378,0.0025323,0.00457,0.0067909,0.0091937,0.011596,0,0,0,0,0,0,0,0,0,0,0,0,0,0,0,0,0,0,0,0,0,0,0,0,0,-0.03262,-0.054361,-0.064054,-0.061695,-0.059332,-0.056506,-0.053215,0,0,0,0,0,0,0,0,0,0,0,0,0,0,-0.14145,-0.19887,-0.22683,-0.43929,-0.4325,-0.4297,-0.43091,-0.43212,-0.43405,-0.43669,-0.43933,-0.43452,-0.2176,-0.21067,-0.19558,-0.17233,-0.14907,-0.22717,-0.12809,-0.029018,0.094788,0.32966,0,0,0,0,0,0,0,0,0,0,0,-0.43173,-0.65944,-0.7244,-0.76708,-0.79234,-0.7847,-0.72532,-0.59193,-0.38705,-0.26631,-0.34877,-0.50296,-0.60274,-0.64471,-0.64643,-0.62312,-0.58675,-0.54713,-0.51459,-0.49565,-0.48903,-0.48768,-0.48271,-0.47042,-0.45302,-0.43507,-0.41875,-0.395,-0.32954,-0.19659,-0.07743,-0.040691,-0.03327,-0.0061596,0.042037,0.087953,0.1095,0.10604,0,0,0,0.0095925,-0.022201,-0.026619,0.05167,0.13339,0.19687,0.23254,0.24396,0.23977,0.22722,0.20883,0.18315,0.15155,0.11869,0.086586,0.054987,0.023862,-0.0074387,-0.040136,-0.071007,-0.10009,-0.13882,-0.19386,-0.24743,-0.28521,-0.30618,-0.30344,-0.26941,-0.2294,-0.20664,0,-0.25613,-0.27149,-0.32762,-0.45125,-0.55815,-0.58384,-0.48344,-0.16937,-0.091347,0,0,0,0,0,0,0,0,0,0,0.012129,0.022948,0.010072,0.028391,0.093956,0.18607,0.27151,0.31732,0.30848,0.26449,0.20895,0.15619,0.11533,0.079882,0.034699,-0.030984,-0.10706,-0.16231,-0.16738,-0.13863,-0.12055,-0.12137,-0.12644,-0.12478,-0.11419,-0.10499,-0.10164,-0.10169,-0.10475,-0.11016,-0.11433,-0.11189,-0.10131,-0.084006,-0.06158,-0.03546,-0.0057131,0.028766,0.068433,0.11026,0.145,0.15835,0.13957,0.092876,0,0,0,0,0,0,0,0,-0.036466,-0.055788,-0.054752,-0.032388,0.045378,0.12286,0.13281,0,0,0,-0.11378,-0.39543,-0.58888,-0.62856,-0.50028,-0.2929,-0.14081,0,0,0,0,0,0,0,0,0,0,0,0,0,0,0,0,0,0,-0.25021,-0.24063,-0.22324,-0.20585,-0.18152,-0.15025,-0.11898,-0.087208,-0.054935,-0.022661,0.0087179,0.039207,0.069699,0.10173,0.1353,0.16886,0.20415,0.24117,0.27818,0.31436,0.34973,0.38508,0.41466,0.43846,0.46227,0.48585,0.5092,0.53254,0.5476,0.55437,0.56114,0.56682,0.57142,0.57602,0.57386,0.56494,0.55602,0.54498,0.53181,0.51864,0.50461,0.48972,0.47482,0.45495,0.4301,0.40525,0.37635,0.3434,0.31045,0.27391,0.23377,0.19363,0.14857,0.098591,0.04862,-0.0042658,-0.060074,-0.11588,-0.17034,-0.22346,-0.27657,-0.32523,-0.36944,-0.41364,-0.45184,-0.48406,-0.51626,-0.54147,-0.55966,-0.57784,-0.58869,-0.59218,-0.59567,-0.59282,-0.58364,-0.57445,-0.56084,-0.54281,-0.52477,-0.50416,-0.48095,-0.45775,-0.4335,-0.40823,-0.38295,-0.35814,-0.33381,-0.30947,-0.28698,-0.26634,-0.24571,-0.22827,-0.21402,-0.19978,-0.18971,-0.18383,-0.17795,-0.1761,-0.17828,-0.18046,-0.18512,-0.19226,-0.19941,-0.20693,-0.21483,-0.22273,-0.22941,-0.23487,-0.24032,-0.24361,-0.24474,-0.24586,-0.24453,-0.24076,-0.23698,-0.23084,-0.22234,-0.21383,-0.20296,-0.18974,-0.17651,-0.16126,-0.14397,-0.12668,-0.10812,-0.088279,-0.06844,-0.047906,-0.026674,-0.0054429,0.01626,0.038439,0.060616,0.082918,0.10535,0.12778,0.14948,0.17046,0.19144,0.21059,0.22791,0.24523,0.25989,0.2719,0.28391,0.29301,0.29921,0.3054,0.30877,0.3093,0.30983,0.30772,0.30299,0.29826,0.29141,0.28245,0.27348,0.2633,0.25188,0.24047,0.22886,0.21704,0.20522,0.19414,0.18379,0.17344,0.1646,0.15727,0.14994,0.14426,0.14022,0.13617,0.1332,0.13129,0.12939,0.12765,0.12609,0.12453,0.122,0.11852,0.11503,0.10979,0.10281,0.095819,0.087434,0.07765,0.067866,0.057926,0.04783,0.037733,0.028817,0.021081,0.013345,0.0071248,0.0024239,-0.0022763,-0.0055827,-0.007494,-0.0094048,-0.0086341,-0.0051816,-0.0017279
0,0,0,0,-0.20949,-0.20446,-0.19831,-0.19105,-0.18378,-0.17584,-0.16724,-0.15863,-0.14689,-0.13199,-0.11709,-0.10103,-0.083793,-0.066556,-0.051951,-0.03998,-0.028007,-0.018095,-0.010244,-0.0023946,0.0050517,0.012095,0.019137,0.027732,0.037879,0.048027,0.059895,0.073486,0.08708,0.097549,0.1049,0.11225,0.11761,0.12098,0.12435,0.12604,0.12603,0.12603,0.12222,0.11461,0.107,0.10111,0.096954,0.092795,0.085335,0.074574,0.063812,0.057691,0.056213,0.054735,0.052149,0.048458,0.044766,0.040604,0.035976,0.031346,0.024653,0.015898,0.0071418,-0.00014239,-0.0059527,-0.011763,-0.014292,-0.013539,-0.012785,-0.0085507,-0.00083385,0.006883,0.017448,0.030863,0.044279,0.053908,0.059747,0.065587,0.059771,0.042297,0.02482,0.0098038,-0.0027483,-0.0153,-0.019576,-0.015574,-0.011568,-0.0071464,-0.0023086,0.0025294,0.0065171,0.0096526,0.012787,0.016229,0.019978,0.023725,0.020475,0.025585,0.030694,0.03598,0.041441,0.046902,0,0,0,0,0,0,0,0,0,0,0,0,0,0,0,0,0,0,0,0,0,0,0,0,0,0,0,0,0,0,0,0,0,0,0,0,0,0,0,0,0,0,0,-0.35661,-0.34784,-0.3438,-0.34449,-0.34518,-0.34701,-0.34997,-0.35292,-0.34995,0,0,0,0,0,-0.19117,-0.10931,-0.027454,0.037473,0.13892,0,0,0,0,0,0,0,0,0,0,0,-0.46678,-0.64157,-0.71663,-0.76895,-0.79661,-0.78861,-0.72983,-0.61357,-0.488,-0.42853,-0.45689,-0.53687,-0.61078,-0.64835,-0.65219,-0.62979,-0.58862,-0.5411,-0.50359,-0.48418,-0.47993,-0.4822,-0.48128,-0.46987,-0.44492,-0.41123,-0.37623,-0.33206,-0.2605,-0.17505,-0.10634,-0.059439,-0.021318,0.019208,0.054895,0.067852,0.047617,0.0016682,0,0,0,0.014212,0.0071494,-0.0046362,0.035145,0.10748,0.17387,0.21357,0.22765,0.22374,0.20811,0.18413,0.15255,0.11597,0.079392,0.045088,0.012815,-0.017752,-0.047502,-0.07198,-0.09364,-0.1204,-0.15455,-0.18976,-0.21284,-0.22321,-0.22641,-0.21882,-0.19175,-0.16175,-0.12625,-0.023758,-0.18083,-0.25362,-0.332,-0.44359,-0.53305,-0.53672,-0.42954,0,0,0,0,0,0,0,0,0,0,0,0.0036346,0.012729,-0.0048961,-0.016082,0.023925,0.12806,0.2517,0.32517,0.32544,0.27668,0.22036,0.17609,0.14343,0.11689,0.087075,0.038681,-0.038947,-0.12894,-0.19092,-0.19437,-0.15718,-0.12552,-0.1152,-0.11832,-0.12093,-0.11495,-0.10997,-0.1116,-0.11646,-0.12193,-0.12538,-0.12492,-0.1184,-0.10505,-0.086072,-0.062963,-0.036977,-0.0082034,0.02489,0.063883,0.10733,0.14767,0.1709,0.16186,0.11759,0.037132,0,0,0,0,0,0,0,-0.097961,-0.099966,-0.085617,-0.055368,0.021634,0.11035,0.14042,0,0,0,-0.26907,-0.45642,-0.56515,-0.52556,-0.36203,-0.22057,-0.15332,0,0,0,0,0,0,0,0,0,0,0,0,0,0,0,0,0,0,-0.24154,-0.23507,-0.22115,-0.20722,-0.18538,-0.15563,-0.12588,-0.095481,-0.064451,-0.03342,-0.0031199,0.026457,0.056035,0.08718,0.1199,0.15262,0.18688,0.22269,0.25849,0.29405,0.32936,0.36467,0.39276,0.41365,0.43453,0.45763,0.48293,0.50823,0.5248,0.53261,0.54043,0.54741,0.55356,0.55971,0.55912,0.55179,0.54446,0.53498,0.52335,0.51171,0.50008,0.48845,0.47682,0.45894,0.43479,0.41064,0.38372,0.35404,0.32436,0.2908,0.25334,0.21588,0.17347,0.1261,0.078742,0.028194,-0.025542,-0.079276,-0.13241,-0.18493,-0.23745,-0.28626,-0.33137,-0.37646,-0.41593,-0.4498,-0.48366,-0.51073,-0.53098,-0.55123,-0.56422,-0.56994,-0.57566,-0.57495,-0.56781,-0.56067,-0.54898,-0.53273,-0.51649,-0.49752,-0.47582,-0.45412,-0.43112,-0.40682,-0.38253,-0.35839,-0.3344,-0.31041,-0.28805,-0.26732,-0.2466,-0.22895,-0.21439,-0.19983,-0.18951,-0.18341,-0.17731,-0.17544,-0.17781,-0.18018,-0.1852,-0.19287,-0.20055,-0.20858,-0.21697,-0.22536,-0.23226,-0.23767,-0.24308,-0.24592,-0.24617,-0.24642,-0.24398,-0.23885,-0.23373,-0.22637,-0.21679,-0.20722,-0.19566,-0.18212,-0.16859,-0.15342,-0.13664,-0.11985,-0.1021,-0.08338,-0.064661,-0.045344,-0.025426,-0.0055074,0.015072,0.03632,0.057569,0.079328,0.10161,0.12389,0.14584,0.16746,0.18907,0.20909,0.22751,0.24594,0.26171,0.27484,0.28796,0.2979,0.30466,0.31142,0.31487,0.31501,0.31515,0.31223,0.30627,0.30031,0.29217,0.28187,0.27157,0.26044,0.24848,0.23652,0.22488,0.21356,0.20225,0.19199,0.1828,0.17361,0.16596,0.15986,0.15376,0.14912,0.14593,0.14274,0.14031,0.13864,0.13696,0.1351,0.13305,0.13101,0.12776,0.12332,0.11887,0.11269,0.10477,0.096842,0.087641,0.077163,0.066682,0.056103,0.045426,0.034752,0.025306,0.017087,0.0088685,0.0024225,-0.002249,-0.0069191,-0.0096325,-0.010388,-0.011143,-0.0096005,-0.0057615,-0.0019212
0,0,0,0,-0.20277,-0.19602,-0.18945,-0.18308,-0.1767,-0.16992,-0.16275,-0.15558,-0.14527,-0.13184,-0.11841,-0.10385,-0.088169,-0.072485,-0.059518,-0.049273,-0.039029,-0.030165,-0.022682,-0.015199,-0.0078852,-0.0007415,0.006401,0.014846,0.024593,0.034341,0.045597,0.058362,0.071125,0.080894,0.087669,0.094442,0.099765,0.10364,0.10751,0.11017,0.11164,0.1131,0.11063,0.10425,0.097862,0.092808,0.089086,0.085365,0.078181,0.067536,0.056889,0.052033,0.05297,0.053908,0.053002,0.050253,0.047503,0.043121,0.037108,0.031093,0.023862,0.015412,0.0069619,0.00040221,-0.0042644,-0.0089285,-0.010698,-0.0095711,-0.0084437,-0.0038409,0.0042371,0.012316,0.021942,0.033116,0.04429,0.050664,0.052234,0.053805,0.047694,0.033899,0.020101,0.0088213,5.9146e-05,-0.0087041,-0.01123,-0.0075168,-0.0038015,0.0010638,0.0070798,0.013096,0.018361,0.022875,0.027387,0.032383,0.037863,0.043342,0.051293,0.061715,0.072137,0.081957,0.091173,0.10039,0.049892,0.038943,0.027991,0.01933,0.012961,0.0065914,0,0,0,0,0,0,0,0,0,0,0,0,0,0,0,0,0,0,0,0,0,0,0,0,0,0,0,0,0,0,0,0,0,0,0,0,0,-0.14264,-0.13913,-0.13751,-0.13779,-0.13807,-0.1388,-0.13998,-0.14116,-0.13997,0,0,0,0,0,-0.076467,-0.043728,-0.010979,0.0044971,0.0026985,0,0,0,0,0,0,0,0,0,0,0,-0.4643,-0.58733,-0.67075,-0.72895,-0.7596,-0.7555,-0.71139,-0.64169,-0.57588,-0.53646,-0.53316,-0.55895,-0.59272,-0.61351,-0.61124,-0.58534,-0.54099,-0.49239,-0.45591,-0.43886,-0.4388,-0.44591,-0.44808,-0.43618,-0.40792,-0.37004,-0.32801,-0.27879,-0.22295,-0.16823,-0.11889,-0.074494,-0.032419,0.0045966,0.024567,0.016494,-0.020342,-0.071652,-0.045418,-0.013546,-0.012514,-0.0066787,0.0089143,-0.0036886,0.020754,0.096272,0.16202,0.20002,0.21149,0.20507,0.18614,0.15699,0.12064,0.081295,0.042012,0.0044121,-0.03061,-0.062812,-0.086063,-0.10273,-0.13116,-0.1707,-0.19501,-0.19263,-0.1816,-0.1748,-0.17276,-0.17548,-0.17089,-0.14702,-0.10373,-0.084915,-0.15012,-0.25756,-0.34562,-0.41621,-0.456,-0.43192,-0.35895,0,0,0,0,0,0,0,0,0,0,-0.0034484,-0.0014149,-0.0094483,-0.027379,-0.023875,0.028807,0.14758,0.28749,0.36195,0.3372,0.25616,0.18287,0.14012,0.12099,0.11001,0.090118,0.042442,-0.044021,-0.14704,-0.21535,-0.21886,-0.17442,-0.12761,-0.10526,-0.099741,-0.10278,-0.1027,-0.10209,-0.11057,-0.12206,-0.13215,-0.13733,-0.1361,-0.12714,-0.11112,-0.090664,-0.069765,-0.045507,-0.015135,0.019048,0.058098,0.10184,0.14249,0.17057,0.17365,0.14183,0.085684,0,0,0,0,0,0,-0.068187,-0.12193,-0.094401,-0.069171,-0.03915,0.026346,0.10035,0.12707,0.042847,-0.0061623,-0.085343,-0.32224,-0.45546,-0.48129,-0.38033,-0.2256,-0.18065,-0.086113,0,0,0,0,0,0,0,0,0,0,0,0,0,0,0,0,0,0,-0.23116,-0.22704,-0.2159,-0.20475,-0.1854,-0.15784,-0.13028,-0.10186,-0.072591,-0.043326,-0.01422,0.014729,0.043675,0.073936,0.10552,0.1371,0.16997,0.20412,0.23827,0.27201,0.30534,0.33867,0.36524,0.38505,0.40485,0.42723,0.45219,0.47714,0.49568,0.50779,0.5199,0.52802,0.53217,0.53631,0.53736,0.53531,0.53325,0.5271,0.51685,0.50661,0.49641,0.48626,0.47611,0.45971,0.43706,0.4144,0.38933,0.36185,0.33437,0.30315,0.26817,0.2332,0.19347,0.14898,0.1045,0.056779,0.0058109,-0.045151,-0.096279,-0.14758,-0.19887,-0.24736,-0.29304,-0.33871,-0.37923,-0.4146,-0.44996,-0.47871,-0.50085,-0.52297,-0.53794,-0.54574,-0.55353,-0.55484,-0.54965,-0.54447,-0.53459,-0.52002,-0.50545,-0.48804,-0.46778,-0.44752,-0.42576,-0.4025,-0.37925,-0.35589,-0.3324,-0.30892,-0.28688,-0.2663,-0.24572,-0.22812,-0.21351,-0.1989,-0.18849,-0.18229,-0.17608,-0.17417,-0.17656,-0.17895,-0.18406,-0.19189,-0.19972,-0.20791,-0.21646,-0.225,-0.23188,-0.23709,-0.2423,-0.24463,-0.24406,-0.2435,-0.2401,-0.23386,-0.22762,-0.21934,-0.20902,-0.19869,-0.18677,-0.17326,-0.15974,-0.14498,-0.12896,-0.11294,-0.096185,-0.078693,-0.0612,-0.043111,-0.024424,-0.0057354,0.013857,0.034359,0.054866,0.076267,0.098567,0.12087,0.14318,0.16551,0.18783,0.20872,0.22818,0.24765,0.2644,0.27844,0.29248,0.30302,0.31006,0.3171,0.32035,0.3198,0.31925,0.31531,0.30796,0.30062,0.29117,0.27962,0.26807,0.25616,0.24388,0.23161,0.2202,0.20967,0.19913,0.18995,0.18211,0.17428,0.16791,0.163,0.1581,0.15437,0.15181,0.14925,0.14712,0.14543,0.14373,0.14149,0.13872,0.13594,0.13179,0.12625,0.12071,0.11357,0.10483,0.0961,0.086275,0.075359,0.064442,0.053491,0.042511,0.031533,0.021789,0.013277,0.0047647,-0.0017228,-0.0061864,-0.010649,-0.012281,-0.011083,-0.0098834,-0.0077367,-0.0046426,-0.0015479
0,0,0,0,-0.19604,-0.18758,-0.1806,-0.17511,-0.16962,-0.16401,-0.15826,-0.15252,-0.14366,-0.13169,-0.11972,-0.10667,-0.092544,-0.078412,-0.067084,-0.058566,-0.050048,-0.042231,-0.035116,-0.028,-0.020821,-0.013579,-0.0063359,0.0019602,0.011308,0.020657,0.031299,0.043236,0.055174,0.064244,0.070446,0.076644,0.081926,0.086296,0.090666,0.094312,0.097239,0.10017,0.099047,0.093887,0.088725,0.084502,0.081218,0.077934,0.071027,0.060496,0.049964,0.046373,0.049726,0.05308,0.053853,0.052046,0.050238,0.045636,0.038238,0.03084,0.02307,0.014926,0.0067816,0.00094708,-0.0025748,-0.0060944,-0.0071044,-0.0056037,-0.0041021,0.00086831,0.0093079,0.017749,0.026435,0.035366,0.0443,0.047419,0.044722,0.042027,0.035621,0.025503,0.015385,0.0078389,0.0028657,-0.0021065,-0.0028819,0.00054151,0.0039662,0.009275,0.016469,0.023663,0.030206,0.036097,0.041987,0.048537,0.055748,0.062959,0.071978,0.082805,0.093632,0.10195,0.10775,0.11356,0.10643,0.086376,0.066313,0.048322,0.032403,0.016483,0,0,0,0,0,0,0,0,0,0,0,0,0,0,0,0,0,0,0,0,0,0,0,0,0,0,0,0,0,0,0,0,0,0,0,0,0,0,0,0,0,0,0,0,0,0,0,0,0,0,0,0,0,0,0,0,0,0,0,0,0,0,0,0,0,-0.092159,-0.14117,-0.40337,-0.51784,-0.6086,-0.67067,-0.70341,-0.70757,-0.68886,-0.65579,-0.61902,-0.58602,-0.56026,-0.54754,-0.54677,-0.54544,-0.53182,-0.50222,-0.46095,-0.41845,-0.3867,-0.37324,-0.37795,-0.39146,-0.39862,-0.38868,-0.3646,-0.33569,-0.30291,-0.2632,-0.21861,-0.17339,-0.12983,-0.088627,-0.052794,-0.029043,-0.024529,-0.042869,-0.08148,-0.12124,-0.12528,-0.074688,-0.055355,-0.022089,-0.014829,-0.0025207,0.027354,0.10087,0.15941,0.18969,0.19478,0.18353,0.16124,0.12869,0.088476,0.045286,0.0020855,-0.039452,-0.077708,-0.099914,-0.11635,-0.14826,-0.19168,-0.2324,-0.24188,-0.21507,-0.17499,-0.15133,-0.1478,-0.15608,-0.1685,-0.16567,-0.15191,-0.15261,-0.19232,-0.27144,-0.34451,-0.36638,-0.33864,-0.28923,-0.25549,0,0,0,0,0,0,0,0,0,0,-0.010867,-0.020967,-0.034873,-0.033334,-0.0061283,0.048684,0.15153,0.28161,0.36239,0.34542,0.25909,0.16833,0.11276,0.093306,0.090833,0.079914,0.035808,-0.05375,-0.16546,-0.2372,-0.23208,-0.17533,-0.12034,-0.050155,-0.044707,-0.044602,-0.045967,-0.087498,-0.10445,-0.11995,-0.13173,-0.13925,-0.13998,-0.13449,-0.12257,-0.10441,-0.084348,-0.059973,-0.030942,0.0016236,0.04209,0.091256,0.13836,0.17035,0.17848,0.15797,0.11112,0.036583,0,0,0,0,-0.075987,-0.14173,-0.11247,-0.040146,-0.02415,-0.015948,0.026043,0.076581,0.088517,0.059211,-0.032706,-0.18112,-0.31827,-0.38717,-0.35005,-0.22782,-0.16153,-0.1717,0,0,0,0,0,0,0,0,0,0,0,0,0,0,0,0,0,0,0,-0.11298,-0.11151,-0.10664,-0.20228,-0.18541,-0.16005,-0.13467,-0.10823,-0.08073,-0.053226,-0.025316,0.003001,0.031315,0.060694,0.09114,0.12159,0.15306,0.18554,0.21804,0.24997,0.28132,0.31268,0.33772,0.35644,0.37517,0.39684,0.42145,0.44606,0.46656,0.48297,0.49937,0.50864,0.51078,0.51292,0.5156,0.51882,0.52204,0.51922,0.51036,0.5015,0.49273,0.48406,0.47539,0.46048,0.43932,0.41816,0.39495,0.36966,0.34438,0.3155,0.28301,0.25052,0.21347,0.17186,0.13026,0.085364,0.037165,-0.011029,-0.060156,-0.11022,-0.16029,-0.20846,-0.25471,-0.30097,-0.34253,-0.37939,-0.41625,-0.44669,-0.47071,-0.49472,-0.51166,-0.52154,-0.5314,-0.53472,-0.5315,-0.52827,-0.5202,-0.50731,-0.49441,-0.47855,-0.45973,-0.44091,-0.4204,-0.39819,-0.37597,-0.35338,-0.3304,-0.30742,-0.28571,-0.26528,-0.24484,-0.22729,-0.21263,-0.19796,-0.18748,-0.18116,-0.17485,-0.1729,-0.17531,-0.17772,-0.18292,-0.19091,-0.1989,-0.20724,-0.21594,-0.22464,-0.23149,-0.2365,-0.24152,-0.24334,-0.24196,-0.24058,-0.23622,-0.22887,-0.22151,-0.2123,-0.20124,-0.19017,-0.17789,-0.1644,-0.1509,-0.13653,-0.12128,-0.10603,-0.09027,-0.074005,-0.057737,-0.040876,-0.023421,-0.0059649,0.012641,0.0324,0.052162,0.073206,0.095528,0.11785,0.14053,0.16356,0.18659,0.20835,0.22886,0.24936,0.26709,0.28205,0.297,0.30814,0.31546,0.32278,0.32583,0.32459,0.32336,0.31838,0.30966,0.30093,0.29017,0.27737,0.26456,0.25187,0.23928,0.2267,0.21553,0.20577,0.19602,0.18791,0.18143,0.17495,0.16985,0.16615,0.16244,0.15962,0.15769,0.15576,0.15393,0.15221,0.15049,0.14788,0.14438,0.14088,0.13581,0.12917,0.12254,0.11445,0.1049,0.095358,0.084909,0.073556,0.0622,0.05088,0.039597,0.028314,0.018271,0.0094675,0.00066266,-0.0058677,-0.010123,-0.014378,-0.014931,-0.011779,-0.0086258,-0.0058747,-0.0035247,-0.0011754
0,0,0,0,-0.19123,-0.18343,-0.17687,-0.17154,-0.16621,-0.16062,-0.15476,-0.1489,-0.14069,-0.13013,-0.11958,-0.108,-0.095399,-0.082796,-0.072807,-0.065432,-0.058056,-0.050887,-0.043925,-0.036965,-0.030105,-0.023345,-0.016585,-0.0086441,0.00047966,0.009603,0.019756,0.030942,0.042129,0.050472,0.055973,0.061471,0.066409,0.070789,0.075171,0.079241,0.083001,0.086761,0.086491,0.082194,0.077897,0.074418,0.071758,0.069098,0.062598,0.052254,0.041909,0.039008,0.043553,0.048101,0.049957,0.049121,0.048284,0.044233,0.036966,0.029699,0.022352,0.014922,0.0074918,0.0024229,-0.00028266,-0.0029873,-0.0033954,-0.0015055,0.00038479,0.0052649,0.013135,0.021006,0.028341,0.035138,0.041938,0.043255,0.039088,0.03492,0.029284,0.02218,0.015075,0.010322,0.0079234,0.0055263,0.0061773,0.0098783,0.01358,0.019401,0.027342,0.035283,0.042846,0.050027,0.057208,0.064966,0.073301,0.081637,0.090866,0.10099,0.11111,0.11743,0.11994,0.12245,0.11514,0.098024,0.080902,0.063772,0.046633,0.029492,0.01633,0.017381,0.018433,0.020998,0.025074,0,0,0,0,0,0,0,0,0,0,0,0,0,0,0,0,0,0,0,0,0,0,0,0,0,0,0,0,0,0,0,0,0,0,0,0,0,0,0,0,0,0,0,0,0,0,0,0,0,0,0,0,0,0,0,0,0,0,0,0,-0.18544,-0.27175,-0.36255,-0.4567,-0.54442,-0.60941,-0.64791,-0.66385,-0.66284,-0.64845,-0.6224,-0.58636,-0.54606,-0.51201,-0.48926,-0.47097,-0.44888,-0.42026,-0.38688,-0.35332,-0.32653,-0.31518,-0.32338,-0.34271,-0.35465,-0.34954,-0.3357,-0.32283,-0.3065,-0.27773,-0.2385,-0.1955,-0.1512,-0.11007,-0.08049,-0.06851,-0.076144,-0.10148,-0.13992,-0.18315,-0.21393,-0.22036,-0.15461,0,-0.022834,0.013656,0.058062,0.1172,0.16117,0.18001,0.17722,0.1601,0.13298,0.096736,0.052933,0.0045913,-0.044818,-0.091243,-0.12402,-0.13897,-0.16672,-0.21215,-0.25596,-0.28366,-0.26562,-0.22674,-0.19173,-0.16405,-0.15321,-0.15851,-0.1733,-0.1832,-0.19026,-0.20446,-0.2317,-0.27729,-0.31548,-0.29307,-0.21383,-0.14609,-0.127,-0.019178,-0.022873,0,0,0,0,0,0,0,-0.0053988,-0.017523,-0.03862,-0.057888,-0.035714,0.020048,0.076306,0.14666,0.2458,0.32722,0.33472,0.26766,0.17378,0.10299,0.071181,0.064462,0.05429,0.011657,-0.075567,-0.18337,-0.24501,-0.22804,-0.1679,-0.11218,0,0,0,0,-0.039922,-0.050908,-0.11427,-0.12923,-0.1381,-0.14272,-0.14309,-0.1346,-0.1176,-0.094759,-0.067348,-0.042593,-0.021083,0.013333,0.067558,0.127,0.17079,0.18747,0.1718,0.13397,0.08747,0,0,0,-0.070569,-0.16534,-0.15139,-0.052041,0,0,-0.010724,0.017878,0.046912,0.041081,0.0014441,-0.077355,-0.18683,-0.27148,-0.28175,-0.13813,-0.078216,-0.081281,-0.096513,0,0,0,0,0,0,0,0,0,0,0,0,0,0,0,-0.046332,-0.07723,-0.093569,0,0,0,0,-0.19322,-0.17919,-0.15674,-0.13428,-0.11042,-0.085172,-0.059916,-0.033664,-0.006418,0.020829,0.048954,0.077955,0.10696,0.13662,0.16695,0.19728,0.22709,0.25639,0.28568,0.30997,0.32926,0.34855,0.36955,0.39225,0.41495,0.43576,0.45467,0.47358,0.48479,0.4883,0.4918,0.49592,0.50067,0.50541,0.50408,0.49667,0.48926,0.4818,0.47429,0.46678,0.4542,0.43656,0.41892,0.39843,0.3751,0.35177,0.32506,0.29495,0.26484,0.23048,0.19187,0.15327,0.11124,0.065776,0.02032,-0.026742,-0.075409,-0.12407,-0.1716,-0.21799,-0.26438,-0.30663,-0.34474,-0.38284,-0.41476,-0.44052,-0.46627,-0.485,-0.49672,-0.50843,-0.51354,-0.51206,-0.51058,-0.50413,-0.49272,-0.4813,-0.4668,-0.4492,-0.4316,-0.4122,-0.39098,-0.36977,-0.34804,-0.3258,-0.30357,-0.28248,-0.26254,-0.2426,-0.22541,-0.21097,-0.19654,-0.18613,-0.17974,-0.17336,-0.17123,-0.17334,-0.17546,-0.18035,-0.18801,-0.19566,-0.20369,-0.2121,-0.22051,-0.22703,-0.23166,-0.23628,-0.23763,-0.2357,-0.23376,-0.22887,-0.221,-0.21314,-0.20358,-0.19234,-0.1811,-0.16889,-0.15573,-0.14256,-0.12875,-0.11428,-0.09981,-0.084932,-0.069646,-0.054359,-0.0384,-0.021772,-0.0051432,0.012849,0.032205,0.051563,0.072447,0.094854,0.11726,0.14022,0.16371,0.1872,0.20951,0.23063,0.25174,0.26999,0.28539,0.30078,0.31209,0.31931,0.32653,0.32914,0.32713,0.32512,0.31919,0.30935,0.29951,0.2878,0.2742,0.26061,0.24755,0.23502,0.22249,0.2118,0.20296,0.19412,0.18709,0.18188,0.17667,0.17269,0.16995,0.16721,0.16502,0.16338,0.16175,0.15988,0.15776,0.15565,0.15236,0.14787,0.14339,0.13731,0.12961,0.12191,0.11301,0.1029,0.092786,0.081995,0.070524,0.059051,0.047693,0.036451,0.025208,0.01523,0.0065172,-0.002195,-0.0086196,-0.012755,-0.01689,-0.017309,-0.01401,-0.01071,-0.0075507,-0.0045307,-0.0015113
0,0,0,0,-0.18833,-0.18359,-0.17826,-0.17236,-0.16646,-0.15975,-0.15223,-0.14471,-0.13636,-0.12716,-0.11797,-0.10783,-0.096736,-0.085642,-0.076687,-0.06987,-0.063052,-0.056131,-0.04911,-0.042091,-0.035736,-0.030042,-0.024351,-0.016969,-0.0078947,0.0011785,0.010967,0.021474,0.031981,0.039571,0.044246,0.048919,0.053208,0.057115,0.061025,0.064961,0.068921,0.072883,0.072966,0.069171,0.065377,0.062557,0.060708,0.05886,0.052894,0.04281,0.032725,0.029939,0.034456,0.038974,0.041317,0.041481,0.041643,0.038914,0.033294,0.027672,0.021708,0.0154,0.009092,0.0048286,0.0026108,0.00039323,0.00043042,0.0027236,0.0050173,0.0093493,0.01572,0.022091,0.027663,0.032435,0.037208,0.038173,0.035329,0.032484,0.028682,0.023926,0.01917,0.016271,0.015231,0.014192,0.015946,0.020493,0.02504,0.031442,0.039698,0.047956,0.056278,0.064663,0.073048,0.081668,0.090521,0.099376,0.10796,0.11627,0.12458,0.1284,0.12773,0.12706,0.11926,0.10434,0.089419,0.075347,0.062131,0.048913,0.043189,0.044962,0.046738,0.051085,0.058002,0.035771,0.036173,0.034138,0.032103,0.025904,0.015543,0,0,0,0,0,0,0,0,0,0,0,0,0,0,0,0,0,0,0,0,0,0,0,0,0,0,0,0,0,0,0,0,0,0,0,0,0,0,0,0,0,0,0,0,0,0,3.7177e-05,0.00015712,0.00038071,0.00067705,0,0,0,-0.066191,-0.18458,-0.25036,-0.32684,-0.40998,-0.49116,-0.55905,-0.60519,-0.62866,-0.63343,-0.62292,-0.59708,-0.55881,-0.51635,-0.47757,-0.44558,-0.4192,-0.39629,-0.37478,-0.35194,-0.32462,-0.29667,-0.28301,-0.29223,-0.31257,-0.32596,-0.32804,-0.32722,-0.32931,-0.32759,-0.31137,-0.27955,-0.23737,-0.19065,-0.14705,-0.1164,-0.1084,-0.12389,-0.15434,-0.19496,-0.2458,-0.29752,-0.33191,-0.22364,-0.027389,0.0045818,0.051979,0.093379,0.13467,0.1637,0.17087,0.15956,0.13526,0.10176,0.06043,0.011426,-0.044075,-0.10196,-0.15528,-0.1904,-0.21292,-0.24263,-0.27575,-0.31038,-0.32167,-0.2715,-0.21871,-0.2063,-0.19627,-0.18264,-0.18047,-0.18915,-0.20113,-0.21583,-0.2293,-0.24064,-0.25716,-0.26148,-0.21772,-0.12398,-0.039688,-0.0073261,-0.0027948,-0.025446,0,0,0,0,0,0,0,-0.0061007,-0.018281,-0.049446,-0.075706,-0.044755,0.030589,0.094445,0.14352,0.2056,0.27138,0.29745,0.26099,0.18458,0.10987,0.063146,0.041239,0.019724,-0.029589,-0.11115,-0.19793,-0.23564,-0.2092,-0.15871,-0.055446,0,0,0,0,0,0,-0.10404,-0.12761,-0.1414,-0.15008,-0.15128,-0.14127,-0.12411,-0.097309,-0.065194,-0.039117,-0.022663,-0.00027105,0.044614,0.10231,0.15373,0.18355,0.18015,0.15212,0.1094,0.029568,-0.0012418,-0.036328,-0.14595,-0.18349,-0.15293,0,0,0,-0.0091898,0.016194,0.035212,0.014623,-0.041192,-0.1044,-0.16604,-0.20106,-0.18843,0,0,0,0,0,0,0,0,0,0,0,0,0,0,0,0,0,0,0,-0.088737,-0.14791,-0.093569,0,0,0,0,-0.17757,-0.16673,-0.14792,-0.1291,-0.10843,-0.085916,-0.063393,-0.039264,-0.013528,0.012211,0.038707,0.065962,0.093218,0.12068,0.14834,0.17599,0.20339,0.23054,0.25769,0.28201,0.3035,0.32499,0.34536,0.36459,0.38382,0.40327,0.42291,0.44255,0.45649,0.46473,0.47296,0.47834,0.48086,0.48338,0.48169,0.4758,0.4699,0.46362,0.45695,0.45027,0.44089,0.42878,0.41667,0.3998,0.37817,0.35654,0.33181,0.30398,0.27615,0.2445,0.20902,0.17354,0.13442,0.091654,0.048892,0.0039684,-0.043128,-0.090211,-0.13679,-0.18288,-0.22896,-0.27155,-0.31064,-0.34973,-0.38294,-0.41028,-0.43762,-0.45795,-0.47129,-0.48461,-0.4913,-0.49136,-0.4914,-0.48637,-0.47625,-0.46613,-0.45277,-0.43618,-0.41958,-0.40116,-0.38089,-0.36063,-0.33987,-0.31861,-0.29735,-0.27718,-0.25809,-0.23899,-0.22248,-0.20855,-0.19463,-0.18445,-0.17803,-0.17161,-0.16915,-0.17067,-0.17218,-0.17635,-0.18318,-0.19001,-0.19727,-0.20495,-0.21263,-0.2185,-0.22255,-0.2266,-0.22752,-0.22528,-0.22305,-0.21805,-0.21027,-0.2025,-0.19318,-0.18233,-0.17148,-0.15979,-0.14726,-0.13473,-0.12163,-0.10795,-0.094284,-0.080172,-0.065618,-0.051062,-0.035681,-0.019473,-0.003266,0.014481,0.033774,0.053069,0.073993,0.096546,0.1191,0.14224,0.16596,0.18967,0.21218,0.23349,0.2548,0.27313,0.28848,0.30383,0.31487,0.32161,0.32835,0.33028,0.32741,0.32453,0.31775,0.30705,0.29636,0.28405,0.27012,0.2562,0.24319,0.23109,0.21899,0.20903,0.20122,0.19341,0.18749,0.18346,0.17943,0.17641,0.1744,0.17239,0.17055,0.16888,0.16722,0.16495,0.16207,0.1592,0.15491,0.1492,0.14349,0.13627,0.12756,0.11884,0.10926,0.098826,0.088387,0.077532,0.066264,0.054994,0.043929,0.033072,0.022214,0.012665,0.0044273,-0.0038101,-0.0099801,-0.014082,-0.018184,-0.019415,-0.017776,-0.016135,-0.012762,-0.0076583,-0.0010166
0,0,0,0,-0.18544,-0.18374,-0.17966,-0.17319,-0.16671,-0.15889,-0.14971,-0.14053,-0.13203,-0.12419,-0.11637,-0.10766,-0.098075,-0.08849,-0.080567,-0.074307,-0.068045,-0.061374,-0.054294,-0.047216,-0.041364,-0.036739,-0.032114,-0.025291,-0.016268,-0.0072437,0.0021809,0.012009,0.021837,0.028674,0.032521,0.036366,0.040008,0.043444,0.046881,0.050681,0.054843,0.059007,0.059441,0.05615,0.052858,0.050694,0.049657,0.048621,0.04319,0.033366,0.02354,0.020869,0.025357,0.029849,0.032677,0.033839,0.035001,0.033595,0.02962,0.025644,0.021063,0.015878,0.010691,0.0072328,0.0055024,0.003772,0.0042548,0.0069517,0.0096485,0.013432,0.018304,0.023175,0.026985,0.029733,0.032481,0.033094,0.031572,0.030049,0.028083,0.025675,0.023266,0.02222,0.022538,0.022859,0.025716,0.031107,0.0365,0.043482,0.052055,0.060629,0.069711,0.0793,0.088888,0.098368,0.10774,0.11711,0.12505,0.13154,0.13804,0.13937,0.13552,0.13168,0.12339,0.11066,0.097936,0.086923,0.077627,0.068333,0.064242,0.065358,0.066477,0.069263,0.073712,0.078163,0.07994,0.079045,0.07815,0.064749,0.038853,0,0,0,0,0,0,0,0,0,0,0,0,0,0,0,0,0,0,0,0,0,0,0,0,0,0,0,0,0,0,0,0,0,0,0,0,0,0,0,0,0,0,0,0,0,0,-2.2815e-05,0.00025182,0.00092633,0.0012905,0,0,0,-0.1232,-0.1742,-0.22818,-0.29444,-0.37053,-0.44771,-0.51444,-0.56292,-0.59099,-0.59942,-0.5894,-0.56253,-0.5246,-0.48602,-0.4527,-0.42656,-0.40891,-0.39614,-0.38217,-0.36121,-0.32868,-0.29412,-0.27791,-0.28518,-0.30436,-0.32379,-0.33804,-0.34818,-0.35684,-0.36275,-0.35833,-0.33447,-0.29174,-0.24068,-0.19191,-0.15583,-0.14403,-0.15798,-0.18744,-0.22669,-0.27268,-0.31257,-0.30384,-0.20141,-0.07606,0.004468,0.062361,0.10701,0.14153,0.1616,0.16118,0.14225,0.11007,0.069051,0.02035,-0.03685,-0.10144,-0.1681,-0.22813,-0.27368,-0.30141,-0.31564,-0.32909,-0.33615,-0.31842,-0.26097,-0.21602,-0.21997,-0.22918,-0.22695,-0.22273,-0.22227,-0.22061,-0.21917,-0.21651,-0.21287,-0.21387,-0.20559,-0.16236,-0.075807,0.022149,0.078323,0.065655,0.014416,0,0,0,0,0,0,0,0.0097138,-0.012116,-0.052342,-0.091241,-0.072025,0.01515,0.1012,0.14545,0.17191,0.20945,0.24136,0.23509,0.18789,0.12382,0.069314,0.029665,-0.012978,-0.077189,-0.15475,-0.21316,-0.21739,-0.17826,-0.13648,0,0,0,0,0,0,0,-0.048763,-0.11499,-0.14421,-0.15763,-0.15684,-0.14818,-0.133,-0.1035,-0.064609,-0.026059,0.0018356,0.018066,0.04243,0.080667,0.12275,0.15277,0.16209,0.15225,0.11925,0.06953,0.0087194,-0.069053,-0.14786,-0.17604,-0.13353,0,0,0,-0.0076194,0.0095127,0.027406,0.0018406,-0.054127,-0.10032,-0.12866,-0.1262,-0.076033,0,0,0,0,0,0,0,0,0,0,0,0,0,0,0,0,0,0,0,-0.080873,-0.070675,0,0,0,0,0,-0.16193,-0.15427,-0.1391,-0.12392,-0.10644,-0.086658,-0.066869,-0.044863,-0.020638,0.0035908,0.028459,0.053969,0.079475,0.10472,0.12971,0.15469,0.17968,0.20469,0.22968,0.25403,0.27773,0.30143,0.32117,0.33694,0.3527,0.37078,0.39115,0.41152,0.42819,0.44116,0.45412,0.46075,0.46105,0.46134,0.4593,0.45492,0.45054,0.44544,0.4396,0.43377,0.42757,0.421,0.41443,0.40118,0.38124,0.3613,0.33856,0.31301,0.28747,0.25852,0.22616,0.19381,0.1576,0.11753,0.077463,0.034679,-0.010839,-0.05636,-0.102,-0.14777,-0.19355,-0.23647,-0.27654,-0.31662,-0.35113,-0.38005,-0.40897,-0.43091,-0.44586,-0.46079,-0.46906,-0.47065,-0.47223,-0.46861,-0.45978,-0.45095,-0.43874,-0.42315,-0.40756,-0.39011,-0.3708,-0.3515,-0.3317,-0.31142,-0.29114,-0.27188,-0.25364,-0.23539,-0.21956,-0.20613,-0.19271,-0.18277,-0.17631,-0.16985,-0.16708,-0.16799,-0.1689,-0.17235,-0.17836,-0.18436,-0.19084,-0.19779,-0.20474,-0.20996,-0.21344,-0.21692,-0.2174,-0.21487,-0.21234,-0.20723,-0.19954,-0.19185,-0.18278,-0.17232,-0.16186,-0.15069,-0.13879,-0.12689,-0.1145,-0.10163,-0.088758,-0.07541,-0.061588,-0.047764,-0.032961,-0.017174,-0.001388,0.016116,0.035346,0.054578,0.075541,0.09824,0.12094,0.14426,0.1682,0.19213,0.21485,0.23635,0.25785,0.27626,0.29156,0.30686,0.31765,0.32391,0.33016,0.33142,0.32768,0.32394,0.3163,0.30475,0.2932,0.2803,0.26604,0.25179,0.23882,0.22716,0.21549,0.20627,0.19949,0.19271,0.1879,0.18505,0.1822,0.18013,0.17885,0.17757,0.17608,0.17438,0.17268,0.17002,0.16638,0.16275,0.15746,0.15052,0.14358,0.13524,0.12551,0.11577,0.10552,0.094754,0.083987,0.07307,0.062005,0.050939,0.040167,0.029692,0.01922,0.010101,0.0023374,-0.0054252,-0.011341,-0.015409,-0.019478,-0.021522,-0.02154,-0.021558,-0.017974,-0.010786,0
0,0,0,0,-0.18445,-0.18439,-0.18074,-0.17351,-0.16628,-0.15766,-0.14767,-0.13767,-0.12913,-0.12206,-0.11498,-0.10711,-0.098448,-0.08978,-0.082463,-0.076497,-0.070531,-0.064213,-0.057546,-0.050881,-0.045435,-0.041211,-0.036987,-0.030306,-0.021171,-0.012036,-0.0031113,0.005603,0.014317,0.020352,0.02371,0.027069,0.030256,0.033272,0.036288,0.039727,0.04359,0.047451,0.047768,0.04454,0.041312,0.039261,0.038386,0.037511,0.032151,0.022305,0.012457,0.0097212,0.014099,0.01848,0.021694,0.023739,0.025783,0.025559,0.023065,0.02057,0.017305,0.013269,0.0092336,0.0066927,0.0056473,0.0046025,0.0054892,0.0083086,0.011127,0.014671,0.01894,0.023209,0.026358,0.028387,0.030415,0.031437,0.031454,0.031471,0.031354,0.031101,0.030848,0.031533,0.033155,0.034778,0.038518,0.044375,0.050232,0.057351,0.06573,0.074111,0.083387,0.093557,0.10373,0.11346,0.12276,0.13206,0.13923,0.14427,0.14931,0.14936,0.14441,0.13946,0.13176,0.1213,0.11084,0.1023,0.095665,0.089034,0.085954,0.086422,0.086892,0.088356,0.090812,0.093269,0.094979,0.09594,0.096901,0.082919,0.054004,0,0,0,0,0,0,0,0,0,0,0,0,0,0,0,0,0,0,0,0,0,0,0,0,0,0,0,0,0,0,0,0,0,0,0,0,0,0,0,0,0,0,0,0,0,0,0.00086764,0.0013062,0.0014252,0.0013769,-0.0030996,-0.012772,-0.028126,-0.10515,-0.15453,-0.20711,-0.26931,-0.34041,-0.41234,-0.47551,-0.52321,-0.55239,-0.56222,-0.55421,-0.53044,-0.49753,-0.46757,-0.44752,-0.43848,-0.43831,-0.4366,-0.42171,-0.38934,-0.34412,-0.30343,-0.28467,-0.29024,-0.31449,-0.34746,-0.37605,-0.39377,-0.40336,-0.40936,-0.40681,-0.3845,-0.34196,-0.28972,-0.23866,-0.1947,-0.16478,-0.1573,-0.18071,-0.22476,-0.25636,-0.25875,-0.22512,-0.16499,-0.10114,-0.036677,0.0305,0.089125,0.129,0.14886,0.14634,0.12297,0.084138,0.034296,-0.024734,-0.092325,-0.16546,-0.23744,-0.29938,-0.3445,-0.37236,-0.37274,-0.35316,-0.32033,-0.27884,-0.24612,-0.23266,-0.2452,-0.2656,-0.27447,-0.27006,-0.25424,-0.22668,-0.19727,-0.17532,-0.16344,-0.16662,-0.16591,-0.13092,-0.052945,0.047922,0.11711,0.10999,0.041121,-0.017257,0,0,0,0,0.00081239,0.012789,0.028946,-0.004547,-0.051219,-0.10064,-0.10171,-0.016797,0.090871,0.14435,0.145,0.15155,0.17911,0.1947,0.17834,0.13513,0.082648,0.029697,-0.033671,-0.11422,-0.18813,-0.21721,-0.19063,-0.14142,-0.1039,0,0,0,0,0,0,0,0,-0.10334,-0.14287,-0.17095,-0.17129,-0.16025,-0.14716,-0.12071,-0.074459,-0.014542,0.032395,0.051767,0.060817,0.075135,0.095669,0.11486,0.12641,0.12862,0.11192,0.07482,0.016669,-0.062888,-0.12674,-0.1303,-0.086149,-0.022331,0,-0.010623,-0.012609,-0.0072579,0.0048591,-0.014065,-0.050475,-0.077852,-0.087244,-0.067726,0,0,0,0,0,0,0,0,0,0,0,0,0,0,0,0,0,0,0,0,-0.07214,0,0,0,0,0,0,-0.14577,-0.1404,-0.12844,-0.11649,-0.10179,-0.08435,-0.066904,-0.047005,-0.024649,-0.0022903,0.020184,0.042772,0.065357,0.087653,0.10966,0.13165,0.15393,0.17648,0.19904,0.22225,0.24612,0.26999,0.28969,0.3052,0.32072,0.33889,0.35973,0.38057,0.39878,0.41434,0.42991,0.43836,0.4397,0.44103,0.44018,0.43716,0.43413,0.43019,0.42534,0.42049,0.41652,0.41343,0.41034,0.39965,0.38137,0.36309,0.34232,0.31906,0.29581,0.26949,0.2401,0.21071,0.17727,0.13977,0.10228,0.061585,0.017691,-0.026208,-0.070744,-0.11592,-0.16111,-0.20397,-0.24452,-0.28507,-0.32039,-0.35044,-0.38051,-0.40369,-0.41998,-0.43626,-0.44585,-0.44876,-0.45166,-0.44924,-0.44149,-0.43374,-0.42251,-0.40782,-0.39312,-0.37663,-0.35833,-0.34003,-0.32134,-0.30223,-0.28313,-0.26501,-0.24786,-0.23071,-0.21576,-0.20302,-0.19028,-0.18066,-0.17415,-0.16764,-0.16444,-0.16454,-0.16465,-0.16711,-0.17192,-0.17674,-0.18206,-0.18787,-0.19368,-0.19798,-0.20076,-0.20354,-0.20369,-0.20119,-0.1987,-0.19393,-0.18688,-0.17982,-0.17149,-0.16187,-0.15225,-0.14189,-0.1308,-0.1197,-0.10802,-0.095746,-0.083473,-0.070557,-0.056999,-0.043442,-0.028751,-0.012924,0.0029017,0.020499,0.039872,0.059247,0.080286,0.10299,0.12569,0.14889,0.17259,0.19628,0.21867,0.23974,0.26081,0.27871,0.29345,0.30818,0.31833,0.32389,0.32946,0.33004,0.32565,0.32126,0.31313,0.30125,0.28937,0.27639,0.2623,0.24822,0.23567,0.22465,0.21364,0.2052,0.19935,0.19351,0.1896,0.18763,0.18567,0.18426,0.1834,0.18254,0.1811,0.17907,0.17705,0.1737,0.16904,0.16438,0.15795,0.14977,0.14158,0.1322,0.12164,0.11107,0.10033,0.089421,0.07851,0.06773,0.057082,0.046434,0.036206,0.0264,0.016597,0.0081292,0.00099711,-0.006133,-0.011681,-0.015646,-0.019612,-0.022089,-0.023079,-0.024069,-0.020472,-0.012285,-0.002037
0,0,0,0,-0.18538,-0.18553,-0.18151,-0.17334,-0.16516,-0.15608,-0.1461,-0.13612,-0.12767,-0.12075,-0.11383,-0.10619,-0.097852,-0.08951,-0.082373,-0.076441,-0.070509,-0.06465,-0.058868,-0.053087,-0.04795,-0.043459,-0.038969,-0.032017,-0.022608,-0.0132,-0.0049128,0.0022519,0.0094157,0.014603,0.017814,0.021023,0.023951,0.026599,0.029246,0.032099,0.035158,0.038217,0.037945,0.034342,0.030738,0.028255,0.026894,0.025533,0.019778,0.0096283,-0.00052328,-0.0035063,0.00068184,0.004871,0.0083699,0.011179,0.013987,0.014803,0.013627,0.012451,0.010434,0.0075762,0.0047186,0.0032085,0.0030469,0.002886,0.0041354,0.0067957,0.0094563,0.013069,0.017633,0.022196,0.025784,0.028397,0.03101,0.033203,0.034975,0.036748,0.038491,0.040204,0.041917,0.044209,0.047078,0.049947,0.054352,0.060294,0.066236,0.073046,0.080723,0.088402,0.097306,0.10744,0.11756,0.12695,0.13558,0.14422,0.15051,0.15445,0.15839,0.15837,0.1544,0.15043,0.14438,0.13626,0.12814,0.12147,0.11625,0.11103,0.10833,0.10816,0.10798,0.10836,0.1093,0.11024,0.10987,0.10819,0.10652,0.093374,0.068768,0.026844,0.017899,0.011237,0.0045752,0.00046915,-0.0010819,0,0,0,0,0,0,0,0,0,0,0,0,0,0,0,0,0,0,0,0,0,0,0,0,0,0,0,0,0,0,0,0,0,0,0,0,0,0,0,0,0.0022746,0.0030938,0.002896,0.0028946,-0.0047469,-0.022847,-0.05121,-0.088939,-0.13558,-0.19118,-0.25485,-0.32274,-0.38835,-0.44644,-0.49176,-0.51884,-0.52826,-0.52379,-0.50798,-0.48725,-0.47185,-0.46695,-0.46945,-0.47123,-0.46166,-0.43283,-0.38772,-0.3393,-0.30079,-0.28209,-0.29035,-0.32445,-0.37068,-0.41086,-0.43514,-0.4454,-0.44718,-0.44059,-0.42184,-0.3901,-0.3491,-0.30085,-0.23872,-0.19554,-0.17329,-0.16753,-0.20157,-0.21012,-0.17588,-0.14765,-0.12486,-0.091003,-0.047172,-0.0012803,0.049911,0.098632,0.12617,0.12576,0.10001,0.054399,-0.0057603,-0.076866,-0.15511,-0.23414,-0.30674,-0.36456,-0.40325,-0.41446,-0.37456,-0.32221,-0.28613,-0.25504,-0.24901,-0.26237,-0.28085,-0.29951,-0.3074,-0.2936,-0.2573,-0.20666,-0.16156,-0.13399,-0.12105,-0.12727,-0.13975,-0.11601,-0.042718,0.049174,0.11535,0.11476,0.047002,-0.03609,-0.043183,-0.039831,-0.01869,0.0062625,0.00081239,0.012789,0.01853,-0.0013968,-0.046691,-0.095873,-0.11588,-0.05884,0.04449,0.11196,0.11688,0.10659,0.11993,0.14622,0.15617,0.13846,0.097351,0.039651,-0.037341,-0.12737,-0.19641,-0.20477,-0.15862,-0.10799,-0.077974,0,0,0,0,0,0,0,0,-0.095252,-0.13722,-0.18619,-0.19528,-0.17965,-0.16309,-0.13681,-0.084341,-0.011086,0.050627,0.079836,0.084057,0.082054,0.083215,0.090296,0.10156,0.10596,0.093235,0.060255,0.0061194,-0.054829,-0.082281,-0.060069,-0.026637,-0.031342,0,-0.022892,-0.019154,-0.01918,-0.015824,-0.030606,-0.046325,-0.054468,-0.052853,-0.022414,0,0,0,0,0,0,0,0,0,0,0,0,0,0,0,0,0,0,0,0,-0.033672,0,0,0,0,0,-0.059824,-0.12909,-0.12509,-0.11595,-0.1068,-0.094483,-0.07899,-0.063496,-0.045688,-0.025565,-0.0054373,0.013875,0.03237,0.050867,0.069468,0.08817,0.10687,0.12612,0.14593,0.16574,0.18665,0.20867,0.23069,0.25094,0.2694,0.28787,0.30762,0.32866,0.3497,0.36825,0.38429,0.40033,0.41117,0.4168,0.42243,0.42433,0.42249,0.42065,0.41787,0.41415,0.41042,0.40772,0.40606,0.4044,0.39524,0.37857,0.36191,0.3431,0.32214,0.30118,0.27741,0.25083,0.22426,0.19344,0.15839,0.12333,0.084691,0.042466,0.00023892,-0.04303,-0.087339,-0.13164,-0.17405,-0.21457,-0.25509,-0.29073,-0.32148,-0.35224,-0.37629,-0.39365,-0.411,-0.42168,-0.42569,-0.4297,-0.42826,-0.42138,-0.4145,-0.4041,-0.39018,-0.37626,-0.36069,-0.34347,-0.32625,-0.30878,-0.29105,-0.27332,-0.25656,-0.24075,-0.22495,-0.21111,-0.19922,-0.18734,-0.17811,-0.17154,-0.16497,-0.16123,-0.16033,-0.15944,-0.16062,-0.16389,-0.16715,-0.17092,-0.17519,-0.17945,-0.18256,-0.18451,-0.18646,-0.18638,-0.18426,-0.18213,-0.17814,-0.17228,-0.16641,-0.15931,-0.15098,-0.14264,-0.13341,-0.12329,-0.11316,-0.10217,-0.090298,-0.078427,-0.065613,-0.051853,-0.038094,-0.023051,-0.0067241,0.0096012,0.027628,0.047355,0.067081,0.088227,0.11079,0.13336,0.15613,0.17912,0.20211,0.22362,0.24365,0.26367,0.2805,0.29414,0.30777,0.31692,0.32157,0.32623,0.32614,0.32132,0.31649,0.30823,0.29655,0.28486,0.27231,0.25891,0.24551,0.23373,0.22358,0.21343,0.20584,0.20082,0.1958,0.1926,0.19122,0.18984,0.18878,0.18803,0.18728,0.18559,0.18295,0.1803,0.176,0.17004,0.16408,0.15638,0.14693,0.13749,0.12716,0.11595,0.10474,0.093701,0.082827,0.071953,0.061509,0.051494,0.041478,0.032044,0.023194,0.014345,0.006749,0.00040661,-0.0059347,-0.011001,-0.014793,-0.018585,-0.021117,-0.022392,-0.023666,-0.020255,-0.012155,-0.002037
0,0,0,0,-0.1863,-0.18667,-0.18229,-0.17316,-0.16403,-0.15449,-0.14454,-0.13458,-0.12622,-0.11944,-0.11267,-0.10527,-0.097257,-0.089241,-0.082283,-0.076384,-0.070485,-0.065087,-0.060188,-0.055291,-0.050463,-0.045706,-0.040949,-0.033728,-0.024045,-0.014362,-0.0067122,-0.0010973,0.0045173,0.0088558,0.011917,0.014978,0.017648,0.019926,0.022205,0.024472,0.026729,0.028986,0.028125,0.024145,0.020165,0.017252,0.015404,0.013557,0.0074067,-0.0030474,-0.013503,-0.016733,-0.012735,-0.008737,-0.0049519,-0.0013803,0.0021909,0.0040477,0.0041892,0.0043301,0.0035609,0.0018816,0.00020113,-0.00027879,0.0004441,0.0011663,0.0027782,0.0052808,0.0077835,0.011464,0.016322,0.02118,0.025209,0.028406,0.031604,0.034968,0.038497,0.042025,0.045629,0.049308,0.052987,0.056885,0.061001,0.065117,0.070187,0.076213,0.08224,0.088741,0.095717,0.10269,0.11123,0.12131,0.1314,0.14043,0.14841,0.15638,0.16179,0.16463,0.16747,0.16739,0.16439,0.16139,0.15699,0.15121,0.14543,0.14063,0.13683,0.13302,0.13071,0.12989,0.12907,0.12837,0.12779,0.12721,0.12476,0.12045,0.11613,0.10382,0.08352,0.063215,0.04474,0.028093,0.011442,0.0011762,-0.0027013,0,0,0,0,0,0,0,0,0,0,0,0,0,0,0,0,0,0,0,0,0,0,0,0,0,0,0,0,0,0,0,0,0,0,0,0,0,0,0,0,0.0031131,0.007182,0.0083264,0.0075478,0.0014762,-0.013885,-0.039559,-0.076017,-0.12389,-0.18231,-0.24746,-0.31269,-0.37205,-0.42264,-0.46113,-0.48457,-0.49541,-0.49727,-0.49186,-0.48308,-0.47722,-0.47671,-0.47369,-0.45756,-0.42656,-0.38539,-0.34202,-0.30465,-0.277,-0.26499,-0.27983,-0.32153,-0.37305,-0.41683,-0.44459,-0.45557,-0.45574,-0.45365,-0.45148,-0.44481,-0.42703,-0.39004,-0.3194,-0.25454,-0.10066,-0.16887,-0.16368,-0.14623,-0.099972,-0.062802,-0.065593,-0.064082,-0.031299,-0.018613,0.011616,0.069118,0.10257,0.10389,0.074369,0.020206,-0.051895,-0.13584,-0.22431,-0.30739,-0.37904,-0.41773,-0.42358,-0.40233,-0.34774,-0.30303,-0.2777,-0.2638,-0.27183,-0.29316,-0.31468,-0.32335,-0.31532,-0.28274,-0.22477,-0.16195,-0.11692,-0.094838,-0.088239,-0.09388,-0.11066,-0.10106,-0.04091,0.037781,0.092977,0.095847,0.041311,-0.034406,-0.084053,-0.086863,-0.047297,0.0089535,0,0,0,-0.0048552,-0.021071,-0.043834,-0.059227,-0.09409,-0.030192,0.046851,0.083154,0.071944,0.067843,0.095638,0.12458,0.13247,0.10983,0.055903,-0.02657,-0.11849,-0.18326,-0.18072,-0.12736,-0.08204,-0.034908,0,0,0,0,0,0,0,0,-0.085958,-0.13606,-0.205,-0.22681,-0.20098,-0.16652,-0.13038,-0.080455,-0.012921,0.052975,0.091976,0.097378,0.088033,0.083061,0.089277,0.10067,0.09852,0.076943,0.041331,-0.0020481,-0.032638,-0.026888,0.0012033,0.014047,-0.01178,0,-0.026184,-0.023308,-0.023664,-0.027008,-0.037646,-0.043895,-0.040691,-0.029695,0,0,0,0,0,0,0,0,0,0,0,0,0,0,0,0,0,0,0,0,0,0,0,0,0,-0.050303,-0.050995,-0.11134,-0.11242,-0.10979,-0.10345,-0.097116,-0.087175,-0.073631,-0.060086,-0.044369,-0.026479,-0.0085873,0.0075628,0.021972,0.036381,0.051288,0.066687,0.082088,0.098319,0.11538,0.13245,0.15106,0.17122,0.19139,0.21218,0.2336,0.25502,0.27635,0.29759,0.31883,0.33771,0.35424,0.37075,0.38398,0.39391,0.40383,0.40847,0.40782,0.40718,0.40555,0.40295,0.40035,0.39893,0.39869,0.39845,0.39081,0.37577,0.36072,0.34387,0.32521,0.30654,0.28533,0.26157,0.2378,0.20961,0.177,0.14438,0.10779,0.067235,0.026678,-0.015322,-0.058762,-0.1022,-0.14415,-0.18463,-0.22511,-0.26108,-0.29252,-0.32396,-0.3489,-0.36732,-0.38575,-0.39752,-0.40262,-0.40773,-0.40728,-0.40127,-0.39525,-0.38568,-0.37254,-0.3594,-0.34476,-0.32861,-0.31247,-0.29622,-0.27986,-0.26351,-0.24811,-0.23365,-0.21919,-0.20645,-0.19542,-0.18439,-0.17556,-0.16892,-0.16229,-0.15803,-0.15613,-0.15423,-0.15413,-0.15585,-0.15756,-0.15978,-0.1625,-0.16522,-0.16714,-0.16826,-0.16939,-0.16907,-0.16732,-0.16557,-0.16236,-0.15768,-0.153,-0.14713,-0.14008,-0.13303,-0.12492,-0.11578,-0.10663,-0.096316,-0.084848,-0.073379,-0.060666,-0.046705,-0.032744,-0.017351,-0.00052346,0.016303,0.034757,0.054839,0.074919,0.096171,0.1186,0.14102,0.16337,0.18566,0.20794,0.22858,0.24756,0.26654,0.28229,0.29483,0.30736,0.3155,0.31925,0.323,0.32224,0.31698,0.31172,0.30334,0.29184,0.28035,0.26824,0.25551,0.24279,0.23179,0.2225,0.21322,0.20648,0.20228,0.19809,0.19559,0.1948,0.19401,0.1933,0.19266,0.19203,0.19008,0.18682,0.18356,0.1783,0.17104,0.16378,0.1548,0.1441,0.1334,0.12212,0.11027,0.098416,0.087071,0.076233,0.065397,0.055288,0.045905,0.036522,0.027882,0.019987,0.012093,0.0053684,-0.00018442,-0.005737,-0.010322,-0.013939,-0.017557,-0.020145,-0.021705,-0.023264,-0.020037,-0.012024,0
0,0,0,0,-0.18678,-0.1859,-0.18058,-0.17083,-0.16107,-0.15112,-0.14098,-0.13083,-0.12242,-0.11572,-0.10903,-0.10222,-0.095294,-0.088366,-0.081788,-0.07556,-0.069332,-0.06394,-0.059381,-0.054822,-0.050003,-0.044925,-0.039848,-0.033036,-0.024492,-0.015947,-0.0094888,-0.0051181,-0.00074764,0.0031638,0.0066163,0.010068,0.012972,0.015328,0.017683,0.019748,0.021522,0.023295,0.022274,0.018459,0.014644,0.010941,0.0073494,0.0037575,-0.0035492,-0.014571,-0.025594,-0.029362,-0.025876,-0.02239,-0.018749,-0.014953,-0.011158,-0.0088632,-0.0080678,-0.0072728,-0.0074122,-0.0084839,-0.0095565,-0.0093177,-0.0077664,-0.0062167,-0.0039752,-0.0010431,0.0018879,0.0061958,0.01188,0.017565,0.022601,0.026985,0.031368,0.036321,0.041843,0.047364,0.052964,0.058643,0.064321,0.069885,0.075334,0.080783,0.086711,0.093118,0.099527,0.10624,0.11325,0.12026,0.12859,0.13825,0.1479,0.1559,0.16224,0.16858,0.17294,0.17531,0.17769,0.17784,0.17577,0.1737,0.17063,0.16657,0.16251,0.15899,0.15602,0.15305,0.15087,0.14948,0.14808,0.14648,0.14466,0.14285,0.13871,0.13226,0.12581,0.11372,0.095986,0.078253,0.059766,0.040533,0.021293,0.0087162,0.0028069,0.00084521,-0.00074245,-0.00033954,0,0,0,0,0,0,0,0,0,0,0,0,0,0,0,0,0,0,0,0,0,0,0,0,0,0,0,0,0,0,0,0,0,0,0,0,0,0.0017661,0.011726,0.014574,0.01471,0.013068,0.00058046,-0.025778,-0.065625,-0.11751,-0.17841,-0.24263,-0.30349,-0.35639,-0.39916,-0.43013,-0.44958,-0.46092,-0.46628,-0.46441,-0.45657,-0.44842,-0.4398,-0.42142,-0.38879,-0.35,-0.31594,-0.28995,-0.27026,-0.25675,-0.25453,-0.274,-0.31583,-0.36412,-0.40492,-0.43258,-0.44542,-0.45031,-0.45919,-0.47687,-0.49812,-0.51004,-0.4934,-0.45052,-0.34312,0,-0.17433,-0.12218,-0.077857,-0.057453,-0.036529,-0.042874,-0.025546,-0.0081725,-0.010581,0.0016004,0.056679,0.088349,0.085484,0.048674,-0.015709,-0.099814,-0.19578,-0.29387,-0.38254,-0.43775,-0.44115,-0.41673,-0.39262,-0.36903,-0.33727,-0.30871,-0.29108,-0.28995,-0.30897,-0.32902,-0.32888,-0.29663,-0.24242,-0.099839,-0.066962,-0.045649,-0.071169,-0.035582,-0.038931,-0.046349,-0.074414,-0.035561,0.024197,0.067251,0.072862,0.037715,-0.023346,-0.078961,-0.10239,-0.079671,-0.02457,0,0,0,-0.0097422,0,0,0,-0.064805,-0.069456,-0.032934,0.029892,0.039971,0.031385,0.046559,0.083941,0.11832,0.11617,0.066139,-0.016829,-0.10296,-0.1545,-0.1414,-0.092648,-0.035025,0,0,0,0,0,0,0,0,0,-0.094362,-0.14993,-0.22936,-0.25372,-0.21379,-0.15526,-0.10986,-0.06864,-0.013841,0.048152,0.090323,0.098821,0.089674,0.08707,0.10154,0.11732,0.10826,0.076043,0.038859,0.011705,0.009319,0.025508,0.012875,0.012985,-0.0027695,0,-0.032364,-0.028909,-0.029363,-0.037601,-0.043507,-0.041614,-0.029625,-0.01041,0,0,0,0,0,0,0,0,0,0,0,0,0,0,0,0,0,0,0,0,0,0,0,0,0,-0.091001,-0.092741,-0.094531,-0.096321,-0.095388,-0.09173,-0.088072,-0.079961,-0.067397,-0.054832,-0.04094,-0.025719,-0.010499,0.002738,0.013993,0.025247,0.036838,0.048765,0.060695,0.073822,0.088144,0.10247,0.11922,0.1384,0.1576,0.17852,0.20116,0.2238,0.24576,0.26702,0.28828,0.30735,0.32424,0.34112,0.35571,0.368,0.38029,0.3865,0.38662,0.38674,0.38614,0.38483,0.38353,0.38317,0.38377,0.38438,0.37904,0.36777,0.3565,0.34266,0.32625,0.30984,0.29097,0.26965,0.24832,0.22255,0.19233,0.16212,0.12761,0.088797,0.049991,0.0093487,-0.033134,-0.075615,-0.11694,-0.15712,-0.1973,-0.23327,-0.26503,-0.29679,-0.32224,-0.34137,-0.3605,-0.37304,-0.37898,-0.38492,-0.3853,-0.38011,-0.37492,-0.36619,-0.35392,-0.34166,-0.32802,-0.313,-0.29799,-0.28297,-0.26795,-0.25293,-0.23882,-0.22562,-0.21242,-0.20069,-0.19043,-0.18018,-0.17168,-0.16494,-0.15821,-0.15336,-0.1504,-0.14745,-0.146,-0.14606,-0.14612,-0.14672,-0.14786,-0.149,-0.14979,-0.15023,-0.15068,-0.15034,-0.14922,-0.14809,-0.14591,-0.14266,-0.13941,-0.13492,-0.12921,-0.1235,-0.11646,-0.10809,-0.099718,-0.08983,-0.078427,-0.067024,-0.054071,-0.039569,-0.025065,-0.0090558,0.0084618,0.025978,0.044906,0.065249,0.08559,0.10673,0.12868,0.15062,0.17215,0.19327,0.21439,0.23368,0.25116,0.26863,0.28295,0.29412,0.30529,0.31234,0.31526,0.31819,0.31699,0.31168,0.30637,0.29829,0.28745,0.27661,0.26531,0.25355,0.24179,0.23167,0.2232,0.21472,0.20862,0.2049,0.20117,0.19898,0.19832,0.19767,0.19693,0.1961,0.19528,0.19291,0.189,0.1851,0.17897,0.17064,0.1623,0.15227,0.14055,0.12884,0.11679,0.10441,0.092019,0.080438,0.069665,0.058893,0.049167,0.040489,0.031814,0.024026,0.017126,0.010227,0.004394,-0.00037295,-0.0051405,-0.0091688,-0.012458,-0.015747,-0.01822,-0.019876,-0.021531,-0.018633,-0.011182,-0.0017345
0,0,0,0,-0.18682,-0.18322,-0.1764,-0.16633,-0.15627,-0.14597,-0.13543,-0.12488,-0.11627,-0.1096,-0.10292,-0.097042,-0.091963,-0.086884,-0.080887,-0.07397,-0.067054,-0.061212,-0.056446,-0.05168,-0.04657,-0.041119,-0.035668,-0.029944,-0.02395,-0.017955,-0.013242,-0.00981,-0.0063786,-0.0024711,0.001911,0.0062911,0.0099215,0.012801,0.01568,0.017924,0.019533,0.021141,0.020391,0.017282,0.014172,0.0093196,0.0027264,-0.0038666,-0.01309,-0.024943,-0.036797,-0.041396,-0.038742,-0.036088,-0.033022,-0.029543,-0.026062,-0.023929,-0.023144,-0.022359,-0.022485,-0.023519,-0.024552,-0.023907,-0.021582,-0.019258,-0.016122,-0.012174,-0.0082274,-0.002733,0.0043087,0.011351,0.01796,0.024131,0.030301,0.037262,0.045013,0.052765,0.060496,0.068208,0.07592,0.08321,0.090077,0.096945,0.10392,0.11101,0.1181,0.12553,0.13331,0.14109,0.14939,0.15823,0.16706,0.17335,0.17708,0.18082,0.18396,0.1865,0.18905,0.18973,0.18855,0.18736,0.1853,0.18234,0.17938,0.17654,0.17383,0.17112,0.16881,0.16692,0.16502,0.16269,0.15993,0.15716,0.15173,0.14364,0.13556,0.12306,0.10617,0.089275,0.071942,0.054177,0.036412,0.023319,0.014899,0.0064835,0.0020306,0.0015365,0.00097998,-0.00047954,-0.0025031,-0.0045268,-0.0066745,-0.0089463,-0.011218,-0.013628,-0.016175,0,0,0,0,0,0,0,0,0,0,0,0,0,0,0,0,0,0,0,0,0,0,0,0,0,0,0,0,0,0.01398,0.018062,0.022676,0.027073,0.01639,-0.012158,-0.05662,-0.1128,-0.17498,-0.23636,-0.29091,-0.33613,-0.3719,-0.39871,-0.41717,-0.42704,-0.42737,-0.41895,-0.40595,-0.39073,-0.36926,-0.3397,-0.30791,-0.28214,-0.26766,-0.26224,-0.26035,-0.26066,-0.26724,-0.28788,-0.32364,-0.36435,-0.40015,-0.42662,-0.4429,-0.45441,-0.47273,-0.5069,-0.55112,-0.58477,-0.58353,-0.53951,-0.36817,-0.051848,-0.091379,-0.044337,-0.031381,-0.055999,-0.086167,-0.070158,0,0.0079542,0.013509,0.026911,0.066529,0.086049,0.072279,0.024922,-0.049169,-0.14251,-0.24789,-0.35554,-0.4396,-0.46038,-0.43302,-0.4177,-0.42553,-0.42095,-0.39465,-0.36214,-0.32046,-0.2904,-0.29273,-0.30953,-0.3096,-0.27043,-0.21415,0,0,0,-0.035229,0,0,0,-0.040234,-0.013018,0.028324,0.059452,0.064665,0.03962,-0.013408,-0.074243,-0.11804,-0.12389,-0.085089,0,0,0,-0.012963,0,0,0,-0.027418,-0.050557,-0.075786,-0.037741,0.011179,0.016293,0.019109,0.055459,0.1053,0.1151,0.064753,-0.019369,-0.09246,-0.11463,-0.08785,-0.056478,0,0,0,0,0,0,0,0,0,0,-0.10803,-0.16794,-0.23997,-0.26004,-0.21394,-0.14609,-0.10179,-0.067684,-0.016508,0.046475,0.091761,0.1011,0.090946,0.092204,0.11664,0.13968,0.13414,0.10083,0.060226,0.041194,0.054623,0.065968,0,0,0,0,-0.018449,-0.039087,-0.042199,-0.054248,-0.055711,-0.042868,-0.020508,0,0,0,0,0,0,0,0,0,0,0,0,0,0,0,0,0,0,0,0,0,0,0,0,0,0,-0.071792,-0.07424,-0.077518,-0.080795,-0.081881,-0.080776,-0.079669,-0.07284,-0.060286,-0.047732,-0.035399,-0.023286,-0.011172,-0.00060053,0.0084297,0.017459,0.026116,0.034401,0.042688,0.052627,0.064213,0.075798,0.091136,0.11022,0.12932,0.14993,0.17207,0.1942,0.21583,0.23694,0.25805,0.27717,0.2943,0.31143,0.32635,0.33908,0.35182,0.35841,0.35887,0.35934,0.35965,0.3598,0.35996,0.36046,0.36131,0.36216,0.35992,0.35458,0.34923,0.33946,0.32527,0.31107,0.29434,0.27508,0.25581,0.23225,0.20439,0.17654,0.14413,0.10716,0.070188,0.030988,-0.010444,-0.051885,-0.092413,-0.13203,-0.17165,-0.20731,-0.23902,-0.27073,-0.29631,-0.31578,-0.33525,-0.34825,-0.35476,-0.36127,-0.36231,-0.3579,-0.35348,-0.34562,-0.33433,-0.32304,-0.31047,-0.29665,-0.28282,-0.26904,-0.25531,-0.24159,-0.2287,-0.21666,-0.20462,-0.19383,-0.18427,-0.17471,-0.16649,-0.1596,-0.15271,-0.14723,-0.14317,-0.1391,-0.13621,-0.13452,-0.13282,-0.13174,-0.13127,-0.1308,-0.13052,-0.13043,-0.13033,-0.13017,-0.12993,-0.1297,-0.12879,-0.12721,-0.12563,-0.12268,-0.11837,-0.11406,-0.10801,-0.10023,-0.092441,-0.082711,-0.071036,-0.059362,-0.045831,-0.030445,-0.015058,0.0018323,0.020228,0.038623,0.058075,0.078585,0.099094,0.11991,0.14103,0.16215,0.18246,0.20194,0.22143,0.23893,0.25444,0.26996,0.28248,0.29202,0.30156,0.30742,0.3096,0.31179,0.3104,0.30542,0.30045,0.2931,0.28338,0.27366,0.26354,0.25302,0.2425,0.23338,0.22566,0.21794,0.21228,0.20866,0.20505,0.20276,0.20179,0.20081,0.19967,0.19835,0.19703,0.19408,0.18949,0.18491,0.17802,0.16883,0.15963,0.14879,0.1363,0.12382,0.11117,0.098364,0.085554,0.073807,0.063123,0.052436,0.043144,0.035249,0.027354,0.020475,0.014612,0.0087503,0.0038267,-0.00015959,-0.0041458,-0.0075419,-0.010348,-0.013156,-0.015342,-0.016905,-0.018468,-0.016043,-0.0096275,-0.0017345
0,0,0,0,-0.18685,-0.18055,-0.17221,-0.16184,-0.15147,-0.14082,-0.12988,-0.11894,-0.11013,-0.10347,-0.096809,-0.091863,-0.088632,-0.085402,-0.079985,-0.07238,-0.064775,-0.058485,-0.053511,-0.048537,-0.043137,-0.037313,-0.031487,-0.026852,-0.023407,-0.019962,-0.016993,-0.0145,-0.012007,-0.008105,-0.002795,0.0025145,0.006871,0.010274,0.013677,0.0161,0.017543,0.018987,0.018507,0.016103,0.013699,0.0076984,-0.0018966,-0.011491,-0.02263,-0.035314,-0.047998,-0.05343,-0.051609,-0.049787,-0.047293,-0.044129,-0.040962,-0.038992,-0.038219,-0.037445,-0.037557,-0.038552,-0.039549,-0.038498,-0.035399,-0.032299,-0.02827,-0.023307,-0.018342,-0.011663,-0.0032642,0.0051361,0.013317,0.021274,0.029233,0.038202,0.048181,0.058162,0.068026,0.077772,0.087517,0.096533,0.10482,0.1131,0.12113,0.1289,0.13666,0.14482,0.15337,0.16192,0.1702,0.17821,0.18623,0.1908,0.19193,0.19306,0.19498,0.19769,0.2004,0.20161,0.20132,0.20103,0.19996,0.1981,0.19625,0.1941,0.19164,0.18918,0.18675,0.18436,0.18196,0.17891,0.17519,0.17147,0.16475,0.15503,0.1453,0.13241,0.11636,0.1003,0.08412,0.067824,0.051529,0.037919,0.026994,0.016071,0.0090614,0.0059688,0.0028772,-0.0011974,-0.0062551,-0.011314,-0.016683,-0.022362,-0.028041,-0.034064,-0.040432,0,0,0,0,0,0,0,0,0,0,0,0,0,0,0,0,0,0,0,0,0,0,0,0,0,0,0,0,0,0.016234,0.024264,0.033179,0.039066,0.028561,-0.0016183,-0.049077,-0.10726,-0.16829,-0.22505,-0.27317,-0.31164,-0.34152,-0.3642,-0.37935,-0.384,-0.37787,-0.36613,-0.35209,-0.33195,-0.30371,-0.27566,-0.25665,-0.24885,-0.2516,-0.26147,-0.27285,-0.28348,-0.29767,-0.31843,-0.3442,-0.37305,-0.40114,-0.42494,-0.44427,-0.46383,-0.49457,-0.54333,-0.5991,-0.6362,-0.63028,-0.54603,-0.35701,-0.16093,-0.051564,-0.013208,-0.029132,-0.075979,-0.12116,-0.083377,-0.0041669,0.027102,0.052489,0.070248,0.088681,0.089085,0.060346,0.0031372,-0.076898,-0.17525,-0.28792,-0.4084,-0.48924,-0.48555,-0.43765,-0.43365,-0.46766,-0.4804,-0.45703,-0.40386,-0.3426,-0.29172,-0.26765,-0.27114,-0.27773,-0.25975,-0.21319,0,0,0,0,0,0,0,-0.017527,0.0099794,0.043074,0.062497,0.058633,0.035504,-0.0060614,-0.065758,-0.12819,-0.16009,-0.14514,0,0,0,-0.012925,0,0,0,-0.015286,-0.042456,-0.084664,-0.088656,-0.029248,-0.00012817,0.010951,0.046624,0.10018,0.1137,0.058858,-0.030129,-0.087668,-0.077453,-0.036426,-0.024867,0,0,0,0,0,0,0,0,0,0,-0.13897,-0.19258,-0.23337,-0.23685,-0.19937,-0.154,-0.1251,-0.09177,-0.025275,0.056531,0.11015,0.11442,0.096297,0.10149,0.13642,0.16724,0.16595,0.12917,0.08216,0.064183,0.083865,0.095133,0,0,0,0,0,-0.051102,-0.056621,-0.0677,-0.061657,-0.039667,-0.012593,0,0,0,0,0,0,0,0,0,0,0,0,0,0,0,0,0,0,0,0,0,0,0,0,0,-0.020737,-0.052586,-0.055741,-0.060506,-0.06527,-0.068374,-0.069819,-0.071265,-0.065718,-0.053176,-0.040632,-0.029858,-0.020852,-0.011845,-0.0039389,0.0028668,0.0096718,0.015395,0.020038,0.024681,0.031428,0.040279,0.049131,0.063053,0.082045,0.10104,0.12135,0.14297,0.1646,0.1859,0.20686,0.22783,0.247,0.26436,0.28173,0.297,0.31017,0.32333,0.33032,0.33113,0.33194,0.33315,0.33477,0.33639,0.33775,0.33885,0.33996,0.3408,0.34138,0.34197,0.33627,0.32429,0.3123,0.29771,0.28051,0.26331,0.24196,0.21646,0.19097,0.16065,0.12552,0.090392,0.052631,0.012239,-0.028165,-0.067891,-0.10694,-0.146,-0.18135,-0.21301,-0.24466,-0.27039,-0.2902,-0.31001,-0.32346,-0.33053,-0.33761,-0.33933,-0.33569,-0.33204,-0.32506,-0.31474,-0.30441,-0.29293,-0.28029,-0.26765,-0.25511,-0.24268,-0.23024,-0.21858,-0.20771,-0.19683,-0.18696,-0.1781,-0.16924,-0.16129,-0.15425,-0.14722,-0.14111,-0.13593,-0.13075,-0.12643,-0.12298,-0.11952,-0.11676,-0.11468,-0.1126,-0.11125,-0.11062,-0.10999,-0.11,-0.11065,-0.11131,-0.11168,-0.11177,-0.11185,-0.11044,-0.10753,-0.10462,-0.099569,-0.092367,-0.085165,-0.075591,-0.063645,-0.051699,-0.037591,-0.02132,-0.0050483,0.012724,0.031997,0.05127,0.071245,0.091924,0.1126,0.13309,0.15339,0.17369,0.19276,0.21062,0.22847,0.24418,0.25773,0.27128,0.28201,0.28991,0.29782,0.30249,0.30395,0.3054,0.3038,0.29917,0.29453,0.28791,0.27931,0.2707,0.26177,0.25249,0.24321,0.23509,0.22813,0.22116,0.21593,0.21243,0.20893,0.20653,0.20524,0.20396,0.20241,0.20059,0.19878,0.19524,0.18998,0.18472,0.17707,0.16701,0.15696,0.14531,0.13205,0.1188,0.10555,0.092323,0.079093,0.067179,0.05658,0.045981,0.037125,0.03001,0.022895,0.016925,0.012099,0.0072737,0.0032589,5.3956e-05,-0.0031504,-0.005915,-0.0082395,-0.010565,-0.012463,-0.013935,-0.015407,-0.013453,-0.0080728,0
0,0,0,0,-0.18761,-0.1804,-0.17124,-0.16013,-0.14902,-0.13783,-0.12655,-0.11528,-0.10632,-0.099671,-0.093022,-0.088343,-0.085633,-0.082923,-0.077624,-0.069736,-0.061847,-0.055012,-0.049232,-0.043452,-0.037952,-0.032733,-0.027514,-0.023805,-0.021606,-0.019408,-0.017605,-0.016197,-0.01479,-0.011398,-0.0060225,-0.00064623,0.0038314,0.0074099,0.01099,0.013614,0.015282,0.016951,0.016592,0.014207,0.011822,0.0047944,-0.0068772,-0.018549,-0.031146,-0.044667,-0.05819,-0.064371,-0.063209,-0.062046,-0.060058,-0.057246,-0.054435,-0.052755,-0.052205,-0.051653,-0.052013,-0.053287,-0.054561,-0.053583,-0.050354,-0.047122,-0.042704,-0.037096,-0.031484,-0.023772,-0.013958,-0.0041454,0.0056475,0.015418,0.025188,0.036122,0.048217,0.060311,0.072163,0.083771,0.095379,0.10604,0.11575,0.12546,0.13473,0.14358,0.15242,0.16151,0.17085,0.18019,0.18878,0.1966,0.20442,0.20842,0.2086,0.20878,0.20969,0.21134,0.21298,0.21398,0.21433,0.21469,0.21429,0.21313,0.21198,0.21025,0.20795,0.20565,0.20307,0.20021,0.19735,0.19359,0.18895,0.18431,0.17674,0.16624,0.15573,0.14288,0.12766,0.11245,0.097185,0.081874,0.066566,0.052776,0.040506,0.028235,0.019289,0.013674,0.0080595,0.0018688,-0.0048975,-0.011665,-0.018824,-0.026373,-0.033923,-0.041541,-0.049226,0,0,0,0,0,0,0,0,0,0,0,0,0,0,0,0,0,0,0,0,0,0,0,0,0,0,0,0,0,0.0086797,0.028086,0.039332,0.044246,0.033378,0.003237,-0.043685,-0.099969,-0.15707,-0.20883,-0.25234,-0.2865,-0.31126,-0.32725,-0.33477,-0.33433,-0.32882,-0.32102,-0.30863,-0.28838,-0.26413,-0.24527,-0.23846,-0.24418,-0.25895,-0.27838,-0.29821,-0.31716,-0.33702,-0.35423,-0.36712,-0.38339,-0.40452,-0.42449,-0.44343,-0.46912,-0.5103,-0.56683,-0.62274,-0.65427,-0.63706,-0.55007,-0.40894,-0.25795,-0.13768,-0.072221,-0.0611,-0.08603,-0.099192,-0.059887,-0.0043113,0.040571,0.081422,0.10359,0.1052,0.086254,0.044481,-0.01747,-0.098229,-0.19903,-0.3261,-0.46494,-0.53071,-0.51435,-0.46903,-0.48552,-0.54607,-0.54627,-0.4898,-0.41906,-0.36755,-0.30721,-0.24977,-0.23108,-0.24701,-0.25848,-0.20179,0,0,0,0,0,0,0,0.0039154,0.029264,0.060713,0.072033,0.060749,0.038879,0.0088203,-0.047415,-0.11945,-0.16919,-0.1802,-0.078748,-0.057952,-0.042112,-0.033666,0,0,0,0,-0.025863,-0.047427,-0.054333,-0.07271,-0.032105,-0.0020915,0.038925,0.094522,0.11343,0.057019,-0.035945,-0.082175,-0.052877,-0.00256,0.0018605,0,0,0,0,0,0,0,0,0,-0.098604,-0.2082,-0.22854,-0.21512,-0.18948,-0.17421,-0.17246,-0.1702,-0.12835,-0.031001,0.078707,0.13833,0.13316,0.10993,0.12388,0.17092,0.20405,0.19127,0.13897,0.090743,0.082047,0.09873,0.053543,0,0,0,0,0,-0.060779,-0.067784,-0.070054,-0.056164,-0.030669,-0.0043671,0,0,0,0,0,0,0,0,0,0,0,0,0,0,0,0,0,0,0,0,0,0,0,0,-0.013162,-0.034391,-0.035639,-0.038662,-0.043463,-0.048265,-0.052607,-0.05649,-0.060374,-0.057017,-0.046419,-0.035819,-0.026489,-0.0098176,-0.0060903,-0.0028036,-0.00072328,0.0030221,0.0049483,0.0050544,0.0051589,0.0089191,0.016337,0.023757,0.03653,0.054659,0.072793,0.092521,0.11384,0.13516,0.15623,0.17706,0.19789,0.21693,0.23417,0.25143,0.26672,0.28005,0.29338,0.30079,0.30228,0.30377,0.30666,0.31094,0.31522,0.31834,0.32028,0.32222,0.32551,0.33015,0.33479,0.33225,0.32252,0.31279,0.30024,0.28487,0.2695,0.24999,0.22635,0.20271,0.17439,0.14138,0.10836,0.071949,0.032129,-0.0076958,-0.046718,-0.084947,-0.12318,-0.15789,-0.18909,-0.22028,-0.24578,-0.26558,-0.28539,-0.29904,-0.30652,-0.314,-0.31634,-0.31353,-0.31072,-0.30471,-0.29551,-0.2863,-0.27596,-0.2645,-0.25303,-0.24164,-0.23033,-0.21901,-0.20835,-0.19833,-0.18832,-0.17906,-0.17056,-0.16206,-0.15413,-0.14679,-0.13945,-0.13266,-0.12642,-0.12018,-0.11458,-0.10962,-0.10465,-0.10052,-0.097227,-0.09393,-0.091843,-0.09097,-0.090098,-0.090435,-0.09198,-0.093527,-0.09508,-0.096639,-0.098199,-0.098068,-0.096246,-0.094425,-0.09,-0.082971,-0.075941,-0.06617,-0.053656,-0.041142,-0.026299,-0.0091298,0.0080395,0.026592,0.046529,0.066463,0.086688,0.10721,0.12772,0.14754,0.16665,0.18576,0.2033,0.21925,0.2352,0.24893,0.26044,0.27195,0.2809,0.2873,0.29369,0.29737,0.29835,0.29932,0.2978,0.29379,0.28978,0.2841,0.27676,0.26943,0.2617,0.25358,0.24547,0.23817,0.23169,0.22521,0.22009,0.21633,0.21256,0.20971,0.20778,0.20585,0.20366,0.20123,0.19879,0.1947,0.18896,0.18322,0.17512,0.16466,0.1542,0.14214,0.12848,0.11483,0.10122,0.08766,0.074105,0.062047,0.051486,0.040927,0.032386,0.025861,0.019337,0.014104,0.010164,0.0062252,0.003014,0.00053049,-0.0019525,-0.0040722,-0.0058287,-0.0075851,-0.0091152,-0.010419,-0.011724,-0.010314,-0.0061886,-0.00084738
0,0,0,0,-0.18909,-0.18278,-0.17349,-0.1612,-0.14891,-0.137,-0.12546,-0.11392,-0.10483,-0.098197,-0.091558,-0.086482,-0.082965,-0.079448,-0.073806,-0.066039,-0.058271,-0.050795,-0.04361,-0.036425,-0.031016,-0.027381,-0.023746,-0.020802,-0.018548,-0.016294,-0.015079,-0.014904,-0.014728,-0.012351,-0.0077716,-0.0031918,0.00080315,0.004212,0.0076212,0.010467,0.012749,0.015031,0.014646,0.011595,0.0085426,0.00060533,-0.012218,-0.025042,-0.038637,-0.053003,-0.067372,-0.074219,-0.073542,-0.072865,-0.071317,-0.0689,-0.066486,-0.065221,-0.065103,-0.064983,-0.065857,-0.067723,-0.06959,-0.069164,-0.066445,-0.063723,-0.05942,-0.053535,-0.047648,-0.039061,-0.027774,-0.016491,-0.0050447,0.006563,0.018166,0.031019,0.045119,0.059214,0.072911,0.08621,0.099509,0.11173,0.12287,0.13401,0.14473,0.15505,0.16536,0.1756,0.18576,0.19592,0.20513,0.21339,0.22166,0.22623,0.2271,0.22796,0.22807,0.22742,0.22678,0.22683,0.22759,0.22834,0.22829,0.22742,0.22654,0.22499,0.22277,0.22054,0.21777,0.21447,0.21117,0.20675,0.20121,0.19567,0.18769,0.17727,0.16685,0.15446,0.14009,0.12573,0.11114,0.09633,0.081521,0.067886,0.05543,0.042976,0.032718,0.024654,0.01659,0.0084773,0.00031642,-0.0078465,-0.016439,-0.025459,-0.034478,-0.042875,-0.050654,-0.029595,0,0,0,-0.018879,-0.017579,-0.016279,-0.016067,-0.016941,0,0,0,0,-0.017792,-0.017219,-0.016647,0,0,0,0,0,0,0,0,0,0,0,0,0,0,0.026395,0.037404,0.041282,0.029867,0.0019291,-0.040913,-0.091699,-0.14292,-0.18961,-0.2292,-0.25998,-0.281,-0.29238,-0.29617,-0.29629,-0.29431,-0.2886,-0.2775,-0.26217,-0.24718,-0.2375,-0.23819,-0.25157,-0.27371,-0.29966,-0.32739,-0.35451,-0.376,-0.38714,-0.39164,-0.40146,-0.41837,-0.43384,-0.44868,-0.47281,-0.51478,-0.57046,-0.62049,-0.64571,-0.63162,-0.56919,-0.46002,-0.32408,-0.2038,-0.12901,-0.094514,-0.07742,-0.054691,-0.022309,0.01597,0.059093,0.097684,0.11622,0.10565,0.071513,0.022429,-0.039097,-0.11759,-0.2257,-0.36921,-0.51912,-0.57231,-0.55378,-0.51176,-0.54103,-0.62298,-0.587,-0.49866,-0.44133,-0.40765,-0.34672,-0.27486,-0.23939,-0.22609,-0.23899,-0.181,-0.023543,-0.0040718,-0.0054198,-0.0034036,0,0,0,0.029077,0.054722,0.083186,0.091806,0.081086,0.059475,0.035059,-0.013485,-0.085441,-0.14411,-0.17336,-0.16777,-0.14725,-0.11874,-0.081553,0,0,0,0,0,0,0,-0.044596,-0.060866,-0.021301,0.023538,0.076017,0.10335,0.061193,-0.024733,-0.070265,-0.037632,0.016065,0.018274,0.00062729,0,0,0,0,0,0,0,-0.092091,-0.23337,-0.28518,-0.26886,-0.20131,-0.14743,-0.14584,-0.17625,-0.19159,-0.14127,-0.0259,0.094368,0.15473,0.15188,0.14083,0.17179,0.22325,0.24423,0.20754,0.13547,0.09435,0.10386,0.11396,0,0,0,0,0,0,-0.068158,-0.06648,-0.033579,-0.025059,-0.012446,0,0,0,0,0,0,0,0,0,0,0,0,0,0,0,0,0,0,0,0,0,0,0,-0.0031136,-0.0051901,-0.019505,-0.020225,-0.020946,-0.023,-0.026388,-0.029779,-0.034579,-0.040787,-0.046995,-0.046737,-0.040014,-0.033289,-0.025293,0,0,0,-0.00076622,-0.0024913,-0.0052275,-0.010551,-0.015875,-0.014897,-0.0076138,-0.00033008,0.011564,0.028069,0.044577,0.063442,0.084654,0.10587,0.12682,0.14751,0.16821,0.18696,0.20373,0.22051,0.23551,0.24872,0.26194,0.2698,0.27232,0.27484,0.28017,0.28831,0.29645,0.3022,0.30557,0.30894,0.31404,0.32086,0.32768,0.32739,0.31997,0.31254,0.30194,0.28817,0.27439,0.25636,0.23407,0.21178,0.18534,0.15472,0.1241,0.088945,0.049241,0.0095332,-0.02889,-0.066038,-0.10318,-0.13692,-0.16725,-0.19758,-0.22247,-0.24192,-0.26138,-0.27498,-0.28271,-0.29044,-0.29334,-0.29143,-0.28951,-0.28458,-0.27663,-0.26869,-0.25957,-0.24926,-0.23896,-0.22863,-0.21827,-0.20791,-0.198,-0.18854,-0.17908,-0.17011,-0.16164,-0.15317,-0.14503,-0.13722,-0.12941,-0.12189,-0.11464,-0.1074,-0.10066,-0.094439,-0.088215,-0.083037,-0.078906,-0.074774,-0.072299,-0.071483,-0.070668,-0.07148,-0.073921,-0.076361,-0.078998,-0.081831,-0.084664,-0.085557,-0.08451,-0.083463,-0.079306,-0.072039,-0.064771,-0.054449,-0.041071,-0.027691,-0.01196,0.0061218,0.024203,0.043434,0.063819,0.084202,0.1044,0.12443,0.14445,0.16325,0.18082,0.19839,0.21406,0.22783,0.24159,0.25318,0.26258,0.27197,0.27917,0.28417,0.28917,0.29205,0.29281,0.29356,0.29239,0.28929,0.28619,0.28167,0.27575,0.26982,0.26334,0.25631,0.24927,0.24262,0.23636,0.23009,0.22476,0.22036,0.21596,0.2123,0.2094,0.20649,0.20344,0.20025,0.19705,0.19245,0.18643,0.18041,0.17219,0.16177,0.15135,0.13929,0.1256,0.1119,0.098158,0.084374,0.07059,0.058412,0.047843,0.037274,0.028926,0.022801,0.016676,0.012011,0.0088072,0.0056045,0.0030916,0.001269,-0.00055297,-0.0020147,-0.0031159,-0.0042168,-0.0052975,-0.0063582,-0.0074189,-0.0066249,-0.0039755,-0.0013256
0,0,0,0,-0.19057,-0.18516,-0.17573,-0.16226,-0.1488,-0.13616,-0.12436,-0.11256,-0.10335,-0.096723,-0.090096,-0.084621,-0.080298,-0.075974,-0.069988,-0.062342,-0.054696,-0.046578,-0.037989,-0.029401,-0.02408,-0.022029,-0.019979,-0.017799,-0.01549,-0.01318,-0.012554,-0.013611,-0.014668,-0.013305,-0.0095215,-0.0057378,-0.0022256,0.0010145,0.0042544,0.0073209,0.010215,0.013111,0.012699,0.0089806,0.0052623,-0.0035839,-0.017559,-0.031534,-0.046127,-0.061341,-0.076554,-0.084066,-0.083875,-0.083683,-0.082576,-0.080556,-0.078538,-0.077686,-0.078,-0.078314,-0.079701,-0.082159,-0.084619,-0.084745,-0.082534,-0.080322,-0.076134,-0.06997,-0.063806,-0.054349,-0.041592,-0.028834,-0.015734,-0.0022942,0.011142,0.025914,0.042017,0.058115,0.073657,0.088648,0.10364,0.11742,0.12999,0.14256,0.15473,0.16652,0.1783,0.18968,0.20066,0.21164,0.22148,0.23019,0.23889,0.24402,0.24559,0.24715,0.24646,0.24352,0.24058,0.23969,0.24085,0.242,0.24229,0.2417,0.24111,0.23974,0.23758,0.23542,0.23247,0.22873,0.225,0.21991,0.21347,0.20703,0.19864,0.18831,0.17797,0.16605,0.15253,0.13902,0.1251,0.11079,0.096472,0.082995,0.070357,0.057721,0.046148,0.035637,0.025123,0.015086,0.0055295,-0.004028,-0.014053,-0.024543,-0.035031,-0.044207,-0.052078,-0.059947,-0.031823,-0.030808,-0.029792,-0.04719,-0.043943,-0.040698,-0.040167,-0.04235,0,0,0,0,-0.044479,-0.043047,-0.041617,0,0,0,0,0,0,0,0,0,0,0,0,0,0,0.025445,0.033026,0.03199,0.020558,-0.003574,-0.039954,-0.083066,-0.12656,-0.16613,-0.19943,-0.22562,-0.24497,-0.25768,-0.26496,-0.2691,-0.26912,-0.2634,-0.25465,-0.24653,-0.24077,-0.23862,-0.24419,-0.26128,-0.28729,-0.31806,-0.35164,-0.38152,-0.39975,-0.40759,-0.4137,-0.42468,-0.43833,-0.44849,-0.45769,-0.47788,-0.51616,-0.56357,-0.60428,-0.62638,-0.61851,-0.56968,-0.47861,-0.36413,-0.25703,-0.17545,-0.11573,-0.066196,-0.022337,0.016907,0.056471,0.095156,0.11996,0.1185,0.090583,0.045936,-0.0066024,-0.067033,-0.14388,-0.25656,-0.40657,-0.56921,-0.64403,-0.59953,-0.55668,-0.60597,-0.66457,-0.60939,-0.51406,-0.46282,-0.43183,-0.38716,-0.32371,-0.13456,-0.21956,-0.20801,-0.17525,-0.073383,-0.025034,-0.016885,-0.01079,0,0,0,0.046253,0.072782,0.093494,0.10159,0.096612,0.082709,0.067041,0.027804,-0.038468,-0.10005,-0.14589,-0.18181,-0.20145,-0.18638,-0.14136,0,0,0,0,0,0,0,0,-0.035829,-0.044649,-0.0046995,0.040738,0.074787,0.06263,0.0047168,-0.038303,-0.021417,0.018081,0.020394,0.00066673,0,0,0,0,0,-0.054059,-0.091523,-0.22998,-0.31029,-0.34436,-0.29837,-0.20464,-0.13643,-0.12411,-0.14553,-0.15236,-0.10219,-0.0036319,0.093161,0.14608,0.16496,0.19453,0.24809,0.27998,0.26008,0.19394,0.12362,0.10624,0.12509,0.12576,0,0,0,0,0,-0.047698,-0.070646,-0.048123,0,0,0,0,0,0,0,0,0,0,0,0,0,0,0,0,0,0,0,0,0,0,0,0,0,0,-0.0028861,-0.0048101,-0.0058692,-0.006063,-0.006257,-0.0073421,-0.0093183,-0.011295,-0.016551,-0.025083,-0.020153,-0.020799,-0.018405,-0.016012,-0.012347,0,0,0,0,-0.002624,-0.0051575,-0.0091769,-0.036905,-0.038711,-0.031565,-0.024417,-0.013404,0.001478,0.016358,0.034356,0.055469,0.076575,0.097406,0.11797,0.13854,0.15698,0.17329,0.1896,0.2043,0.2174,0.23049,0.23881,0.24236,0.2459,0.25368,0.26567,0.27766,0.28607,0.29087,0.29567,0.30257,0.31158,0.32058,0.32253,0.31741,0.31229,0.30364,0.29146,0.27928,0.26272,0.24179,0.22086,0.19628,0.16806,0.13984,0.10593,0.06635,0.026759,-0.011064,-0.04713,-0.083199,-0.11596,-0.14541,-0.17486,-0.19914,-0.21826,-0.23737,-0.25091,-0.25889,-0.26687,-0.27035,-0.26932,-0.2683,-0.26444,-0.25776,-0.25108,-0.24317,-0.23403,-0.22489,-0.21561,-0.20621,-0.1968,-0.18765,-0.17875,-0.16984,-0.16117,-0.15272,-0.14427,-0.13591,-0.12764,-0.11937,-0.11111,-0.10286,-0.094615,-0.086747,-0.079261,-0.071775,-0.065549,-0.060583,-0.055617,-0.052756,-0.051998,-0.051239,-0.052527,-0.055861,-0.059195,-0.062916,-0.067022,-0.071128,-0.073045,-0.072772,-0.072499,-0.068611,-0.061106,-0.0536,-0.042725,-0.028482,-0.014238,0.0023811,0.021373,0.040368,0.06028,0.08111,0.10194,0.12212,0.14165,0.16118,0.17896,0.19499,0.21101,0.22482,0.2364,0.24799,0.25743,0.26471,0.27199,0.27744,0.28105,0.28466,0.28673,0.28727,0.2878,0.28698,0.28479,0.2826,0.27925,0.27473,0.27022,0.26499,0.25903,0.25308,0.24708,0.24102,0.23497,0.22943,0.22439,0.21935,0.21489,0.21101,0.20713,0.20322,0.19927,0.19531,0.19019,0.18389,0.17759,0.16926,0.15888,0.1485,0.13644,0.12271,0.10898,0.095101,0.081089,0.067076,0.054778,0.0442,0.03362,0.025466,0.019742,0.014016,0.0099185,0.0074509,0.0049839,0.0031694,0.0020077,0.00084661,4.322e-05,-0.00040277,-0.0008483,-0.0014798,-0.0022968,-0.0031138,-0.0029359,-0.0017619,-0.00058744
0,0,0,0,-0.19306,-0.18859,-0.17914,-0.1647,-0.15025,-0.13677,-0.12423,-0.1117,-0.10204,-0.095266,-0.088489,-0.082635,-0.077702,-0.072768,-0.066348,-0.058441,-0.050535,-0.042206,-0.033454,-0.024704,-0.019713,-0.018484,-0.017256,-0.015664,-0.013709,-0.011754,-0.011794,-0.01383,-0.015866,-0.0152,-0.011831,-0.0084618,-0.0050781,-0.0016795,0.0017191,0.0047824,0.0075118,0.010241,0.009249,0.004535,-0.00017939,-0.0098371,-0.024439,-0.039042,-0.054166,-0.069815,-0.085462,-0.093339,-0.093445,-0.093549,-0.092827,-0.091279,-0.089733,-0.089391,-0.090252,-0.091115,-0.092991,-0.095881,-0.09877,-0.099213,-0.097206,-0.095198,-0.090998,-0.084604,-0.078209,-0.068211,-0.054607,-0.041,-0.026847,-0.012156,0.002536,0.018683,0.036278,0.053869,0.070856,0.087244,0.10363,0.11877,0.13266,0.14655,0.16012,0.17337,0.18662,0.19914,0.21091,0.22269,0.2333,0.24274,0.25217,0.25839,0.2614,0.2644,0.26443,0.26149,0.25854,0.25754,0.25848,0.25942,0.25899,0.2572,0.25541,0.25344,0.25129,0.24914,0.24602,0.24192,0.23782,0.23228,0.22531,0.21833,0.20972,0.19946,0.18921,0.17762,0.1647,0.15177,0.13833,0.12438,0.11043,0.096951,0.083948,0.070946,0.058315,0.046059,0.033802,0.022195,0.011243,0.00029321,-0.010895,-0.022326,-0.03375,-0.04337,-0.051191,-0.05901,-0.062413,-0.061397,-0.06038,-0.058612,-0.056092,-0.053572,-0.053789,-0.056744,0,0,0,0,-0.061308,-0.05946,-0.057614,-0.026793,-0.016077,0,0,0,0,0,0,0,0,0,0,0,0.0056471,0.019874,0.022503,0.019274,0.0098586,-0.0088244,-0.038399,-0.073918,-0.10895,-0.13948,-0.1643,-0.18494,-0.20291,-0.21827,-0.23077,-0.2395,-0.24285,-0.24146,-0.23893,-0.23747,-0.23672,-0.23858,-0.24774,-0.26655,-0.29353,-0.32561,-0.35739,-0.3816,-0.39611,-0.40746,-0.42281,-0.44047,-0.4533,-0.45772,-0.46035,-0.47465,-0.50452,-0.54242,-0.57851,-0.59906,-0.59049,-0.54648,-0.47193,-0.38324,-0.2939,-0.20921,-0.132,-0.06256,-0.00016727,0.055033,0.10081,0.13142,0.13759,0.11399,0.067855,0.012505,-0.045055,-0.10757,-0.18434,-0.28973,-0.42827,-0.60452,-0.7126,-0.63865,-0.58491,-0.6523,-0.69208,-0.63484,-0.53154,-0.46013,-0.41206,-0.36688,-0.30988,0,-0.21253,-0.19509,-0.17684,-0.11214,-0.05761,-0.0286,-0.011771,0.0061081,0.016597,0.025957,0.058195,0.070902,0.08339,0.095966,0.10502,0.1043,0.09555,0.067671,0.015703,-0.050631,-0.12118,-0.19246,-0.24339,-0.24716,-0.20508,-0.085738,-0.069213,-0.033285,0,0,0,0,0,0,-0.028545,-0.036481,-0.0042915,0.030903,0.051878,0.041893,-0.0071432,-0.0056657,0.0069548,0.0090456,3.9437e-05,-0.017784,-0.026617,-0.034954,-0.047856,-0.066106,-0.14782,-0.22822,-0.32093,-0.37976,-0.36946,-0.30142,-0.21571,-0.14708,-0.10691,-0.083959,-0.058424,-0.013417,0.039686,0.08436,0.12346,0.18057,0.26262,0.32092,0.306,0.2298,0.14933,0.11923,0.13505,0.14354,0.12427,0,0,0,-0.034451,-0.05248,-0.10461,-0.064101,-0.02331,0,0,0,0,0,0,0,0,0,0,0,0,0,0,0,0,0,0,0,0,0,0,0,0,0,0,9.7439e-05,0.0014811,0.0024342,0.0029566,0.0034789,0.0033153,0.0024656,0.0016159,-0.0034195,-0.012641,0,0,0,0,0,0,0,0,0,0,0,0,-0.049591,-0.055102,-0.050865,-0.046626,-0.038253,-0.025744,-0.01324,0.0034545,0.024343,0.045224,0.065823,0.086146,0.10647,0.12467,0.14072,0.15678,0.17139,0.18455,0.1977,0.20644,0.21074,0.21505,0.22446,0.23895,0.25344,0.26416,0.2711,0.27804,0.28671,0.29711,0.30751,0.31212,0.31092,0.30973,0.30382,0.29321,0.28259,0.26731,0.24734,0.22738,0.20419,0.17778,0.15137,0.11867,0.079673,0.040677,0.0038524,-0.030804,-0.065465,-0.096891,-0.12507,-0.15325,-0.17662,-0.19518,-0.21373,-0.22713,-0.23538,-0.24362,-0.24771,-0.24765,-0.24759,-0.24489,-0.23955,-0.23421,-0.22757,-0.21964,-0.2117,-0.20344,-0.19486,-0.18627,-0.17766,-0.16902,-0.16038,-0.15169,-0.14295,-0.1342,-0.12537,-0.11643,-0.1075,-0.098484,-0.089382,-0.080279,-0.071578,-0.063282,-0.054987,-0.048147,-0.042766,-0.037385,-0.034406,-0.033831,-0.033254,-0.034951,-0.038923,-0.042895,-0.047287,-0.052099,-0.05691,-0.059305,-0.059283,-0.059262,-0.055258,-0.047271,-0.039284,-0.027737,-0.012631,0.0024776,0.019853,0.039492,0.059134,0.079366,0.10019,0.12101,0.14073,0.15935,0.17796,0.1944,0.20866,0.22292,0.23477,0.24422,0.25367,0.26112,0.26657,0.27203,0.27606,0.27868,0.2813,0.2829,0.2835,0.2841,0.28377,0.28251,0.28125,0.27894,0.2756,0.27226,0.26797,0.26273,0.2575,0.2518,0.24562,0.23944,0.23341,0.22753,0.22164,0.21625,0.21135,0.20644,0.2017,0.19713,0.19255,0.18711,0.1808,0.17449,0.16633,0.15633,0.14633,0.1346,0.12113,0.10767,0.093906,0.07984,0.065772,0.053386,0.042684,0.03198,0.023832,0.018242,0.012651,0.0088782,0.0069227,0.0049681,0.0037535,0.0032796,0.0028059,0.0026023,0.0026686,0.0027349,0.00253,0.0020546,0.0015791,0.0011175,0.0006707,0.0002237
0,0,0,0,-0.19655,-0.19306,-0.18371,-0.16849,-0.15328,-0.1388,-0.12506,-0.11133,-0.10092,-0.093825,-0.086737,-0.080521,-0.075176,-0.06983,-0.062885,-0.054337,-0.045788,-0.037679,-0.030006,-0.022334,-0.017914,-0.016745,-0.015577,-0.014397,-0.013205,-0.012013,-0.012797,-0.015559,-0.018322,-0.018035,-0.0147,-0.011364,-0.007753,-0.0038691,1.4839e-05,0.0028504,0.0046369,0.0064232,0.0042974,-0.0017414,-0.0077813,-0.018154,-0.032859,-0.047564,-0.062752,-0.078424,-0.094096,-0.10204,-0.10225,-0.10246,-0.10207,-0.10107,-0.10007,-0.10034,-0.10186,-0.10338,-0.10573,-0.10889,-0.11204,-0.11257,-0.11046,-0.10835,-0.10401,-0.097432,-0.090855,-0.080652,-0.066822,-0.05299,-0.038388,-0.02302,-0.0076487,0.0093269,0.027904,0.046476,0.064509,0.082002,0.099491,0.11579,0.13089,0.14599,0.1609,0.17561,0.19032,0.20396,0.21652,0.22909,0.2406,0.25105,0.2615,0.26933,0.27453,0.27972,0.28199,0.28133,0.28067,0.28039,0.28048,0.28057,0.27838,0.2739,0.26942,0.26608,0.26389,0.26169,0.2584,0.25402,0.24963,0.24387,0.23672,0.22957,0.22091,0.21074,0.20056,0.18918,0.17658,0.16398,0.15082,0.13711,0.12339,0.10976,0.096206,0.082657,0.069229,0.055925,0.042622,0.029801,0.017457,0.0051168,-0.0069692,-0.018805,-0.030637,-0.040366,-0.047995,-0.055624,-0.059946,-0.06096,-0.061972,-0.062591,-0.062817,-0.063043,-0.064969,-0.068595,0,0,0,0,-0.077176,-0.07507,-0.072964,-0.059928,-0.03596,0,0,0,0,0,0,0,0,0,0,0.0013794,0.0081271,0.0084799,0.0070537,0.0057042,0.0014361,-0.0095422,-0.031892,-0.063356,-0.094121,-0.11738,-0.13465,-0.15036,-0.16501,-0.17859,-0.19258,-0.20533,-0.21531,-0.22286,-0.22779,-0.22982,-0.23061,-0.23461,-0.24489,-0.26134,-0.28462,-0.31197,-0.33624,-0.35537,-0.37309,-0.39407,-0.41923,-0.44198,-0.45383,-0.45505,-0.45456,-0.46065,-0.47754,-0.50446,-0.5328,-0.54924,-0.54213,-0.50718,-0.45173,-0.38576,-0.3119,-0.23116,-0.14887,-0.069607,0.0051669,0.07207,0.1237,0.14885,0.13939,0.098706,0.038375,-0.029328,-0.096943,-0.16592,-0.24531,-0.34442,-0.46494,-0.6163,-0.75169,-0.72024,-0.63191,-0.66343,-0.70929,-0.65244,-0.53238,-0.43398,-0.36065,-0.29484,-0.21064,-0.02399,-0.14651,-0.17461,-0.17298,-0.062301,-0.036648,-0.017135,-0.0043853,0.028852,0.04928,0.061444,0.064097,0.069345,0.081531,0.094176,0.11131,0.12234,0.12456,0.11341,0.073396,-0.0020055,-0.099333,-0.19911,-0.27371,-0.29091,-0.25767,-0.20229,-0.069213,-0.033285,0,0,0,0,0,0,0,-0.025552,-0.041854,-0.015013,0.027883,0.064025,0,0,0,0,0,-0.050148,-0.071251,-0.10041,-0.13931,-0.17922,-0.23369,-0.3178,-0.39818,-0.41464,-0.35818,-0.27933,-0.21037,-0.15018,-0.085942,-0.012726,0.053404,0.092183,0.09537,0.087553,0.11924,0.2137,0.32041,0.34914,0.27791,0.17284,0.12099,0.1458,0.17588,0.15642,0.06027,0,0,0,-0.074055,-0.10975,-0.11902,-0.060596,-0.0065162,0,0,0,0,0,0,0,0,0,0,0,0,0,0,0,0,0,0,0,0,0,0,-0.0068141,-0.0056695,-0.0045249,-0.0027975,-0.0006175,0.0029237,0.005409,0.0068375,0.0082657,0.0089756,0.008968,0.0089601,0.0048171,-0.0034629,0,0,0,0,0,0,0,0,0,0,0,0,-0.025882,-0.064073,-0.065517,-0.066956,-0.062984,-0.0536,-0.044211,-0.029251,-0.0087175,0.011817,0.032069,0.052038,0.072013,0.090019,0.10604,0.12206,0.13677,0.15017,0.16358,0.17268,0.17748,0.18228,0.1925,0.20815,0.22379,0.2365,0.24628,0.25606,0.26645,0.27746,0.28848,0.29616,0.3005,0.30485,0.30248,0.29341,0.28433,0.27011,0.25073,0.23135,0.20907,0.18388,0.1587,0.12715,0.089223,0.051293,0.015863,-0.017068,-0.050004,-0.079728,-0.10623,-0.13274,-0.15489,-0.17268,-0.19047,-0.20363,-0.21216,-0.22068,-0.22544,-0.22641,-0.22739,-0.22591,-0.22199,-0.21807,-0.21277,-0.20609,-0.19941,-0.19211,-0.18421,-0.17631,-0.16802,-0.15937,-0.15071,-0.14169,-0.13232,-0.12296,-0.11338,-0.10359,-0.093802,-0.084005,-0.074199,-0.064394,-0.055163,-0.046507,-0.037851,-0.030834,-0.025456,-0.020079,-0.017254,-0.016984,-0.016713,-0.018753,-0.023106,-0.027461,-0.032113,-0.037061,-0.04201,-0.04434,-0.044048,-0.043755,-0.039253,-0.030541,-0.021829,-0.0094883,0.006481,0.022451,0.040449,0.060473,0.0805,0.10069,0.12105,0.14141,0.16022,0.17751,0.19479,0.20956,0.22184,0.23411,0.24392,0.25127,0.25862,0.26425,0.26816,0.27207,0.27504,0.27707,0.27909,0.28058,0.28152,0.28247,0.28277,0.28245,0.28212,0.28075,0.27834,0.27593,0.27229,0.26741,0.26254,0.25678,0.25014,0.24351,0.23672,0.22977,0.22283,0.21637,0.2104,0.20443,0.1989,0.19383,0.18876,0.1832,0.17715,0.17109,0.16342,0.15413,0.14484,0.13375,0.12087,0.10799,0.094572,0.080626,0.066677,0.054233,0.043293,0.032353,0.024022,0.018301,0.012581,0.0088883,0.0072222,0.0055568,0.004844,0.0050842,0.0053247,0.0056625,0.0060975,0.0065326,0.0067319,0.0066954,0.0066587,0.0055337,0.0033207,0.0011072
0,0,0,0,-0.20006,-0.19754,-0.18829,-0.17229,-0.1563,-0.14084,-0.1259,-0.11096,-0.099789,-0.092386,-0.084986,-0.078408,-0.072651,-0.066893,-0.059421,-0.050232,-0.041042,-0.033151,-0.026559,-0.019967,-0.016115,-0.015007,-0.013898,-0.01313,-0.012701,-0.012273,-0.013802,-0.01729,-0.020778,-0.020871,-0.017568,-0.014265,-0.010428,-0.0060588,-0.0016898,0.00091649,0.0017597,0.0026036,-0.00065557,-0.0080198,-0.015384,-0.02647,-0.041278,-0.056088,-0.071339,-0.087034,-0.10273,-0.11074,-0.11105,-0.11137,-0.11131,-0.11086,-0.11041,-0.11128,-0.11347,-0.11565,-0.11846,-0.12189,-0.12532,-0.12593,-0.12372,-0.12151,-0.11702,-0.11026,-0.1035,-0.093094,-0.079038,-0.064979,-0.049927,-0.033883,-0.017837,-3.3557e-05,0.019525,0.03908,0.058158,0.076758,0.09535,0.11281,0.12912,0.14543,0.16168,0.17785,0.19402,0.20878,0.22213,0.23548,0.24789,0.25936,0.27083,0.28026,0.28766,0.29505,0.29955,0.30118,0.3028,0.30323,0.30248,0.30173,0.29777,0.2906,0.28344,0.27874,0.27649,0.27425,0.27079,0.26612,0.26145,0.25545,0.24813,0.2408,0.2321,0.22201,0.21192,0.20074,0.18847,0.1762,0.16332,0.14983,0.13635,0.12256,0.10847,0.094369,0.080145,0.065793,0.051444,0.037404,0.023672,0.009942,-0.0030436,-0.015282,-0.027521,-0.037362,-0.0448,-0.052239,-0.05748,-0.060524,-0.063565,-0.066572,-0.069543,-0.072514,-0.076148,-0.080446,-0.045503,-0.047403,-0.048887,-0.05037,-0.093044,-0.090683,-0.088317,-0.072618,-0.043576,0,0,0,0,0,0,0,0,0,0,0.0022557,0.0037599,0.00038899,-0.0042826,-0.0063878,-0.0056465,-0.012514,-0.031849,-0.057451,-0.083432,-0.10484,-0.12305,-0.13589,-0.14167,-0.14766,-0.15856,-0.17365,-0.1906,-0.20486,-0.21247,-0.21487,-0.21726,-0.22359,-0.23393,-0.24686,-0.26256,-0.28029,-0.29873,-0.32009,-0.34714,-0.37808,-0.40776,-0.42996,-0.4422,-0.44796,-0.44988,-0.44934,-0.45001,-0.45449,-0.46318,-0.47189,-0.46921,-0.44842,-0.41311,-0.36678,-0.30996,-0.24211,-0.16596,-0.08823,-0.013433,0.055072,0.10836,0.13191,0.11742,0.069177,-0.0014861,-0.081699,-0.16268,-0.2437,-0.33032,-0.42787,-0.53632,-0.65155,-0.78443,-0.80775,-0.70342,-0.69003,-0.72673,-0.65401,-0.52102,-0.4062,-0.31615,-0.23713,-0.14274,-0.072319,-0.086402,-0.13772,-0.16764,0,0,0,0,0.0488,0.078466,0.079521,0.070334,0.073273,0.045246,0.10217,0.11723,0.13423,0.15454,0.16046,0.12622,0.044155,-0.072355,-0.19123,-0.28368,-0.31984,-0.30665,-0.26575,0,0,0,0,0,0,0,0,0,0,-0.0279,-0.04355,0.0011258,0.059009,0,0,0,0,0,-0.06998,-0.10142,-0.16902,-0.24579,-0.29206,-0.32642,-0.38007,-0.4259,-0.40165,-0.32128,-0.23906,-0.1807,-0.13118,-0.052667,0.056148,0.14867,0.17867,0.14939,0.11951,0.15726,0.25905,0.34041,0.32053,0.21847,0.13574,0.14191,0.19443,0.20025,0.14375,0,0,0,0,-0.039604,-0.11626,-0.12859,-0.07386,-0.011029,0,0,0,0,0,0,0,0,0,0,0,0,0,0,0,0,0,0,0,0,0,0,-0.017033,-0.014172,-0.01131,-0.0070306,-0.0013332,0.0043646,0.0083816,0.010716,0.01305,0.014634,0.015467,0.016301,0.01305,0.0057131,0,0,0,0,0,0,0,0,0,0,0,0,0,-0.034279,-0.080164,-0.087285,-0.087714,-0.081452,-0.075183,-0.061956,-0.041775,-0.021593,-0.0016908,0.01793,0.037553,0.055366,0.071355,0.087345,0.10216,0.11579,0.12944,0.13891,0.14421,0.14951,0.16056,0.17734,0.19413,0.20883,0.22145,0.23407,0.24619,0.25782,0.26945,0.2802,0.29008,0.29996,0.30114,0.2936,0.28607,0.2729,0.25411,0.23532,0.21395,0.18999,0.16603,0.13563,0.098774,0.06191,0.027875,-0.0033337,-0.034543,-0.062568,-0.087402,-0.11223,-0.13316,-0.15019,-0.16721,-0.18013,-0.18894,-0.19775,-0.20316,-0.20517,-0.20718,-0.20693,-0.20443,-0.20193,-0.19797,-0.19254,-0.18711,-0.18079,-0.17356,-0.16634,-0.15839,-0.14971,-0.14103,-0.13169,-0.1217,-0.11171,-0.10139,-0.090746,-0.080102,-0.069525,-0.059016,-0.048508,-0.038747,-0.029732,-0.020716,-0.01352,-0.0081461,-0.0027732,-0.00010356,-0.00013856,-0.00017324,-0.0025571,-0.0072913,-0.012027,-0.016937,-0.022025,-0.027113,-0.029374,-0.02881,-0.028245,-0.023245,-0.013809,-0.0043703,0.0087637,0.025595,0.042427,0.061046,0.081455,0.10187,0.12202,0.14191,0.1618,0.17972,0.19566,0.21161,0.22473,0.23501,0.2453,0.25307,0.25832,0.26357,0.26738,0.26975,0.27212,0.27402,0.27546,0.27689,0.27825,0.27954,0.28083,0.28178,0.28238,0.28299,0.28256,0.28108,0.2796,0.27661,0.27209,0.26758,0.26177,0.25467,0.24757,0.24002,0.23202,0.22401,0.21649,0.20945,0.20241,0.1961,0.19054,0.18498,0.1793,0.1735,0.1677,0.16051,0.15193,0.14335,0.13291,0.12061,0.1083,0.095241,0.081414,0.067583,0.055078,0.043901,0.032724,0.024211,0.018361,0.012512,0.008899,0.0075225,0.006146,0.0059351,0.0068894,0.0078439,0.0087232,0.0095268,0.01033,0.010934,0.011336,0.011738,0.0099491,0.0059709,0.0019909
0,0,0,0,-0.2114,-0.20779,-0.19753,-0.18061,-0.16369,-0.14707,-0.13074,-0.11441,-0.10209,-0.093793,-0.085494,-0.078037,-0.071423,-0.064809,-0.056868,-0.0476,-0.03833,-0.030874,-0.025232,-0.019589,-0.015757,-0.013736,-0.011715,-0.011273,-0.012408,-0.013543,-0.015906,-0.019498,-0.023091,-0.023184,-0.019776,-0.016366,-0.012905,-0.009392,-0.0058789,-0.0043253,-0.0047321,-0.0051376,-0.0094835,-0.017773,-0.026063,-0.037269,-0.051391,-0.065514,-0.080129,-0.095235,-0.11034,-0.11809,-0.11849,-0.11889,-0.11917,-0.11931,-0.11946,-0.12092,-0.1237,-0.12649,-0.12962,-0.1331,-0.13659,-0.13712,-0.13471,-0.1323,-0.12764,-0.12075,-0.11386,-0.10338,-0.089336,-0.075286,-0.060137,-0.043898,-0.027659,-0.0094629,0.010685,0.030832,0.050705,0.0703,0.089887,0.10844,0.12595,0.14346,0.16096,0.17844,0.19592,0.21175,0.22592,0.2401,0.25329,0.2655,0.2777,0.28839,0.29755,0.30671,0.31306,0.3166,0.32014,0.32162,0.32104,0.32046,0.31642,0.30891,0.3014,0.29615,0.29317,0.29018,0.28561,0.27946,0.27331,0.26655,0.2592,0.25185,0.24323,0.23333,0.22343,0.21249,0.20051,0.18854,0.17584,0.16241,0.14898,0.13498,0.12038,0.10578,0.090878,0.075667,0.060457,0.045467,0.030696,0.015925,0.0021812,-0.010536,-0.023255,-0.033649,-0.041713,-0.049776,-0.056332,-0.061379,-0.066424,-0.071492,-0.076582,-0.081672,-0.086767,-0.091867,-0.096967,-0.10112,-0.10433,-0.10754,-0.10859,-0.1075,-0.1064,-0.088216,-0.052932,0,0,0,0,0,0,0,0,0,0,0.00087632,0.0012799,-0.0025769,-0.0085195,-0.0089132,-0.0059204,-0.0082941,-0.018498,-0.028705,-0.070275,-0.10665,-0.13969,-0.1448,-0.13427,-0.12965,-0.13598,-0.15146,-0.1703,-0.1848,-0.19104,-0.19198,-0.19415,-0.20175,-0.21363,-0.22469,-0.23089,-0.23698,-0.25343,-0.28277,-0.32008,-0.358,-0.38797,-0.41051,-0.4308,-0.44647,-0.45074,-0.4402,-0.41831,-0.39485,-0.38131,-0.37859,-0.37632,-0.36707,-0.34963,-0.32309,-0.28609,-0.23777,-0.17818,-0.11296,-0.049074,0.010659,0.058839,0.08213,0.070907,0.02407,-0.050694,-0.13952,-0.23116,-0.3231,-0.41704,-0.51361,-0.61258,-0.71309,-0.81751,-0.83623,-0.73721,-0.70984,-0.72442,-0.64222,-0.52089,-0.40629,-0.30859,-0.22461,-0.15438,-0.10624,-0.089894,-0.11295,-0.1536,0,0,0,0,0.051664,0.094479,0.091953,0.082496,0.077865,0,0.10523,0.11945,0.14563,0.18459,0.20102,0.17143,0.089093,-0.034208,-0.16285,-0.2702,-0.34061,-0.35504,-0.31906,0,0,0,0,0,0,0,0,0,0,0,-0.034392,-0.018869,0.030327,0,0,0,0,0,-0.086414,-0.13425,-0.25795,-0.37883,-0.43329,-0.4276,-0.40568,-0.3871,-0.34065,-0.26731,-0.1948,-0.14058,-0.08516,0.0015797,0.11683,0.20727,0.22981,0.20314,0.18918,0.23352,0.30428,0.32069,0.25118,0.16404,0.14818,0.20199,0.23887,0.19924,0.063745,0,0,0,0,0,-0.12033,-0.13514,-0.099677,-0.03792,0,0,0,0,0,0,0,0,0,0,0,0,0,0,0,0,0,0,0,0,0,0,-0.018404,-0.015406,-0.012408,-0.0078995,-0.0018803,0.00414,0.0084375,0.011012,0.013585,0.01536,0.016338,0.017316,0.0085826,0.0051501,0,0,0,0,0,0,0,0,0,0,0,0,0,0,-0.087255,-0.10513,-0.11219,-0.10845,-0.10471,-0.093693,-0.075407,-0.05712,-0.038398,-0.019244,-9.1457e-05,0.017503,0.033535,0.049566,0.064645,0.078781,0.092923,0.10375,0.11127,0.11879,0.13097,0.14783,0.16468,0.18108,0.19702,0.21295,0.22731,0.2401,0.25288,0.2661,0.27976,0.29342,0.29723,0.29118,0.28512,0.27335,0.25587,0.23838,0.21806,0.19491,0.17175,0.14281,0.10805,0.073288,0.040865,0.010774,-0.019313,-0.045978,-0.069205,-0.092425,-0.11214,-0.12834,-0.14455,-0.15717,-0.16623,-0.17528,-0.18135,-0.18443,-0.1875,-0.18851,-0.18746,-0.18641,-0.18382,-0.17968,-0.17554,-0.17014,-0.1635,-0.15685,-0.14907,-0.14016,-0.13125,-0.12143,-0.11071,-0.099985,-0.088889,-0.077418,-0.065948,-0.054685,-0.043631,-0.032577,-0.022493,-0.013377,-0.0042619,0.0028848,0.0080616,0.013238,0.015694,0.015429,0.015164,0.012673,0.0079569,0.0032408,-0.0014488,-0.0061141,-0.01078,-0.012488,-0.011241,-0.0099942,-0.0042828,0.0058946,0.016073,0.029849,0.047223,0.064599,0.083455,0.10379,0.12413,0.14379,0.16276,0.18174,0.19837,0.21268,0.22698,0.23828,0.24659,0.2549,0.26081,0.2643,0.2678,0.2702,0.2715,0.27281,0.27408,0.27531,0.27654,0.27803,0.27978,0.28153,0.28306,0.28437,0.28569,0.28584,0.28485,0.28385,0.28107,0.27648,0.2719,0.26572,0.25794,0.25016,0.24176,0.23273,0.22371,0.21526,0.20737,0.19949,0.19266,0.18687,0.18109,0.17553,0.17021,0.16488,0.15834,0.15059,0.14284,0.13316,0.12154,0.10993,0.097312,0.083689,0.070064,0.057547,0.046133,0.03472,0.025974,0.019892,0.013811,0.010182,0.0090082,0.0078342,0.0079872,0.0094676,0.010948,0.012258,0.013397,0.014536,0.015046,0.014927,0.014807,0.012291,0.0073759,0.0012165
0,0,0,0,-0.23058,-0.22381,-0.21142,-0.19344,-0.17545,-0.1575,-0.13959,-0.12168,-0.10783,-0.098045,-0.08826,-0.079408,-0.071492,-0.063576,-0.055226,-0.04644,-0.037652,-0.030846,-0.026024,-0.021202,-0.016838,-0.012933,-0.0090285,-0.008825,-0.012324,-0.015824,-0.019111,-0.022185,-0.02526,-0.024973,-0.021322,-0.01767,-0.015185,-0.013868,-0.012552,-0.012874,-0.014836,-0.016797,-0.022184,-0.031,-0.039816,-0.050548,-0.063197,-0.075845,-0.08912,-0.10302,-0.11693,-0.12411,-0.12457,-0.12502,-0.12564,-0.12643,-0.12721,-0.12926,-0.13257,-0.13588,-0.1392,-0.14253,-0.14586,-0.14616,-0.14345,-0.14073,-0.13588,-0.1289,-0.12192,-0.11152,-0.097717,-0.08391,-0.069024,-0.053064,-0.037104,-0.01895,0.0013963,0.021741,0.042153,0.062632,0.083106,0.10269,0.12138,0.14007,0.15874,0.17738,0.19601,0.21285,0.2279,0.24294,0.2568,0.26945,0.28211,0.2937,0.3042,0.31471,0.32251,0.3276,0.3327,0.33555,0.33616,0.33677,0.33432,0.32882,0.32331,0.31834,0.31392,0.3095,0.30287,0.29403,0.28519,0.27716,0.26994,0.26273,0.25431,0.2447,0.23509,0.22443,0.21271,0.201,0.18837,0.17483,0.16129,0.147,0.13195,0.1169,0.10144,0.085547,0.06966,0.053988,0.038527,0.023067,0.0087038,-0.0045673,-0.01784,-0.029229,-0.038733,-0.048237,-0.056502,-0.063526,-0.070549,-0.077351,-0.083933,-0.090515,-0.096822,-0.10286,-0.10889,-0.11375,-0.11744,-0.12113,-0.12382,-0.12551,-0.12721,-0.10671,-0.064027,0,0,0,0,0,0,0,0,0,0,0,0,-0.0016893,-0.0045283,-0.0030794,-0.0011902,0,0,0,-0.030842,-0.12549,-0.1788,-0.16462,-0.13774,-0.12185,-0.12365,-0.13801,-0.15492,-0.16609,-0.16832,-0.165,-0.16504,-0.17469,-0.19132,-0.20426,-0.20129,-0.19069,-0.20065,-0.24302,-0.29857,-0.33568,-0.35581,-0.38223,-0.41653,-0.44404,-0.44661,-0.41996,-0.37712,-0.33396,-0.30229,-0.28617,-0.27972,-0.27605,-0.27159,-0.26157,-0.24252,-0.21441,-0.17742,-0.13365,-0.08796,-0.043941,-0.0063821,0.014771,0.0082825,-0.031961,-0.10269,-0.1916,-0.28649,-0.3825,-0.47834,-0.57298,-0.66761,-0.76226,-0.84586,-0.86405,-0.78973,-0.73861,-0.72249,-0.65249,-0.54448,-0.43071,-0.32753,-0.23969,-0.16949,-0.11833,-0.090923,-0.093321,-0.12128,0,0,0,0,0.025607,0.088559,0.09209,0.091312,0.070818,0.011617,0.076044,0.10937,0.15411,0.20674,0.23237,0.20963,0.13338,0.016895,-0.11415,-0.23871,-0.34115,-0.39036,-0.36643,0,0,0,0,0,0,0,0,0,0,0,-0.019856,-0.032998,-0.0063528,-0.012906,0,0,0,-0.064717,-0.12288,-0.1961,-0.36209,-0.50912,-0.56606,-0.52352,-0.42571,-0.32603,-0.25519,-0.20613,-0.15651,-0.10324,-0.034781,0.051556,0.14867,0.22189,0.25335,0.26152,0.27739,0.31708,0.33611,0.28124,0.18694,0.1522,0.20861,0.27375,0.26258,0.097599,0,0,0,0,0,0,-0.10785,-0.13632,-0.12447,-0.071347,-0.012303,0,0,0,0,0,0,0,0,0,0,0,0,0,0,0,0,0,0,0,0,-0.0054786,-0.014337,-0.012211,-0.010083,-0.0067662,-0.0022583,0.0022503,0.005578,0.0077249,0.0098711,0.011157,0.011583,0.012008,0,0,0,0,0,0,0,0,0,0,0,0,0,0,0,0,-0.086796,-0.12049,-0.13643,-0.13461,-0.13278,-0.12445,-0.10961,-0.094764,-0.078053,-0.059483,-0.040915,-0.023561,-0.0074156,0.0087315,0.024245,0.039136,0.054023,0.067192,0.078646,0.090095,0.10375,0.1196,0.13544,0.15323,0.17297,0.1927,0.20981,0.22429,0.23877,0.25385,0.26953,0.28522,0.29075,0.28613,0.2815,0.27146,0.25599,0.24051,0.22139,0.19863,0.17587,0.14868,0.11705,0.085426,0.054829,0.025249,-0.004331,-0.029965,-0.051646,-0.073325,-0.091831,-0.10716,-0.12248,-0.13477,-0.14403,-0.15328,-0.16,-0.16417,-0.16834,-0.17064,-0.17108,-0.17151,-0.17032,-0.1675,-0.16469,-0.16019,-0.15402,-0.14785,-0.14008,-0.13072,-0.12136,-0.1109,-0.099342,-0.087784,-0.075871,-0.063606,-0.05134,-0.039485,-0.028044,-0.016603,-0.0064039,0.002552,0.011509,0.018381,0.023167,0.027953,0.030136,0.029717,0.029298,0.026938,0.02264,0.018341,0.014352,0.010672,0.0069887,0.0063167,0.0086557,0.010994,0.01763,0.028565,0.0395,0.053766,0.071365,0.088964,0.10767,0.12748,0.14729,0.166,0.18361,0.20121,0.21619,0.22854,0.24088,0.25023,0.25658,0.26292,0.26713,0.26922,0.27131,0.27271,0.27343,0.27415,0.27521,0.27663,0.27805,0.27992,0.28225,0.28458,0.28663,0.28841,0.29019,0.2906,0.28964,0.28868,0.28566,0.28058,0.2755,0.26862,0.25994,0.25126,0.24192,0.23192,0.22192,0.21267,0.20417,0.19568,0.18856,0.18283,0.1771,0.17192,0.16728,0.16265,0.15693,0.15012,0.14331,0.13449,0.12367,0.11285,0.10078,0.087453,0.074123,0.061638,0.04999,0.038343,0.029312,0.022894,0.016476,0.012737,0.011678,0.010621,0.011,0.012818,0.014636,0.016265,0.017706,0.019147,0.019069,0.017469,0.015869,0.012558,0.0075348,0
0,0,0,0,-0.24977,-0.23982,-0.22532,-0.20626,-0.1872,-0.16793,-0.14844,-0.12895,-0.11357,-0.1023,-0.091024,-0.08078,-0.071562,-0.062345,-0.053585,-0.045281,-0.036975,-0.03082,-0.026817,-0.022815,-0.017918,-0.01213,-0.0063433,-0.0063786,-0.01224,-0.018103,-0.022313,-0.024871,-0.027429,-0.026761,-0.022868,-0.018974,-0.017466,-0.018345,-0.019225,-0.021423,-0.02494,-0.028457,-0.034885,-0.044227,-0.053568,-0.063826,-0.075002,-0.086178,-0.098115,-0.11082,-0.12352,-0.13012,-0.13064,-0.13115,-0.13212,-0.13355,-0.13497,-0.1376,-0.14144,-0.14527,-0.14878,-0.15195,-0.15513,-0.1552,-0.15218,-0.14916,-0.14411,-0.13705,-0.12998,-0.11966,-0.1061,-0.092533,-0.077912,-0.062232,-0.046552,-0.028437,-0.0078907,0.012653,0.033604,0.054965,0.076326,0.096945,0.11682,0.13668,0.15651,0.17632,0.19611,0.21397,0.22988,0.24579,0.2603,0.27341,0.28652,0.299,0.31086,0.32271,0.33196,0.3386,0.34525,0.34947,0.35128,0.35308,0.35222,0.34872,0.34521,0.34052,0.33467,0.32881,0.32013,0.30861,0.29709,0.28778,0.28069,0.2736,0.26539,0.25607,0.24675,0.23636,0.22491,0.21346,0.20091,0.18725,0.1736,0.15903,0.14353,0.12803,0.11199,0.095425,0.078864,0.062509,0.046359,0.030212,0.015227,0.0014044,-0.012417,-0.024804,-0.035753,-0.0467,-0.056671,-0.065672,-0.074673,-0.083209,-0.091283,-0.099356,-0.10688,-0.11385,-0.12081,-0.12638,-0.13055,-0.13472,-0.13905,-0.14353,-0.14801,-0.12522,-0.034788,0,0,0,0,0,0,0,0,0,0,0,0,0,0,0,0,0,0,0,0,-0.11039,-0.18179,-0.1846,-0.1479,-0.12177,-0.11648,-0.12768,-0.14256,-0.14993,-0.14614,-0.13784,-0.1378,-0.15373,-0.18134,-0.20375,-0.19521,-0.18375,-0.20091,-0.23879,-0.29473,-0.31184,-0.29991,-0.33155,-0.3954,-0.43719,-0.42907,-0.38711,-0.33323,-0.28163,-0.23884,-0.20953,-0.19572,-0.19231,-0.19118,-0.18788,-0.18114,-0.17081,-0.15748,-0.14012,-0.11836,-0.093706,-0.069461,-0.053426,-0.056409,-0.087325,-0.14705,-0.22809,-0.3208,-0.41641,-0.50921,-0.5988,-0.68628,-0.76942,-0.8394,-0.87269,-0.82676,-0.75583,-0.72705,-0.67151,-0.56957,-0.45937,-0.35065,-0.25535,-0.17817,-0.11995,-0.082275,-0.06649,-0.067092,-0.017197,-0.014295,0,0,0,0.052812,0.077112,0.083104,0.057806,0.036181,0.056267,0.10207,0.16112,0.22223,0.256,0.24125,0.17466,0.069461,-0.05816,-0.19145,-0.312,-0.39315,-0.39576,-0.16113,0,0,0,0,0,0,0,0,0,0,-0.010626,-0.019419,-0.024015,-0.04214,0,0,0,-0.1411,-0.17449,-0.28275,-0.45155,-0.59813,-0.65193,-0.60254,-0.46954,-0.30861,-0.19835,-0.14986,-0.12452,-0.082938,-0.013169,0.067579,0.15144,0.2269,0.28206,0.32014,0.34766,0.36533,0.33834,0.25315,0.18108,0.2039,0.29042,0.32461,0.25465,0,0,0,0,0,0,0,-0.081088,-0.128,-0.13602,-0.098207,-0.040048,0,0,0,0,0,0,0,0,0,0,0,0,0,0,0,0,0,0,0,0,-0.009081,-0.01027,-0.0090148,-0.0077583,-0.0056324,-0.0026367,0.00035971,0.002718,0.0044377,0.0061573,0.0069537,0.0068273,0.0067009,0,0,0,0,0,0,0,0,0,0,0,0,0,0,0,0,-0.043284,-0.064085,-0.16066,-0.16076,-0.16086,-0.1552,-0.1438,-0.13241,-0.11772,-0.099731,-0.081748,-0.064626,-0.048366,-0.032106,-0.016153,-0.00051107,0.015122,0.030635,0.046022,0.061403,0.076517,0.091362,0.1062,0.12539,0.14892,0.17245,0.1923,0.20848,0.22466,0.24161,0.25931,0.27701,0.28427,0.28108,0.27788,0.26956,0.25611,0.24265,0.22473,0.20236,0.17998,0.15455,0.12605,0.097563,0.068787,0.03972,0.010652,-0.01395,-0.034089,-0.054229,-0.071525,-0.08597,-0.10042,-0.11237,-0.12183,-0.13128,-0.13865,-0.14391,-0.14918,-0.15277,-0.15469,-0.15661,-0.15683,-0.15533,-0.15383,-0.15024,-0.14454,-0.13884,-0.13109,-0.12128,-0.11148,-0.10038,-0.087979,-0.075583,-0.062855,-0.049794,-0.036732,-0.024286,-0.012458,-0.00062931,0.0096837,0.01848,0.027278,0.033876,0.038272,0.042667,0.044578,0.044005,0.04343,0.041204,0.037324,0.033444,0.030156,0.027457,0.024756,0.025122,0.028553,0.031984,0.039545,0.051236,0.062928,0.077685,0.095507,0.11333,0.13188,0.15117,0.17045,0.18821,0.20445,0.22069,0.234,0.2444,0.25479,0.26218,0.26656,0.27093,0.27346,0.27414,0.27481,0.27522,0.27535,0.27548,0.27635,0.27795,0.27956,0.28181,0.28472,0.28762,0.2902,0.29245,0.2947,0.29537,0.29444,0.29351,0.29026,0.28468,0.27911,0.27152,0.26194,0.25236,0.24208,0.2311,0.22013,0.21008,0.20097,0.19186,0.18447,0.17879,0.17311,0.1683,0.16436,0.16041,0.15551,0.14964,0.14378,0.13583,0.12581,0.11578,0.10425,0.091217,0.078184,0.065729,0.053847,0.041966,0.03265,0.025896,0.019142,0.015291,0.014348,0.013407,0.014014,0.016169,0.018324,0.020274,0.022016,0.023759,0.023092,0.020014,0.016933,0.012828,0.0076982,0.0012976
0,0,0,0,-0.2686,-0.25643,-0.24048,-0.22075,-0.20103,-0.18084,-0.1602,-0.13955,-0.12278,-0.10989,-0.096994,-0.085601,-0.075704,-0.065809,-0.056919,-0.049032,-0.041147,-0.034663,-0.029581,-0.024499,-0.01885,-0.012637,-0.0064232,-0.0062813,-0.012214,-0.018149,-0.022379,-0.024905,-0.027431,-0.027045,-0.023747,-0.020448,-0.020284,-0.023255,-0.026228,-0.0301,-0.034873,-0.039647,-0.046993,-0.056912,-0.066832,-0.076886,-0.087074,-0.097262,-0.10757,-0.11801,-0.12844,-0.13409,-0.13495,-0.1358,-0.13705,-0.13868,-0.14031,-0.14315,-0.14718,-0.15122,-0.15468,-0.15758,-0.16047,-0.16029,-0.15705,-0.1538,-0.14875,-0.14192,-0.13508,-0.12517,-0.11219,-0.099213,-0.085086,-0.069809,-0.054531,-0.036552,-0.015872,0.0048077,0.026239,0.048419,0.070604,0.092193,0.11317,0.13415,0.15505,0.17586,0.19667,0.21538,0.232,0.24861,0.26365,0.27709,0.29054,0.30361,0.31631,0.32901,0.33923,0.34698,0.35472,0.36015,0.36326,0.36637,0.36701,0.36518,0.36336,0.35935,0.35316,0.34696,0.3378,0.32566,0.31353,0.30301,0.29411,0.28522,0.27628,0.26729,0.25831,0.24821,0.23701,0.2258,0.21335,0.19965,0.18595,0.1712,0.15539,0.13958,0.12312,0.10604,0.08897,0.072041,0.055262,0.038483,0.022762,0.0081002,-0.0065594,-0.020085,-0.032475,-0.044865,-0.056372,-0.067,-0.077629,-0.087557,-0.096787,-0.10601,-0.11441,-0.12196,-0.12952,-0.13552,-0.13995,-0.14439,-0.14888,-0.1534,-0.15793,-0.13756,0,0,0,0,0,0,0,0,0,0,0,0,0,0,0,0,0,0,0,0,0,-0.087819,-0.16974,-0.20361,-0.16315,-0.1289,-0.11573,-0.12151,-0.13261,-0.13516,-0.12607,-0.11497,-0.11711,-0.14257,-0.1865,-0.22575,-0.22539,-0.21293,-0.11457,-0.25042,-0.29974,-0.3091,-0.28225,-0.30707,-0.37997,-0.42461,-0.3966,-0.3448,-0.28917,-0.2386,-0.19459,-0.15974,-0.13824,-0.12574,-0.11552,-0.10913,-0.10798,-0.11089,-0.11829,-0.12789,-0.13279,-0.1292,-0.12057,-0.11242,-0.11299,-0.13293,-0.17785,-0.24716,-0.33269,-0.42174,-0.50756,-0.59013,-0.66933,-0.74027,-0.79637,-0.81485,-0.78728,-0.74685,-0.72198,-0.67105,-0.57784,-0.47535,-0.36754,-0.26663,-0.18346,-0.11977,-0.073266,-0.038798,-0.0095801,0.0099585,0.002423,0,0,0,-0.00074044,0.04952,0.068799,0.06215,0.057687,0.073777,0.11002,0.16763,0.23138,0.27008,0.26419,0.21041,0.11834,-0.0013665,-0.13361,-0.26099,-0.36085,-0.39737,-0.35201,-0.14779,0,0,0,0,0,0,0,0,0,0,0,-0.023498,-0.061017,0,0,0,-0.14932,-0.24016,-0.36499,-0.5044,-0.62278,-0.67622,-0.65388,-0.53272,-0.34977,-0.19626,-0.11098,-0.082926,-0.060788,-0.0085971,0.065853,0.15639,0.25493,0.33979,0.39154,0.4027,0.37795,0.31677,0.24933,0.23558,0.29738,0.36254,0.33693,0.22678,0,0,0,0,0,0,0,-0.06334,-0.11149,-0.13295,-0.11361,-0.066089,-0.014505,0.00077202,0,0,0,0,0,0,0,0,0,0,0,0,0,0,0,0,0,0,-0.0054664,-0.0063157,-0.0058276,-0.0053387,-0.0044162,-0.0030595,-0.0017026,-0.00042178,0.00078255,0.0019867,0.0026913,0.0028966,0.0031023,0,0,0,0,0,0,0,0,0,0,0,0,0,0,0,0,0,0,-0.17928,-0.18332,-0.18735,-0.18508,-0.17651,-0.16794,-0.15506,-0.13787,-0.12068,-0.10361,-0.086656,-0.069701,-0.052861,-0.036143,-0.019432,-0.0021195,0.015789,0.033693,0.050036,0.064817,0.079594,0.099927,0.12582,0.15172,0.17347,0.19108,0.20869,0.22725,0.24674,0.26625,0.27518,0.27354,0.27189,0.26526,0.25364,0.24202,0.22563,0.20448,0.18333,0.15944,0.13282,0.1062,0.079223,0.051899,0.024577,0.0015044,-0.01733,-0.036166,-0.052402,-0.066041,-0.079683,-0.091282,-0.10084,-0.1104,-0.11829,-0.12452,-0.13076,-0.13549,-0.13874,-0.14198,-0.14344,-0.14311,-0.14278,-0.14001,-0.13479,-0.12956,-0.12189,-0.11178,-0.10166,-0.090049,-0.076954,-0.06386,-0.050463,-0.03676,-0.023057,-0.010149,0.0019614,0.014071,0.024453,0.033106,0.041759,0.048151,0.052281,0.05641,0.058246,0.057788,0.057329,0.055566,0.052497,0.049427,0.047194,0.045799,0.044404,0.046011,0.05062,0.05523,0.063646,0.075866,0.088089,0.10299,0.12056,0.13813,0.15606,0.17434,0.19263,0.20909,0.22371,0.23834,0.24989,0.25839,0.26688,0.2725,0.27525,0.27799,0.27924,0.27898,0.27872,0.27856,0.27849,0.27842,0.27933,0.28122,0.28312,0.28571,0.28901,0.2923,0.29512,0.29746,0.2998,0.30032,0.29903,0.29774,0.29394,0.28765,0.28136,0.27299,0.26256,0.25212,0.24107,0.2294,0.21774,0.20723,0.19786,0.1885,0.18112,0.1757,0.17028,0.16592,0.16262,0.15933,0.15515,0.15008,0.14501,0.1378,0.12844,0.11908,0.10803,0.0953,0.082565,0.070204,0.058217,0.046232,0.036777,0.029851,0.022925,0.019006,0.018097,0.01719,0.017918,0.020282,0.022646,0.024852,0.0269,0.028947,0.028575,0.025782,0.022987,0.017992,0.010797,0.0036008
0,0,0,0,-0.2871,-0.27363,-0.2569,-0.23691,-0.21693,-0.19625,-0.17486,-0.15348,-0.13546,-0.12081,-0.10616,-0.093865,-0.083914,-0.073964,-0.065221,-0.057691,-0.050164,-0.042372,-0.034313,-0.026254,-0.019632,-0.01445,-0.0092664,-0.0085314,-0.012247,-0.015963,-0.019311,-0.022289,-0.025267,-0.025824,-0.023958,-0.022093,-0.023639,-0.028598,-0.033559,-0.038905,-0.044636,-0.050368,-0.058508,-0.069058,-0.079608,-0.089726,-0.099413,-0.1091,-0.1175,-0.1246,-0.1317,-0.136,-0.13748,-0.13897,-0.14042,-0.14183,-0.14325,-0.14591,-0.14981,-0.15372,-0.15692,-0.1594,-0.16189,-0.16144,-0.15804,-0.15465,-0.14981,-0.14352,-0.13722,-0.12805,-0.116,-0.10395,-0.090551,-0.075796,-0.061042,-0.04329,-0.022539,-0.0017899,0.020056,0.042997,0.065943,0.088431,0.11046,0.13248,0.15434,0.17601,0.19767,0.21709,0.23425,0.25142,0.26683,0.2805,0.29416,0.30751,0.32056,0.33361,0.34433,0.35272,0.36112,0.36758,0.37211,0.37664,0.37868,0.37822,0.37775,0.37481,0.36938,0.36395,0.35589,0.3452,0.33451,0.32285,0.31022,0.29759,0.28697,0.27837,0.26977,0.25998,0.24901,0.23803,0.22571,0.21203,0.19836,0.18353,0.16754,0.15154,0.13483,0.1174,0.09998,0.082584,0.065232,0.047881,0.03131,0.015523,-0.00026569,-0.015073,-0.028901,-0.042732,-0.055602,-0.067512,-0.07942,-0.090397,-0.10044,-0.11049,-0.11941,-0.12721,-0.135,-0.14115,-0.14565,-0.15014,-0.15331,-0.15514,-0.15697,-0.14373,0,0,0,0,0,0,0,0,0,0,0,0,0,0,0,0,0,0,0,0,0,-0.099383,-0.19043,-0.22709,-0.18162,-0.14204,-0.12343,-0.12383,-0.12923,-0.12599,-0.11229,-0.098977,-0.1023,-0.1342,-0.19136,-0.24889,-0.24572,-0.2157,0,-0.28071,-0.35194,-0.32807,-0.15027,-0.32341,-0.37827,-0.38711,-0.34483,-0.29091,-0.24194,-0.20044,-0.16566,-0.13668,-0.11062,-0.083937,-0.0589,-0.041776,-0.036144,-0.043729,-0.065912,-0.097565,-0.12675,-0.14609,-0.15505,-0.15613,-0.1569,-0.16907,-0.20313,-0.2614,-0.33495,-0.41274,-0.49063,-0.56839,-0.64383,-0.71479,-0.76861,-0.7827,-0.77293,-0.75318,-0.71548,-0.65089,-0.56623,-0.47668,-0.37731,-0.27703,-0.19052,-0.12266,-0.06943,-0.022008,0.023937,0.063675,0.046646,0,0,0,-0.040324,0.023144,0.057323,0.06683,0.071915,0.088253,0.11883,0.16815,0.2284,0.2728,0.27868,0.24001,0.16351,0.055443,-0.071219,-0.19802,-0.30628,-0.37624,-0.38048,-0.32205,-0.13913,-0.1043,-0.080697,0,0,0,0,0,0,0,0,-0.024315,-0.071026,-0.065409,-0.073845,-0.085679,-0.20031,-0.32341,-0.43569,-0.53333,-0.60995,-0.65669,-0.6633,-0.57736,-0.40332,-0.21899,-0.087086,-0.030942,-0.017173,0.014408,0.084306,0.18188,0.29411,0.39492,0.45233,0.44483,0.37766,0.29292,0.26184,0.31355,0.39285,0.41074,0.32685,0.19819,0,0,0,0,0,0,0,-0.055363,-0.097672,-0.12447,-0.11784,-0.081857,-0.03629,-0.011533,0,0,0,0,0,0,0,0,0,0,0,0,0,0,0,0,0,0,-0.0019886,-0.0024741,-0.0026494,-0.0028249,-0.0031176,-0.0035274,-0.0039373,-0.0038418,-0.003241,-0.0026405,-0.0016301,-0.00020922,0.0010785,0,0,0,0,0,0,0,0,0,0,0,0,0,0,0,0,0,0,-0.19227,-0.20228,-0.21227,-0.21409,-0.20773,-0.20137,-0.1901,-0.17391,-0.15772,-0.14051,-0.12228,-0.10405,-0.085879,-0.067762,-0.049646,-0.031079,-0.012054,0.006969,0.024303,0.039957,0.055611,0.076849,0.10367,0.13049,0.1533,0.17208,0.19086,0.21078,0.23185,0.25293,0.26348,0.26351,0.26353,0.25856,0.24859,0.23862,0.22409,0.20501,0.18592,0.16337,0.13735,0.11133,0.086141,0.061795,0.037448,0.016395,-0.0013681,-0.019134,-0.034468,-0.047375,-0.060283,-0.071515,-0.081072,-0.090629,-0.098942,-0.106,-0.11307,-0.1188,-0.12321,-0.12762,-0.13017,-0.13085,-0.13153,-0.1295,-0.12476,-0.12003,-0.11251,-0.1022,-0.091901,-0.079922,-0.066268,-0.052614,-0.038693,-0.024504,-0.010314,0.0029258,0.015214,0.0275,0.037905,0.046429,0.054952,0.061208,0.065195,0.069181,0.071139,0.071067,0.070995,0.070024,0.068155,0.066286,0.065467,0.065697,0.065929,0.068981,0.074855,0.08073,0.08993,0.10246,0.11498,0.12967,0.14651,0.16335,0.18019,0.19701,0.21384,0.22863,0.2414,0.25416,0.26386,0.27051,0.27715,0.2812,0.28265,0.28409,0.28446,0.28374,0.28302,0.28272,0.28284,0.28295,0.28416,0.28644,0.28873,0.29162,0.29511,0.2986,0.30137,0.30342,0.30547,0.30547,0.30341,0.30136,0.29671,0.28948,0.28225,0.27302,0.26178,0.25054,0.23889,0.22682,0.21475,0.20409,0.19485,0.1856,0.1785,0.17355,0.1686,0.16478,0.16208,0.15939,0.15583,0.15142,0.147,0.14039,0.13158,0.12276,0.11214,0.099702,0.087265,0.075063,0.063099,0.051136,0.041689,0.034758,0.027826,0.023881,0.022924,0.021968,0.022712,0.025156,0.0276,0.030001,0.032357,0.034713,0.035518,0.034773,0.034026,0.028045,0.016829,0.0056112
0,0,0,0,-0.3056,-0.29082,-0.27331,-0.25307,-0.23283,-0.21165,-0.18953,-0.16741,-0.14815,-0.13174,-0.11534,-0.10213,-0.092125,-0.082118,-0.073527,-0.066355,-0.059183,-0.050081,-0.039048,-0.028013,-0.020417,-0.016264,-0.012111,-0.010783,-0.01228,-0.013778,-0.016243,-0.019674,-0.023104,-0.024603,-0.024171,-0.023738,-0.026994,-0.033942,-0.040891,-0.04771,-0.054399,-0.061089,-0.070024,-0.081204,-0.092384,-0.10257,-0.11175,-0.12093,-0.12742,-0.13119,-0.13497,-0.13791,-0.14002,-0.14213,-0.14378,-0.14498,-0.14618,-0.14867,-0.15244,-0.15622,-0.15915,-0.16123,-0.16331,-0.16258,-0.15904,-0.15551,-0.15086,-0.14511,-0.13936,-0.13093,-0.11981,-0.1087,-0.09602,-0.081789,-0.067557,-0.050029,-0.029207,-0.0083921,0.013867,0.037575,0.061281,0.084671,0.10775,0.13082,0.15362,0.17615,0.19868,0.2188,0.23651,0.25422,0.27002,0.2839,0.29777,0.31141,0.32481,0.33821,0.34943,0.35847,0.36751,0.37501,0.38096,0.38691,0.39034,0.39125,0.39215,0.39027,0.38561,0.38094,0.37399,0.36474,0.35549,0.34269,0.32633,0.30996,0.29767,0.28945,0.28123,0.27175,0.26101,0.25026,0.23807,0.22442,0.21077,0.19586,0.17969,0.16351,0.14653,0.12876,0.11099,0.093132,0.075202,0.057278,0.039858,0.022945,0.0060313,-0.010059,-0.025329,-0.040602,-0.054832,-0.068021,-0.081209,-0.093235,-0.1041,-0.11496,-0.12441,-0.13245,-0.14048,-0.14678,-0.15134,-0.15589,-0.15774,-0.15688,-0.15602,-0.1499,0,0,0,0,0,0,0,0,0,0,0,0,0,0,0,0,0,0,0,0,0,-0.11096,-0.21046,-0.24776,-0.19796,-0.15844,-0.14032,-0.13833,-0.13634,-0.12471,-0.10613,-0.090884,-0.092992,-0.12372,-0.18227,-0.24847,-0.25263,-0.18911,-0.055606,-0.27363,-0.38063,-0.32563,0,-0.2875,-0.32093,-0.31085,-0.27145,-0.22908,-0.19512,-0.16971,-0.14938,-0.12839,-0.10036,-0.064986,-0.028747,0.0027079,0.023082,0.021522,-0.0069939,-0.0527,-0.10098,-0.14187,-0.16858,-0.18051,-0.18591,-0.19807,-0.22923,-0.28172,-0.34844,-0.42111,-0.49474,-0.57061,-0.64297,-0.70748,-0.75349,-0.77623,-0.77723,-0.7549,-0.70968,-0.6366,-0.54863,-0.45967,-0.36944,-0.27745,-0.19288,-0.12453,-0.07007,-0.021892,0.023754,0.053023,0.040147,-0.0044383,-0.020322,-0.029772,-0.0468,0.0082672,0.045272,0.065602,0.080287,0.098576,0.12437,0.16636,0.2218,0.26968,0.28667,0.26275,0.20208,0.10922,-0.0062395,-0.12897,-0.24104,-0.32765,-0.36513,-0.35335,-0.30357,-0.23494,-0.18132,-0.081268,-0.061827,0,0,0,0,0,0,-0.013079,-0.039242,-0.065409,-0.16877,-0.20268,-0.29052,-0.39702,-0.48231,-0.54284,-0.59526,-0.63988,-0.65904,-0.59334,-0.43659,-0.24308,-0.076686,0.0037631,0.019895,0.043326,0.11707,0.21405,0.31849,0.41148,0.4648,0.4562,0.37593,0.29127,0.29641,0.38642,0.45732,0.43129,0.31337,0.1767,0,0,0,0,0,0,0,-0.052217,-0.092974,-0.11881,-0.11638,-0.087767,-0.046356,-0.027155,0,0,0,0,0,0,0,0,0,0,0,0,0,0,0,0,0,0,0.0014888,0.001367,0.00052783,-0.0003117,-0.0018195,-0.0039954,-0.0061714,-0.0072607,-0.0072631,-0.0072658,-0.0059496,-0.0033138,0,0,0,0,0,0,0,0,0,0,0,0,0,0,0,0,0,0,0,-0.20527,-0.22124,-0.23719,-0.2431,-0.23895,-0.2348,-0.22513,-0.20994,-0.19475,-0.17741,-0.15791,-0.13841,-0.1189,-0.09938,-0.079864,-0.06004,-0.039897,-0.019755,-0.0014248,0.015101,0.031629,0.053771,0.081524,0.10928,0.13313,0.15308,0.17302,0.19432,0.21696,0.2396,0.25178,0.25347,0.25517,0.25186,0.24354,0.23522,0.22255,0.20553,0.18851,0.16729,0.14188,0.11646,0.093064,0.071691,0.050315,0.031283,0.01459,-0.0021022,-0.016532,-0.028708,-0.040882,-0.051749,-0.061306,-0.070861,-0.07959,-0.087484,-0.095376,-0.10211,-0.10769,-0.11326,-0.11689,-0.11858,-0.12027,-0.11899,-0.11474,-0.11049,-0.10312,-0.092633,-0.082145,-0.069796,-0.055583,-0.041369,-0.026926,-0.012249,0.002428,0.016,0.028465,0.040928,0.051356,0.059749,0.068143,0.074263,0.078108,0.081952,0.084031,0.084346,0.084662,0.084485,0.083815,0.083146,0.083739,0.085596,0.087454,0.091951,0.09909,0.10623,0.11622,0.12904,0.14187,0.15635,0.17246,0.18858,0.20432,0.21968,0.23505,0.24818,0.25908,0.26997,0.27782,0.28262,0.28743,0.2899,0.29005,0.2902,0.28968,0.2885,0.28732,0.28689,0.28719,0.28749,0.28898,0.29167,0.29435,0.29754,0.30122,0.3049,0.30763,0.30939,0.31115,0.31062,0.3078,0.30498,0.29948,0.29132,0.28315,0.27305,0.26101,0.24897,0.23671,0.22424,0.21176,0.20096,0.19183,0.1827,0.17589,0.17141,0.16692,0.16364,0.16154,0.15945,0.15652,0.15276,0.149,0.14298,0.13471,0.12645,0.11624,0.1041,0.091963,0.079922,0.067982,0.05604,0.046601,0.039664,0.032728,0.028757,0.027751,0.026746,0.027506,0.03003,0.032555,0.035149,0.037813,0.040478,0.042461,0.043764,0.045066,0.0381,0.022865,0.007625
0,0,0,0,-0.32432,-0.3091,-0.29101,-0.27004,-0.24908,-0.22741,-0.20502,-0.18265,-0.16318,-0.14661,-0.13005,-0.11636,-0.10554,-0.094716,-0.085404,-0.077603,-0.069801,-0.059198,-0.045793,-0.032384,-0.023921,-0.020408,-0.016898,-0.014956,-0.014584,-0.014212,-0.015421,-0.01821,-0.021,-0.023215,-0.024856,-0.026497,-0.0318,-0.040765,-0.049734,-0.058156,-0.066034,-0.073912,-0.083573,-0.095017,-0.10646,-0.11584,-0.12315,-0.13047,-0.13504,-0.13686,-0.13869,-0.1404,-0.14198,-0.14357,-0.14501,-0.14631,-0.14761,-0.14995,-0.15334,-0.15674,-0.15899,-0.16009,-0.16119,-0.16035,-0.15757,-0.15479,-0.15069,-0.14528,-0.13986,-0.1319,-0.1214,-0.1109,-0.09875,-0.084963,-0.071174,-0.053944,-0.033277,-0.01261,0.009756,0.033826,0.057899,0.081797,0.10552,0.12923,0.15269,0.17587,0.19906,0.21979,0.23804,0.2563,0.2725,0.28664,0.30079,0.3147,0.32839,0.34207,0.35372,0.36333,0.37293,0.38127,0.38834,0.39542,0.4001,0.40239,0.40467,0.40411,0.40069,0.39726,0.39156,0.38359,0.37561,0.36278,0.34507,0.32737,0.31419,0.30551,0.29683,0.28656,0.2747,0.26283,0.25013,0.23662,0.22311,0.20824,0.19202,0.17579,0.15867,0.14065,0.12264,0.10438,0.085891,0.067404,0.049191,0.03125,0.01331,-0.0039238,-0.020455,-0.036985,-0.052403,-0.066713,-0.081022,-0.093971,-0.10557,-0.11716,-0.12711,-0.13541,-0.1437,-0.15004,-0.15441,-0.15877,-0.15994,-0.15789,-0.15585,-0.15359,-0.076072,0,0,0,0,0,0,0,0,0,0,0,0,0,0,0,0,0,0,0,-0.022614,-0.15288,-0.25246,-0.25085,-0.19736,-0.17105,-0.17085,-0.1717,-0.15526,-0.1294,-0.10454,-0.08783,-0.087643,-0.11185,-0.16017,-0.21597,-0.23316,-0.17827,-0.14866,-0.23292,-0.31125,-0.24013,-0.028498,-0.16741,-0.20696,-0.21247,-0.18957,-0.16792,-0.15508,-0.14875,-0.14024,-0.12251,-0.094405,-0.057927,-0.015987,0.027605,0.064068,0.075792,0.051319,-0.0002644,-0.061261,-0.11811,-0.16135,-0.18719,-0.20195,-0.21989,-0.25385,-0.30789,-0.3764,-0.44961,-0.52073,-0.591,-0.66069,-0.72079,-0.75752,-0.77076,-0.76778,-0.74143,-0.70179,-0.64075,-0.54381,-0.43598,-0.34112,-0.25975,-0.18487,-0.12211,-0.073788,-0.034544,-0.0025538,0.015416,0.016161,-0.00062906,-0.026251,-0.039946,-0.029545,-0.0015632,0.031122,0.060162,0.083037,0.10394,0.1258,0.16187,0.21419,0.26471,0.29144,0.2807,0.23492,0.15774,0.055703,-0.05997,-0.17278,-0.26625,-0.32441,-0.34581,-0.33243,-0.28161,-0.22011,-0.17158,-0.1369,0,0,0,0,0,0,0,0,0,-0.20435,-0.26272,-0.36098,-0.46168,-0.52857,-0.57066,-0.61285,-0.64953,-0.65696,-0.59425,-0.43992,-0.24254,-0.070978,0.02131,0.046074,0.071583,0.14307,0.23576,0.32677,0.40532,0.45295,0.4488,0.3905,0.33738,0.35898,0.43581,0.47433,0.4209,0.29692,0.16601,0,0,0,0,0,0,0,-0.05237,-0.09485,-0.11792,-0.114,-0.08732,-0.050134,-0.030763,0,0,0,0,0,0,0,0,0,0,0,0,0,0,0,0,0,0.00084117,0.0030157,0.003093,0.002041,0.00098861,-0.00083937,-0.0034424,-0.0060457,-0.0074743,-0.0077276,-0.007981,-0.0067566,-0.0040544,0,0,0,0,0,0,0,0,0,0,0,0,0,0,0,0,0,0,0,-0.22241,-0.2422,-0.26198,-0.27114,-0.26969,-0.26824,-0.26014,-0.2454,-0.23067,-0.21291,-0.19213,-0.17135,-0.15043,-0.12938,-0.10833,-0.08726,-0.066158,-0.045056,-0.025929,-0.0087804,0.0083685,0.031014,0.059151,0.087287,0.11169,0.13238,0.15306,0.17545,0.19955,0.22365,0.23758,0.24131,0.24505,0.24377,0.23749,0.23121,0.22023,0.20455,0.18886,0.16925,0.14571,0.12216,0.10079,0.081608,0.062419,0.045,0.029347,0.013693,7.0575e-05,-0.01153,-0.023131,-0.033706,-0.043259,-0.052809,-0.06181,-0.070259,-0.078706,-0.086123,-0.092509,-0.098895,-0.10331,-0.10577,-0.10822,-0.10758,-0.10386,-0.10014,-0.093107,-0.082758,-0.072408,-0.060007,-0.045556,-0.031104,-0.016375,-0.0013645,0.013646,0.027466,0.040093,0.052719,0.063237,0.071647,0.080056,0.086269,0.090286,0.094301,0.096841,0.097908,0.098974,0.099897,0.10068,0.10146,0.10361,0.10711,0.11062,0.11646,0.12463,0.13281,0.14327,0.15601,0.16876,0.18264,0.19766,0.21268,0.22703,0.24072,0.25441,0.2658,0.27491,0.28401,0.29022,0.29354,0.29686,0.29819,0.29753,0.29687,0.2959,0.29462,0.29334,0.293,0.2936,0.29421,0.29598,0.29893,0.30188,0.30513,0.3087,0.31227,0.31462,0.31575,0.31688,0.31555,0.31175,0.30795,0.30149,0.29239,0.28328,0.27243,0.25982,0.24722,0.23466,0.22215,0.20964,0.19901,0.19025,0.1815,0.17511,0.17109,0.16707,0.16417,0.16241,0.16064,0.158,0.15449,0.15099,0.14523,0.13724,0.12924,0.11932,0.10747,0.095622,0.083876,0.072231,0.060585,0.051398,0.044668,0.037938,0.034096,0.033143,0.03219,0.032993,0.035552,0.038111,0.040909,0.043946,0.046984,0.049633,0.051894,0.054155,0.046077,0.027653,0.0092223
0,0,0,0,-0.34327,-0.32846,-0.30997,-0.28783,-0.26568,-0.24352,-0.22136,-0.19919,-0.18054,-0.16542,-0.1503,-0.13655,-0.12415,-0.11175,-0.10084,-0.091432,-0.082019,-0.069722,-0.054541,-0.039362,-0.030141,-0.026882,-0.023626,-0.021051,-0.019158,-0.017265,-0.016845,-0.017899,-0.018954,-0.021659,-0.026014,-0.03037,-0.038054,-0.049069,-0.060087,-0.070243,-0.079539,-0.088835,-0.099154,-0.1105,-0.12184,-0.12955,-0.13362,-0.1377,-0.14036,-0.14161,-0.14287,-0.14345,-0.14336,-0.14328,-0.14409,-0.14581,-0.14752,-0.14976,-0.15252,-0.15528,-0.15644,-0.156,-0.15555,-0.15476,-0.15363,-0.1525,-0.14929,-0.144,-0.13872,-0.13097,-0.12077,-0.11056,-0.098745,-0.085322,-0.071899,-0.055041,-0.034743,-0.014443,0.0077206,0.031752,0.05579,0.079799,0.10377,0.12774,0.15155,0.17519,0.19883,0.22005,0.23885,0.25765,0.27428,0.28873,0.30319,0.31738,0.33129,0.34521,0.35721,0.3673,0.37738,0.38637,0.39426,0.40215,0.40794,0.41163,0.41532,0.41632,0.41462,0.41292,0.40863,0.40174,0.39486,0.3831,0.36646,0.34983,0.33653,0.32655,0.31657,0.30442,0.29007,0.27573,0.26192,0.24864,0.23537,0.22066,0.20452,0.18839,0.17124,0.15308,0.13492,0.11633,0.097295,0.078267,0.059318,0.040447,0.021571,0.0033272,-0.014278,-0.031881,-0.048317,-0.063587,-0.078854,-0.092607,-0.10485,-0.11709,-0.1275,-0.13609,-0.14467,-0.15093,-0.15486,-0.15879,-0.1599,-0.15818,-0.15647,-0.1548,-0.15317,0,0,0,0,0,0,0,0,0,0,0,0,0,0,0,0,0,0,0,-0.048374,-0.19579,-0.14374,-0.12366,-0.09498,-0.23802,-0.24119,-0.22839,-0.19078,-0.14563,-0.10722,-0.084946,-0.081976,-0.10152,-0.13844,-0.17495,-0.18883,-0.18612,-0.19538,-0.22226,-0.22353,-0.1483,-0.072999,-0.082731,-0.11687,-0.12356,-0.11771,-0.11604,-0.12258,-0.13046,-0.12881,-0.1138,-0.088389,-0.053142,-0.0072143,0.044458,0.088926,0.10984,0.0962,0.049633,-0.015823,-0.083439,-0.14131,-0.18345,-0.21326,-0.24354,-0.28632,-0.34392,-0.41,-0.47906,-0.54513,-0.61121,-0.68144,-0.74216,-0.7782,-0.78294,-0.76811,-0.73003,-0.68668,-0.63345,-0.54613,-0.43969,-0.33244,-0.24714,-0.17667,-0.11611,-0.075775,-0.054061,-0.036528,-0.013981,0.0091845,0.020202,0.011992,-0.010715,-0.025897,-0.003265,0.011723,0.028348,0.084562,0.10718,0.12254,0.15438,0.20549,0.25725,0.29138,0.29236,0.26013,0.19711,0.10849,0.0036521,-0.10274,-0.19422,-0.26199,-0.30794,-0.32538,-0.31113,-0.26013,-0.2024,-0.16515,0,0,0,0,0,0,0,0,0,-0.22935,-0.30289,-0.40242,-0.50573,-0.57899,-0.62774,-0.66116,-0.67535,-0.65082,-0.57725,-0.41886,-0.21489,-0.055111,0.039502,0.084868,0.12246,0.177,0.25166,0.3362,0.40435,0.43679,0.43863,0.42254,0.40854,0.42142,0.45014,0.44645,0.38129,0.27132,0.081418,0,0,0.020524,0,0,0,-0.0066976,-0.055751,-0.097906,-0.11814,-0.11195,-0.085514,-0.052343,-0.032891,-0.0072118,0,0,0,0,0,0,0,0,0,0,0,0,0,0,0,0,0.0015555,0.0025928,0.0027048,0.0018907,0.0010764,-0.00017678,-0.001869,-0.0024016,-0.0029895,-0.0030908,-0.0031921,-0.0027025,-0.0016217,0,0,0,0,0,0,0,0,0,0,0,0,0,0,0,0,0,0,0,-0.24368,-0.26515,-0.28662,-0.29822,-0.29995,-0.30167,-0.29512,-0.28029,-0.26547,-0.24702,-0.22495,-0.20288,-0.18048,-0.15777,-0.13506,-0.11275,-0.090838,-0.068924,-0.049205,-0.031686,-0.014168,0.0085721,0.03654,0.064506,0.088983,0.10998,0.13097,0.15419,0.17963,0.20508,0.22089,0.22703,0.23317,0.23431,0.23044,0.22658,0.21711,0.20204,0.18698,0.16924,0.14882,0.12841,0.10931,0.091542,0.073764,0.057552,0.042903,0.028252,0.015339,0.0041553,-0.0070259,-0.017386,-0.02693,-0.036472,-0.045605,-0.054329,-0.063053,-0.070836,-0.077678,-0.084522,-0.089429,-0.092399,-0.095369,-0.09528,-0.092133,-0.088985,-0.082466,-0.072577,-0.062687,-0.050558,-0.036188,-0.021818,-0.0070394,0.0081515,0.023342,0.037325,0.050101,0.062875,0.07355,0.082122,0.090692,0.097229,0.10173,0.10623,0.10957,0.11175,0.11393,0.11626,0.11875,0.12124,0.12507,0.13025,0.13543,0.1425,0.15148,0.16045,0.17108,0.18335,0.19563,0.20854,0.22209,0.23564,0.24832,0.26013,0.27193,0.28152,0.28889,0.29625,0.30104,0.30325,0.30546,0.30607,0.30509,0.3041,0.3031,0.30208,0.30106,0.30106,0.30209,0.30311,0.30516,0.30823,0.31131,0.31442,0.31756,0.3207,0.32236,0.32252,0.32268,0.32027,0.31527,0.31027,0.30274,0.29269,0.28264,0.27115,0.25822,0.24529,0.23274,0.22056,0.20838,0.19824,0.19012,0.18201,0.17617,0.1726,0.16903,0.16639,0.16467,0.16295,0.16027,0.15663,0.15298,0.14715,0.13915,0.13114,0.12136,0.1098,0.098245,0.086926,0.075848,0.064769,0.056075,0.049765,0.043454,0.039898,0.039098,0.038299,0.039173,0.04172,0.044267,0.047279,0.050755,0.054231,0.057034,0.059164,0.061294,0.051971,0.031187,0.010397
0,0,0,0,-0.36222,-0.34782,-0.32895,-0.30562,-0.28229,-0.25965,-0.23769,-0.21573,-0.19791,-0.18423,-0.17055,-0.15673,-0.14276,-0.12879,-0.11629,-0.10526,-0.094241,-0.080252,-0.063298,-0.046342,-0.036362,-0.033358,-0.030355,-0.027147,-0.023732,-0.020319,-0.018272,-0.017591,-0.016912,-0.020106,-0.027174,-0.034244,-0.044311,-0.057374,-0.07044,-0.08233,-0.093043,-0.10376,-0.11473,-0.12598,-0.13722,-0.14325,-0.14409,-0.14492,-0.14568,-0.14636,-0.14704,-0.1465,-0.14475,-0.14299,-0.14317,-0.14531,-0.14744,-0.14957,-0.15169,-0.15382,-0.15389,-0.1519,-0.14991,-0.14918,-0.14969,-0.15021,-0.14789,-0.14273,-0.13757,-0.13004,-0.12013,-0.11022,-0.09874,-0.085681,-0.072624,-0.056135,-0.036207,-0.016279,0.0056836,0.029685,0.053684,0.0778,0.10203,0.12625,0.15041,0.1745,0.19859,0.22031,0.23965,0.25899,0.27605,0.29082,0.30559,0.32005,0.3342,0.34835,0.36071,0.37127,0.38183,0.39146,0.40018,0.40889,0.41579,0.42088,0.42597,0.42852,0.42855,0.42857,0.42569,0.4199,0.4141,0.40343,0.38786,0.37229,0.35887,0.34759,0.33632,0.32228,0.30546,0.28863,0.2737,0.26067,0.24763,0.23309,0.21704,0.20099,0.18381,0.16551,0.14721,0.12827,0.1087,0.089133,0.069449,0.049643,0.02983,0.01058,-0.0080982,-0.026776,-0.044232,-0.060461,-0.076686,-0.091243,-0.10413,-0.11702,-0.1279,-0.13676,-0.14563,-0.15182,-0.15531,-0.15881,-0.15986,-0.15847,-0.15708,-0.156,-0.15522,-0.077951,0,0,0,0,0,0,0,0,0,0,0,0,0,0,0,0,0,0,-0.054661,-0.2314,0,0,0,-0.32416,-0.32621,-0.3047,-0.24448,-0.079084,-0.055002,-0.04153,-0.056458,-0.093287,-0.12978,-0.16031,-0.1804,-0.19407,-0.19929,-0.18977,-0.15904,-0.1177,-0.083999,-0.06595,-0.063447,-0.065653,-0.069742,-0.081041,-0.097271,-0.11015,-0.11284,-0.10357,-0.081687,-0.045595,0.0045276,0.060198,0.1035,0.12285,0.11683,0.082747,0.022912,-0.049103,-0.11841,-0.17727,-0.22697,-0.2755,-0.32901,-0.38601,-0.44402,-0.51085,-0.57939,-0.64553,-0.71156,-0.76495,-0.79758,-0.79981,-0.7725,-0.71768,-0.66751,-0.61584,-0.53687,-0.45237,-0.36194,-0.26747,-0.087529,-0.056108,-0.037614,-0.064483,-0.070657,-0.034901,0.0061851,0.018526,0.036955,0.0030229,-0.059374,0,0,0,0.083927,0.10722,0.1145,0.14117,0.18896,0.23877,0.27728,0.28801,0.26791,0.22137,0.14984,0.061959,-0.031303,-0.11715,-0.19119,-0.25522,-0.2994,-0.30987,-0.2851,-0.24464,-0.20198,0,0,0,0,0,0,0,0,0,-0.23982,-0.32444,-0.41383,-0.51281,-0.60282,-0.67807,-0.71694,-0.70254,-0.63062,-0.52744,-0.38017,-0.19993,-0.053929,0.048043,0.12482,0.18188,0.22174,0.26751,0.33854,0.40597,0.43572,0.4442,0.45313,0.45683,0.44862,0.43017,0.39384,0.32911,0.24354,0,0,0,0.044453,0,0,0,-0.016662,-0.058104,-0.095871,-0.11366,-0.10794,-0.083895,-0.053529,-0.033354,-0.0072118,0,0,0,0,0,0,0,0,0,0,0,0,0,0,0,0,0.0013014,0.0021693,0.0023155,0.0017396,0.0011633,0.00048466,-0.0002967,0,0,0,0,0,0,0,0,0,0,0,0,0,0,0,0,0,0,0,0,0,0,0,0,0,-0.26494,-0.28811,-0.31127,-0.3253,-0.3302,-0.3351,-0.33009,-0.31518,-0.30027,-0.28113,-0.25777,-0.23441,-0.21054,-0.18616,-0.16179,-0.13824,-0.11552,-0.09279,-0.07248,-0.054592,-0.036704,-0.013867,0.013927,0.041722,0.066271,0.087579,0.10888,0.13293,0.15972,0.18652,0.20419,0.21275,0.2213,0.22485,0.2234,0.22195,0.21399,0.19954,0.18509,0.16923,0.15194,0.13466,0.11784,0.10147,0.08511,0.070104,0.056459,0.042811,0.030605,0.01984,0.0090783,-0.0010681,-0.010603,-0.020135,-0.0294,-0.038399,-0.047398,-0.055545,-0.062846,-0.070148,-0.075542,-0.07903,-0.082519,-0.082977,-0.080403,-0.077827,-0.071825,-0.062396,-0.052966,-0.041108,-0.02682,-0.012531,0.0022961,0.017665,0.033035,0.047183,0.060108,0.073032,0.083862,0.092596,0.10133,0.10819,0.11317,0.11816,0.1223,0.12559,0.12889,0.13263,0.13683,0.14102,0.14654,0.15339,0.16023,0.16854,0.17832,0.1881,0.19889,0.2107,0.2225,0.23445,0.24653,0.25861,0.26961,0.27953,0.28945,0.29723,0.30286,0.3085,0.31186,0.31296,0.31406,0.31396,0.31265,0.31134,0.3103,0.30954,0.30878,0.30912,0.31057,0.31201,0.31434,0.31754,0.32074,0.3237,0.32642,0.32913,0.33009,0.32929,0.32848,0.32498,0.31879,0.31259,0.30399,0.29299,0.28199,0.26987,0.25662,0.24337,0.23082,0.21897,0.20713,0.19746,0.18999,0.18252,0.17722,0.17411,0.171,0.16861,0.16694,0.16527,0.16254,0.15876,0.15497,0.14907,0.14106,0.13305,0.12341,0.11214,0.10087,0.089975,0.079466,0.068955,0.060752,0.054861,0.04897,0.045701,0.045054,0.044409,0.045354,0.047889,0.050425,0.053649,0.057563,0.061477,0.064434,0.066434,0.068433,0.057863,0.03472,0.011577
0,0,0,0,-0.38161,-0.36727,-0.3482,-0.32438,-0.30057,-0.27803,-0.25676,-0.23549,-0.21796,-0.20416,-0.19036,-0.17653,-0.16266,-0.14879,-0.13555,-0.12293,-0.11032,-0.095138,-0.077393,-0.059646,-0.048298,-0.043352,-0.038408,-0.03407,-0.030341,-0.026614,-0.023828,-0.021989,-0.02015,-0.023526,-0.032119,-0.040714,-0.052263,-0.066767,-0.081273,-0.094383,-0.1061,-0.11781,-0.12883,-0.13917,-0.14951,-0.154,-0.15264,-0.15127,-0.15034,-0.14983,-0.14933,-0.14739,-0.14402,-0.14065,-0.14034,-0.14309,-0.14584,-0.14776,-0.14886,-0.14996,-0.14963,-0.14785,-0.14608,-0.14589,-0.14729,-0.14869,-0.14667,-0.14124,-0.1358,-0.12825,-0.11858,-0.1089,-0.097334,-0.083873,-0.070415,-0.053949,-0.034472,-0.014996,0.0065934,0.030299,0.054003,0.077896,0.10198,0.12605,0.14989,0.17349,0.19708,0.21869,0.2383,0.25792,0.27543,0.29082,0.30622,0.32124,0.3359,0.35056,0.36349,0.37468,0.38586,0.39623,0.40579,0.41535,0.42329,0.42961,0.43594,0.43986,0.44139,0.44292,0.44147,0.43704,0.43261,0.42323,0.40889,0.39455,0.38139,0.3694,0.35741,0.34261,0.32499,0.30738,0.29216,0.27936,0.26655,0.2517,0.23481,0.21793,0.19966,0.18001,0.16037,0.14056,0.12058,0.1006,0.080327,0.059765,0.039192,0.019121,-0.00044176,-0.020005,-0.038321,-0.055389,-0.072455,-0.087748,-0.10127,-0.11479,-0.12615,-0.13536,-0.14456,-0.15096,-0.15457,-0.15817,-0.15966,-0.15903,-0.15839,-0.15804,-0.15796,-0.15788,-0.080085,-0.080307,-0.08053,0,0,0,0,0,0,0,0,0,0,0,0,0,0,0,-0.060347,-0.29612,0,0,0,-0.36085,-0.39436,-0.38754,-0.30037,0,0,0,-0.035776,-0.10033,-0.14103,-0.176,-0.21088,-0.21452,-0.18761,-0.14786,-0.11097,-0.085681,-0.067963,-0.052443,-0.042895,-0.04283,-0.050822,-0.064741,-0.079703,-0.090473,-0.095206,-0.09033,-0.070193,-0.032203,0.020446,0.074188,0.11035,0.12228,0.11535,0.090385,0.04228,-0.025374,-0.099346,-0.16969,-0.23521,-0.29847,-0.35922,-0.41649,-0.47354,-0.54613,-0.62422,-0.68961,-0.74623,-0.79092,-0.81732,-0.81344,-0.7755,-0.71054,-0.64973,-0.58324,-0.50455,-0.43996,-0.38301,-0.31031,0,0,0,-0.053767,-0.043913,-0.022007,0.0029431,0.0021339,0.019034,0.0035631,-0.042856,0,0,0,0.040907,0.052804,0.10058,0.12222,0.16119,0.20507,0.24414,0.26447,0.25982,0.23335,0.18309,0.11442,0.035522,-0.045752,-0.12304,-0.19385,-0.24897,-0.27801,-0.27868,-0.26223,-0.23684,-0.11078,-0.090362,-0.076375,-0.07117,-0.06537,-0.060658,-0.055818,-0.05545,-0.076254,-0.23503,-0.32641,-0.41309,-0.50844,-0.61871,-0.72498,-0.77588,-0.72883,-0.59841,-0.45304,-0.32143,-0.19349,-0.073816,0.040508,0.14967,0.23199,0.27626,0.30342,0.3426,0.4001,0.45074,0.47136,0.47231,0.45926,0.42466,0.37648,0.32499,0.27069,0.22036,0,0,0,0.058453,0.022411,0.012632,0.0028741,-0.019554,-0.053703,-0.084391,-0.1005,-0.097642,-0.078697,-0.051299,-0.031143,0,0,0,0,0,0,0,0,0,0,0,0,0,0,0,0,0,0.00030696,0.0005116,0.00039056,-5.635e-05,-0.00050349,-0.00060589,-0.00036349,0,0,0,0,0,0,0,0,0,0,0,0,0,0,0,0,0,0,0,0,0,0,0,0,0,-0.28562,-0.31144,-0.33724,-0.35338,-0.35983,-0.36629,-0.36196,-0.34687,-0.33177,-0.31194,-0.28738,-0.26281,-0.23772,-0.21211,-0.1865,-0.16247,-0.14,-0.11753,-0.096864,-0.078004,-0.059142,-0.036045,-0.0087085,0.01863,0.04299,0.064367,0.085742,0.11039,0.1383,0.16622,0.18569,0.19669,0.20769,0.21376,0.2149,0.21604,0.21055,0.19844,0.18632,0.1724,0.15668,0.14096,0.12554,0.11044,0.095334,0.081351,0.068498,0.055645,0.04398,0.033506,0.023032,0.013099,0.0037025,-0.0056909,-0.014841,-0.023751,-0.032662,-0.040803,-0.048178,-0.055556,-0.061139,-0.064926,-0.068712,-0.069596,-0.067578,-0.065558,-0.060157,-0.051375,-0.042591,-0.031259,-0.017376,-0.003493,0.011087,0.026365,0.041642,0.05581,0.068865,0.08192,0.093015,0.10215,0.11128,0.11876,0.12458,0.1304,0.13564,0.1403,0.14496,0.15022,0.15607,0.16193,0.16895,0.17715,0.18534,0.19453,0.20471,0.21489,0.22551,0.23657,0.24764,0.25844,0.26898,0.27953,0.28889,0.29708,0.30528,0.31149,0.31574,0.31999,0.32231,0.32272,0.32312,0.32266,0.32133,0.32,0.31911,0.31868,0.31824,0.31888,0.32058,0.32229,0.32467,0.32774,0.3308,0.33335,0.33538,0.3374,0.33747,0.33558,0.33369,0.32908,0.32176,0.31443,0.3049,0.29314,0.28139,0.26852,0.25453,0.24055,0.22829,0.21775,0.20721,0.19854,0.19175,0.18496,0.18014,0.17729,0.17445,0.17204,0.17008,0.16812,0.16497,0.16062,0.15628,0.14996,0.14168,0.13339,0.1238,0.11291,0.10201,0.091709,0.082008,0.072306,0.064836,0.0596,0.054368,0.051557,0.05117,0.050782,0.051903,0.05453,0.057158,0.060421,0.064321,0.068221,0.071086,0.072915,0.074743,0.063053,0.037839,0.012619
0,0,0,0,-0.40145,-0.38681,-0.3677,-0.3441,-0.3205,-0.29865,-0.27856,-0.25847,-0.24068,-0.22521,-0.20973,-0.19594,-0.18384,-0.17174,-0.15861,-0.14443,-0.13024,-0.11438,-0.09682,-0.079267,-0.06595,-0.056867,-0.047785,-0.041822,-0.038983,-0.036144,-0.033511,-0.031089,-0.028666,-0.031918,-0.040847,-0.049778,-0.06191,-0.077247,-0.092587,-0.1064,-0.11869,-0.13099,-0.14145,-0.15008,-0.15872,-0.16178,-0.15926,-0.15674,-0.15433,-0.15202,-0.14972,-0.14611,-0.14119,-0.13628,-0.1356,-0.13916,-0.14271,-0.14434,-0.14402,-0.14371,-0.14365,-0.14386,-0.14406,-0.14491,-0.14642,-0.14793,-0.14563,-0.13953,-0.13342,-0.12561,-0.1161,-0.10659,-0.094528,-0.079903,-0.065277,-0.04849,-0.029541,-0.010592,0.010453,0.033593,0.056735,0.080077,0.10361,0.12715,0.14999,0.17215,0.1943,0.21518,0.23481,0.25443,0.27241,0.28874,0.30507,0.32095,0.33639,0.35183,0.36554,0.37752,0.38949,0.40069,0.4111,0.42152,0.43043,0.43783,0.44523,0.45034,0.45315,0.45595,0.45596,0.45317,0.45038,0.44251,0.42956,0.41662,0.40409,0.39197,0.37985,0.36543,0.34869,0.33196,0.3173,0.30472,0.29213,0.27651,0.25786,0.23921,0.21879,0.1966,0.17441,0.15319,0.13292,0.11266,0.091957,0.070811,0.049654,0.028946,0.0086918,-0.011567,-0.030586,-0.04837,-0.066155,-0.082121,-0.096269,-0.11042,-0.12228,-0.13186,-0.14144,-0.14836,-0.15262,-0.15687,-0.15928,-0.15984,-0.1604,-0.16091,-0.16137,-0.16183,-0.16213,-0.16228,-0.16243,-0.075485,-0.062738,-0.049997,-0.044428,-0.032582,-0.016848,-0.018534,0,0,0,0,0,0,0,0,-0.031445,-0.16601,0,0,0,-0.38752,-0.452,-0.45715,-0.26788,0,0,0,-0.018562,-0.11544,-0.17585,-0.2104,-0.25848,-0.25713,-0.17808,-0.10727,-0.067118,-0.053999,-0.051861,-0.048592,-0.044405,-0.045191,-0.052831,-0.063728,-0.072749,-0.078017,-0.079555,-0.073042,-0.051796,-0.012801,0.038297,0.085518,0.11305,0.11656,0.10305,0.078612,0.039014,-0.018852,-0.087465,-0.15823,-0.22878,-0.29807,-0.36429,-0.42891,-0.49384,-0.57262,-0.65568,-0.72138,-0.77309,-0.8114,-0.83137,-0.82153,-0.7758,-0.70858,-0.64037,-0.56157,-0.48229,-0.42199,-0.37926,-0.34344,0,0,0,-0.021664,0,0,0,0,0,0,0,0,0,0,0,0,0.086603,0.10268,0.13344,0.1689,0.20372,0.23098,0.24474,0.23944,0.20991,0.15854,0.091137,0.016549,-0.056779,-0.1221,-0.1793,-0.22356,-0.24552,-0.24917,-0.24725,-0.2345,-0.20396,-0.17666,-0.16579,-0.15699,-0.13569,-0.10882,-0.10417,-0.14194,-0.21486,-0.29856,-0.38501,-0.48758,-0.61531,-0.73888,-0.79389,-0.72937,-0.56254,-0.38844,-0.27005,-0.18337,-0.088454,0.030965,0.16149,0.27251,0.34426,0.37438,0.38701,0.41313,0.45619,0.48657,0.47471,0.42682,0.36557,0.30841,0.26317,0.22915,0.20624,0,0,0,0.077764,0.049517,0.026965,0.0063888,-0.016298,-0.041756,-0.065392,-0.08039,-0.081375,-0.06796,-0.044632,-0.023201,0,0,0,0,0,0,0,0,0,0,0,0,0,0,0,0,0,-0.0014276,-0.0023796,-0.0030691,-0.0034962,-0.0039232,-0.0010133,-0.000608,0,0,0,0,0,0,0,0,-0.0027436,-0.0045729,-0.0052093,-0.0046526,-0.0040957,-0.0031813,-0.0019089,0,0,0,0,0,0,0,0,-0.10292,-0.13436,-0.30571,-0.33513,-0.36454,-0.38244,-0.38883,-0.39522,-0.39073,-0.37537,-0.35999,-0.33946,-0.31378,-0.28809,-0.26204,-0.23563,-0.20923,-0.18545,-0.1643,-0.14314,-0.12235,-0.10191,-0.08148,-0.057966,-0.031367,-0.0047711,0.019137,0.040348,0.061555,0.086564,0.11538,0.14421,0.16537,0.17886,0.19236,0.20106,0.20496,0.20887,0.20679,0.19873,0.19067,0.17877,0.16304,0.1473,0.13244,0.11843,0.10443,0.091297,0.079026,0.066757,0.055466,0.04515,0.034835,0.025115,0.015989,0.0068628,-0.0019279,-0.010385,-0.018843,-0.026606,-0.033677,-0.040747,-0.046216,-0.050081,-0.053944,-0.055137,-0.053659,-0.052178,-0.047463,-0.039514,-0.031563,-0.021011,-0.0078561,0.0052982,0.019334,0.034251,0.049167,0.063208,0.076372,0.089537,0.10101,0.11078,0.12055,0.12894,0.13595,0.14295,0.14959,0.15586,0.16213,0.16901,0.17648,0.18395,0.1923,0.20153,0.21076,0.22046,0.23065,0.24083,0.25095,0.26099,0.27103,0.28052,0.28945,0.29839,0.30617,0.31278,0.3194,0.32431,0.32752,0.33072,0.33239,0.33251,0.33264,0.33217,0.33113,0.33008,0.32953,0.32949,0.32944,0.33032,0.33213,0.33394,0.33617,0.33883,0.34149,0.34336,0.34443,0.34551,0.3445,0.34141,0.33831,0.33257,0.32418,0.3158,0.30545,0.29313,0.28082,0.2671,0.25196,0.23683,0.22513,0.21688,0.20863,0.20147,0.19541,0.18935,0.18493,0.18216,0.17938,0.17669,0.1741,0.17151,0.16755,0.16223,0.15691,0.14984,0.14101,0.13218,0.12255,0.11211,0.10168,0.092131,0.083476,0.074823,0.068325,0.063984,0.059646,0.057466,0.057443,0.057421,0.058821,0.061644,0.064467,0.067595,0.071028,0.074462,0.076989,0.078607,0.080226,0.067536,0.040531,0.0065339
0,0,0,0,-0.42128,-0.40635,-0.3872,-0.36382,-0.34044,-0.31928,-0.30036,-0.28144,-0.2634,-0.24625,-0.2291,-0.21536,-0.20503,-0.1947,-0.18167,-0.16592,-0.15018,-0.13362,-0.11625,-0.09889,-0.083601,-0.070383,-0.057166,-0.04958,-0.047626,-0.045673,-0.043195,-0.04019,-0.037184,-0.040312,-0.049576,-0.058842,-0.071558,-0.087727,-0.1039,-0.11842,-0.13129,-0.14417,-0.15407,-0.16099,-0.16792,-0.16955,-0.16588,-0.1622,-0.15831,-0.15421,-0.15011,-0.14482,-0.13836,-0.1319,-0.13085,-0.13522,-0.13959,-0.14091,-0.13919,-0.13746,-0.13768,-0.13986,-0.14204,-0.14393,-0.14555,-0.14717,-0.14459,-0.13782,-0.13104,-0.12298,-0.11363,-0.10429,-0.09172,-0.075931,-0.060139,-0.043031,-0.02461,-0.0061885,0.014312,0.036888,0.059467,0.082256,0.10525,0.12825,0.1501,0.17081,0.19151,0.21168,0.23131,0.25094,0.26939,0.28666,0.30392,0.32066,0.33688,0.3531,0.36759,0.38035,0.39311,0.40513,0.41642,0.4277,0.43758,0.44606,0.45453,0.46081,0.4649,0.46899,0.47046,0.4693,0.46815,0.46179,0.45024,0.43868,0.42678,0.41454,0.4023,0.38825,0.37239,0.35654,0.34244,0.33007,0.3177,0.30132,0.2809,0.26049,0.23792,0.21319,0.18845,0.16581,0.14527,0.12473,0.10359,0.081857,0.060121,0.038777,0.017827,-0.0031237,-0.02285,-0.041354,-0.059858,-0.076494,-0.091266,-0.10604,-0.1184,-0.12837,-0.13833,-0.14577,-0.15067,-0.15558,-0.15891,-0.16065,-0.1624,-0.16377,-0.16478,-0.16578,-0.16606,-0.16561,-0.16516,-0.15562,-0.13698,-0.12666,-0.12384,-0.10378,-0.075213,-0.061576,0,0,0,0,0,0,0,0,0,0,-0.14746,-0.0553,-0.086887,-0.44298,-0.57058,-0.44173,-0.14054,0,0,0,0,-0.059736,-0.099575,-0.23808,-0.29804,-0.29873,-0.16802,-0.074058,-0.037291,-0.037689,-0.04828,-0.054171,-0.055115,-0.057165,-0.063361,-0.071326,-0.076443,-0.076351,-0.070778,-0.0572,-0.030927,0.0088276,0.054486,0.093045,0.11249,0.10846,0.087211,0.057049,0.018946,-0.029056,-0.084778,-0.1456,-0.21174,-0.28229,-0.35537,-0.42981,-0.50218,-0.58277,-0.66601,-0.7343,-0.78773,-0.82301,-0.83421,-0.81417,-0.76243,-0.6977,-0.63567,-0.56555,-0.48796,-0.42272,-0.36442,-0.17687,0,0,0,0,0,0,0,0,0,0,0,0,0,0,0,0,0.04069,0.079475,0.10815,0.1386,0.16922,0.19708,0.2186,0.23171,0.22598,0.19258,0.13712,0.070982,0.0072933,-0.047827,-0.10357,-0.15396,-0.19528,-0.22366,-0.23736,-0.247,-0.24384,-0.22599,-0.20897,-0.19589,-0.16358,-0.12842,-0.048724,-0.065682,-0.099724,-0.25524,-0.3444,-0.46303,-0.60032,-0.71889,-0.76479,-0.70119,-0.54525,-0.3725,-0.25313,-0.17272,-0.079483,0.04203,0.17802,0.30502,0.40506,0.46,0.47361,0.46223,0.45798,0.46494,0.43489,0.36278,0.28908,0.24159,0.21663,0.20313,0.19208,0,0,0,0.086458,0.055419,0.029816,0.0089134,-0.0096826,-0.028024,-0.046132,-0.059786,-0.062984,-0.053127,-0.033588,-0.012497,0,0,0,0,0,0,0,0,0,0,0,0,0,0,0,0,0,-0.0031615,-0.0052696,-0.0065272,-0.002608,-0.0028166,0,0,0,0,0,0,0,0,0,0,-0.0068597,-0.011431,-0.013021,-0.01163,-0.010238,-0.0079521,-0.0047716,0,0,0,0,0,0,0,0,-0.22435,-0.28098,-0.32581,-0.35882,-0.39183,-0.41151,-0.41784,-0.42416,-0.4195,-0.40386,-0.38821,-0.36698,-0.34017,-0.31337,-0.28637,-0.25916,-0.23195,-0.20843,-0.18859,-0.16875,-0.14783,-0.12582,-0.10382,-0.079884,-0.054027,-0.028173,-0.004716,0.016326,0.037364,0.062742,0.092461,0.12219,0.14504,0.16103,0.17702,0.18835,0.19502,0.20169,0.20303,0.19902,0.19501,0.18513,0.16939,0.15365,0.13933,0.12643,0.11353,0.10124,0.089555,0.07787,0.066949,0.056792,0.046636,0.03713,0.028274,0.01942,0.010989,0.0029809,-0.005024,-0.012407,-0.019173,-0.025939,-0.031293,-0.035233,-0.039175,-0.040678,-0.039738,-0.038799,-0.034771,-0.027653,-0.020534,-0.010762,0.0016639,0.01409,0.02758,0.042135,0.05669,0.070605,0.083878,0.097151,0.109,0.11941,0.12982,0.13912,0.14731,0.1555,0.16354,0.17142,0.17931,0.1878,0.19689,0.20598,0.21566,0.22591,0.23617,0.24639,0.25658,0.26677,0.27638,0.2854,0.29442,0.30259,0.30993,0.31726,0.32344,0.32848,0.33352,0.33712,0.33929,0.34146,0.34247,0.34231,0.34215,0.34169,0.34093,0.34017,0.33996,0.3403,0.34064,0.34176,0.34368,0.34559,0.34767,0.34992,0.35217,0.35336,0.35349,0.35362,0.35153,0.34723,0.34292,0.33605,0.32661,0.31716,0.30601,0.29313,0.28025,0.26567,0.24939,0.23311,0.22198,0.21601,0.21005,0.2044,0.19907,0.19374,0.18972,0.18702,0.18431,0.18134,0.17812,0.1749,0.17014,0.16385,0.15755,0.14972,0.14034,0.13097,0.1213,0.11132,0.10135,0.092553,0.084946,0.077338,0.071811,0.068368,0.064925,0.063374,0.063716,0.064059,0.06574,0.068757,0.071775,0.074768,0.077736,0.080703,0.082892,0.0843,0.085709,0.072017,0.043217,0
0,0,0,0,-0.43879,-0.4242,-0.40538,-0.38233,-0.35929,-0.33895,-0.32131,-0.30367,-0.28617,-0.2688,-0.25142,-0.23807,-0.22873,-0.2194,-0.20624,-0.18925,-0.17226,-0.15481,-0.13689,-0.11898,-0.10211,-0.086297,-0.070478,-0.061655,-0.059831,-0.058009,-0.055605,-0.052617,-0.049628,-0.052532,-0.061333,-0.070134,-0.082692,-0.099009,-0.11533,-0.12995,-0.14287,-0.15579,-0.16433,-0.1685,-0.17266,-0.17262,-0.16836,-0.1641,-0.15939,-0.15421,-0.14903,-0.14302,-0.13617,-0.12932,-0.12818,-0.13273,-0.13729,-0.13877,-0.13715,-0.13554,-0.13598,-0.13847,-0.14097,-0.14284,-0.14409,-0.14535,-0.14222,-0.13472,-0.12722,-0.11869,-0.10913,-0.099569,-0.086765,-0.07072,-0.054673,-0.03765,-0.019653,-0.0016525,0.018387,0.040469,0.062555,0.084644,0.10674,0.12883,0.14969,0.1693,0.18891,0.20847,0.22797,0.24747,0.26611,0.28388,0.30166,0.31901,0.33596,0.3529,0.36828,0.3821,0.39592,0.40893,0.42114,0.43334,0.44412,0.45349,0.46286,0.47016,0.47538,0.48061,0.4834,0.48376,0.48411,0.47928,0.46925,0.45921,0.44844,0.43693,0.42542,0.41216,0.39714,0.38213,0.36859,0.35652,0.34446,0.32765,0.30609,0.28454,0.26073,0.23467,0.20861,0.18465,0.16279,0.14094,0.11841,0.095221,0.072031,0.049698,0.028223,0.0067463,-0.013536,-0.032631,-0.05173,-0.068958,-0.084316,-0.099672,-0.1126,-0.12311,-0.13361,-0.1417,-0.14737,-0.15304,-0.15723,-0.15994,-0.16265,-0.16471,-0.16614,-0.16757,-0.16799,-0.1674,-0.16681,-0.16143,-0.15128,-0.14943,-0.15364,-0.14984,-0.1379,-0.10336,0,0,0,0,0,0,0,0,0,0,-0.29611,-0.18298,-0.25464,-0.50319,-0.67589,-0.1987,-0.035467,0,0,0,0,0,0,-0.23325,-0.3082,-0.30695,-0.15434,-0.059575,-0.031043,-0.036438,-0.049128,-0.057912,-0.062144,-0.065362,-0.070763,-0.078762,-0.084881,-0.083411,-0.071513,-0.047872,-0.013502,0.026651,0.065511,0.095178,0.10704,0.096729,0.068588,0.03092,-0.0097904,-0.050426,-0.091578,-0.13803,-0.19546,-0.26501,-0.34274,-0.4222,-0.49712,-0.57061,-0.65026,-0.72524,-0.78289,-0.81589,-0.81623,-0.79041,-0.73875,-0.67816,-0.62095,-0.55137,-0.47848,-0.41917,-0.34728,0,0,0,0,0,0,0,0,0,0,0,0,0,0,0,0,0,0,0.032784,0.078275,0.10614,0.13343,0.15996,0.18213,0.20533,0.22088,0.20807,0.16999,0.11867,0.066998,0.018393,-0.035627,-0.088729,-0.13983,-0.18376,-0.21322,-0.24021,-0.26354,-0.26344,-0.24147,-0.21202,-0.17698,-0.15026,0,0,0,-0.21392,-0.30889,-0.44286,-0.58321,-0.68483,-0.71037,-0.65379,-0.54001,-0.3987,-0.26996,-0.15879,-0.039873,0.089111,0.22044,0.33818,0.44198,0.52474,0.55593,0.52579,0.46806,0.41006,0.34069,0.26151,0.20123,0.17424,0.16703,0.16512,0.15999,0.065932,0.06082,0.051644,0.083276,0.05626,0.032705,0.013529,-0.0025918,-0.017541,-0.031917,-0.04277,-0.0449,-0.036159,-0.020246,-0.0046314,0,0,0,0,0,0,0,0,0,0,0,0,0,0,0,0,0,-0.0033564,-0.0055945,-0.0068792,0,0,0,0,0,0,0,0,0,0,0,0,-0.012035,-0.015734,-0.016518,-0.014387,-0.012255,-0.0093252,-0.0055954,0,0,0,0,0,0,0,0,-0.26071,-0.30867,-0.34981,-0.38413,-0.41846,-0.43844,-0.44409,-0.44973,-0.44444,-0.4282,-0.41196,-0.39018,-0.36285,-0.33553,-0.3081,-0.28058,-0.25305,-0.22967,-0.21045,-0.19122,-0.17031,-0.14771,-0.12511,-0.10125,-0.076117,-0.050981,-0.02797,-0.0070935,0.013788,0.039436,0.069845,0.10026,0.12458,0.14279,0.161,0.17473,0.18398,0.19323,0.1975,0.19679,0.19608,0.18879,0.17493,0.16107,0.14769,0.13478,0.12187,0.10971,0.098313,0.086912,0.07619,0.066152,0.056114,0.04689,0.038483,0.030078,0.022238,0.014966,0.007698,0.0010003,-0.0051316,-0.011264,-0.016199,-0.019938,-0.023679,-0.025286,-0.024757,-0.024229,-0.020853,-0.014627,-0.0084,0.00045677,0.011945,0.023433,0.036171,0.050163,0.064154,0.077826,0.091178,0.10453,0.11682,0.12804,0.13927,0.14968,0.15928,0.16888,0.17843,0.18793,0.19744,0.20738,0.21776,0.22814,0.23872,0.2495,0.26028,0.27058,0.28042,0.29025,0.29915,0.30711,0.31507,0.32202,0.32798,0.33393,0.33884,0.34269,0.34655,0.34925,0.3508,0.35234,0.35303,0.35286,0.35268,0.35238,0.35194,0.35151,0.35158,0.35216,0.35274,0.35389,0.3556,0.35732,0.35893,0.36045,0.36197,0.36225,0.36128,0.36031,0.35713,0.35174,0.34635,0.33812,0.32705,0.31598,0.30397,0.29102,0.27807,0.2641,0.24912,0.23413,0.22409,0.21901,0.21393,0.20901,0.20424,0.19947,0.19563,0.19269,0.18976,0.18623,0.18209,0.17796,0.17219,0.16479,0.15739,0.14875,0.13886,0.12898,0.11931,0.10986,0.1004,0.092436,0.08596,0.079482,0.075004,0.07253,0.070055,0.069232,0.070063,0.070895,0.07284,0.075898,0.078957,0.081811,0.084462,0.087113,0.089057,0.090291,0.091525,0.076793,0.046083,0
0,0,0,0,-0.45396,-0.44034,-0.42224,-0.39966,-0.37707,-0.35766,-0.34142,-0.32518,-0.30899,-0.29284,-0.27669,-0.26406,-0.25494,-0.24582,-0.23231,-0.2144,-0.19649,-0.17793,-0.15873,-0.13953,-0.12149,-0.10461,-0.08772,-0.078049,-0.075598,-0.07315,-0.07074,-0.06837,-0.065998,-0.068579,-0.076115,-0.083652,-0.09531,-0.11109,-0.12688,-0.14099,-0.15342,-0.16586,-0.17225,-0.17259,-0.17293,-0.17097,-0.16671,-0.16244,-0.15755,-0.15202,-0.1465,-0.14069,-0.13461,-0.12853,-0.12756,-0.13169,-0.13582,-0.1379,-0.13793,-0.13796,-0.13855,-0.1397,-0.14084,-0.14163,-0.14204,-0.14246,-0.13853,-0.13024,-0.12195,-0.11274,-0.10259,-0.092441,-0.07967,-0.064276,-0.048881,-0.032345,-0.014666,0.0030155,0.022682,0.044336,0.065993,0.087235,0.10807,0.1289,0.14875,0.16762,0.1865,0.20555,0.22479,0.24402,0.26257,0.28042,0.29827,0.31601,0.33361,0.35122,0.3676,0.38276,0.39791,0.41208,0.42526,0.43844,0.45007,0.46015,0.47023,0.47838,0.48459,0.49081,0.49479,0.49654,0.49829,0.49498,0.4866,0.47822,0.46907,0.45915,0.44923,0.43716,0.42293,0.40871,0.39575,0.38408,0.3724,0.35552,0.33344,0.31135,0.28722,0.26106,0.2349,0.20971,0.18551,0.1613,0.13643,0.11091,0.085388,0.06171,0.039878,0.018049,-0.0026419,-0.022201,-0.041766,-0.059507,-0.07542,-0.09133,-0.10489,-0.11609,-0.12728,-0.13615,-0.1427,-0.14925,-0.15424,-0.15769,-0.16114,-0.16373,-0.16547,-0.1672,-0.16793,-0.16764,-0.16736,-0.16376,-0.15685,-0.14993,-0.15493,-0.16606,-0.16812,-0.12779,0,0,0,0,0,0,0,0,0,0,-0.30349,-0.30106,-0.3687,-0.51412,-0.63637,0,0,0,0,0,0,0,0,-0.22776,-0.31062,-0.28019,-0.15529,-0.074443,-0.039449,-0.031202,-0.038203,-0.049107,-0.056944,-0.060305,-0.064709,-0.076044,-0.090366,-0.095046,-0.079521,-0.045482,-0.0045945,0.033574,0.065234,0.088223,0.096277,0.082737,0.048801,0.0036956,-0.04072,-0.076517,-0.10597,-0.1405,-0.19039,-0.25665,-0.33279,-0.41044,-0.48338,-0.54942,-0.62577,-0.70516,-0.76696,-0.8012,-0.79693,-0.76636,-0.71533,-0.65962,-0.59975,-0.52184,-0.44617,-0.3929,-0.33408,0,0,0,0,0,0,0,0,0,0,0,0,0,0,0,0,0,0,0,0.031031,0.069515,0.090917,0.11464,0.14007,0.16719,0.19278,0.20329,0.18805,0.15325,0.11133,0.06563,0.015982,-0.031444,-0.082707,-0.13486,-0.18078,-0.22368,-0.26024,-0.27464,-0.25844,-0.21427,-0.16754,-0.14163,0,0,0,-0.17939,-0.27383,-0.41636,-0.56308,-0.65329,-0.65414,-0.59265,-0.51563,-0.4221,-0.29394,-0.14198,0.014983,0.16071,0.28603,0.38655,0.47402,0.55403,0.59797,0.57237,0.47458,0.18828,0.14101,0.10181,0.078724,0.0712,0.071159,0.071856,0.10985,0.11142,0.1074,0.094989,0.076493,0.055816,0.036133,0.01857,0.0029901,-0.0111,-0.02276,-0.029566,-0.028777,-0.020162,-0.008268,-0.00056879,0,0,0,0,0,0,0,0,0,0,0,0,0,0,0,0,0,-0.0013424,-0.0022374,-0.0027514,0,0,0,0,0,0,0,0,0,-0.0064821,-0.010803,-0.01255,-0.01964,-0.019768,-0.018305,-0.015252,-0.012198,-0.0088929,-0.0053358,0,0,0,0,0,0,0,0,-0.2964,-0.33951,-0.37773,-0.41106,-0.4444,-0.46324,-0.46759,-0.47193,-0.46553,-0.44839,-0.43124,-0.40905,-0.38181,-0.35456,-0.32726,-0.2999,-0.27253,-0.24919,-0.22987,-0.21056,-0.1898,-0.16759,-0.14537,-0.12205,-0.097629,-0.073201,-0.050626,-0.029907,-0.0091826,0.016631,0.047535,0.078449,0.10399,0.12415,0.14431,0.16021,0.17184,0.18348,0.19022,0.19204,0.19387,0.18974,0.17965,0.16956,0.1575,0.14347,0.12944,0.11671,0.1053,0.093883,0.083193,0.073228,0.063266,0.054395,0.046615,0.038838,0.031823,0.025572,0.019323,0.013616,0.0084457,0.0032758,-0.00093713,-0.0041961,-0.0074541,-0.0089606,-0.0087156,-0.00847,-0.0057103,-0.00043678,0.004837,0.012644,0.022984,0.033325,0.045106,0.058332,0.071557,0.08487,0.098272,0.11167,0.12448,0.13669,0.1489,0.16062,0.17185,0.18307,0.19425,0.20539,0.21653,0.22776,0.23909,0.25042,0.26148,0.27228,0.28307,0.29303,0.30215,0.31128,0.31926,0.32612,0.33297,0.3388,0.34361,0.34843,0.35236,0.35543,0.35849,0.36069,0.36203,0.36337,0.36408,0.36415,0.36423,0.36423,0.36417,0.3641,0.36441,0.36507,0.36574,0.36668,0.36791,0.36913,0.36997,0.37042,0.37088,0.37,0.36779,0.36558,0.3613,0.35495,0.3486,0.33879,0.32552,0.31225,0.29935,0.28681,0.27428,0.26239,0.25114,0.23989,0.23146,0.22587,0.22027,0.21529,0.21092,0.20654,0.20264,0.19919,0.19574,0.19136,0.18602,0.18069,0.1737,0.16507,0.15644,0.14694,0.13658,0.12621,0.11659,0.10772,0.098853,0.091786,0.08652,0.081254,0.077904,0.07647,0.075036,0.07504,0.076484,0.077927,0.080121,0.083066,0.08601,0.088724,0.091209,0.093693,0.095484,0.096579,0.097673,0.081859,0.049124,0
0,0,0,0,-0.46913,-0.45648,-0.4391,-0.41698,-0.39486,-0.37638,-0.36153,-0.34668,-0.3318,-0.31688,-0.30196,-0.29005,-0.28114,-0.27224,-0.25838,-0.23955,-0.22071,-0.20106,-0.18058,-0.16009,-0.14087,-0.12292,-0.10496,-0.094442,-0.091364,-0.088287,-0.085871,-0.08412,-0.082368,-0.084626,-0.090897,-0.097169,-0.10793,-0.12318,-0.13843,-0.15203,-0.16398,-0.17593,-0.18017,-0.17669,-0.17321,-0.16933,-0.16506,-0.16078,-0.15571,-0.14983,-0.14396,-0.13837,-0.13306,-0.12775,-0.12694,-0.13064,-0.13434,-0.13702,-0.1387,-0.14037,-0.14111,-0.14092,-0.14072,-0.14041,-0.13999,-0.13957,-0.13483,-0.12576,-0.11669,-0.10679,-0.09605,-0.085315,-0.072576,-0.057833,-0.043091,-0.027039,-0.0096775,0.0076819,0.026974,0.048199,0.069423,0.089819,0.10939,0.12895,0.14781,0.16595,0.18409,0.20264,0.22161,0.24058,0.25903,0.27696,0.29489,0.31299,0.33127,0.34955,0.36693,0.38341,0.3999,0.41522,0.42938,0.44354,0.45601,0.4668,0.4776,0.4866,0.4938,0.50101,0.50618,0.50932,0.51246,0.51067,0.50395,0.49722,0.4897,0.48137,0.47304,0.46215,0.44872,0.43529,0.42293,0.41163,0.40034,0.38339,0.36079,0.33817,0.31372,0.28745,0.26118,0.23477,0.20821,0.18166,0.15445,0.12659,0.098746,0.073725,0.05154,0.029362,0.0082591,-0.011771,-0.031801,-0.050051,-0.066522,-0.082991,-0.097171,-0.10907,-0.12096,-0.13061,-0.13803,-0.14545,-0.15126,-0.15545,-0.15963,-0.16275,-0.16479,-0.16683,-0.16787,-0.16789,-0.16791,-0.16608,-0.16241,-0.15874,-0.16963,-0.18638,-0.18908,-0.14398,0,0,0,0,0,0,0,0,0,0,-0.31579,-0.36367,-0.39404,-0.46112,-0.50278,0,0,0,-0.029638,0,0,0,0,-0.19715,-0.25154,-0.23637,-0.081525,-0.045076,-0.022366,-0.012119,-0.013959,-0.020427,-0.025383,-0.039114,-0.048372,-0.064496,-0.073507,-0.090332,-0.084107,-0.044109,-0.0053256,0.025022,0.048551,0.067492,0.076833,0.065197,0.029051,-0.021015,-0.068234,-0.10154,-0.12503,-0.1541,-0.20024,-0.26289,-0.33445,-0.40779,-0.47862,-0.54525,-0.62151,-0.69872,-0.76032,-0.79886,-0.799,-0.76296,-0.70707,-0.6458,-0.57554,-0.48903,-0.40606,-0.35121,-0.30903,0,0,0,0,0,0,0,0,0,0,0,0,0,0,0,0,0,0,0,0,0.057336,0.034394,0.045074,0.058674,0.12585,0.15486,0.18114,0.18753,0.16958,0.13659,0.099137,0.061327,0.019581,-0.031675,-0.090623,-0.14918,-0.20086,-0.24245,-0.26169,-0.25035,-0.20723,-0.15399,-0.1084,0,0,0,-0.14075,-0.23401,-0.3924,-0.5592,-0.64977,-0.62871,-0.54421,-0.47309,-0.41233,-0.29914,-0.12398,0.069518,0.23976,0.36613,0.45292,0.51243,0.5576,0.58997,0.57161,0.23678,0,0,0,0,0,0,0,0.057737,0.073305,0.080756,0.0788,0.068914,0.054302,0.037729,0.021263,0.005778,-0.0075086,-0.016421,-0.019212,-0.015683,-0.0074268,0.00086069,0,0,0,0,0,0,0,0,0,0,0,0,0,0,0,0,0,0,0,0,0,0,0,0,0,0,0,0,0,0,-0.0064821,-0.010803,-0.01255,-0.027245,-0.023803,-0.020094,-0.016119,-0.012143,-0.0084624,-0.0050793,0,0,0,0,0,0,0,0,-0.33209,-0.37034,-0.40564,-0.43799,-0.47034,-0.48804,-0.49109,-0.49413,-0.48663,-0.46857,-0.45051,-0.42791,-0.40076,-0.37359,-0.34641,-0.31921,-0.29201,-0.2687,-0.2493,-0.22991,-0.20929,-0.18746,-0.16563,-0.14285,-0.11914,-0.095419,-0.07328,-0.05272,-0.032157,-0.0061785,0.025222,0.056636,0.083399,0.10551,0.12761,0.14568,0.15971,0.17374,0.18293,0.1873,0.19166,0.19069,0.18437,0.17805,0.16732,0.15216,0.13701,0.12372,0.11229,0.10086,0.090194,0.080304,0.070417,0.061898,0.054747,0.047598,0.041407,0.036176,0.030946,0.026229,0.022022,0.017815,0.014323,0.011547,0.008771,0.0073648,0.0073271,0.0072889,0.0094315,0.013753,0.018074,0.024831,0.034024,0.043217,0.054042,0.0665,0.078959,0.091914,0.10536,0.11881,0.13214,0.14533,0.15853,0.17156,0.18441,0.19726,0.21007,0.22284,0.23562,0.24814,0.26042,0.2727,0.28425,0.29505,0.30586,0.31547,0.32388,0.33229,0.33937,0.34512,0.35087,0.35558,0.35925,0.36291,0.36589,0.36816,0.37043,0.37214,0.37327,0.3744,0.37512,0.37545,0.37577,0.37609,0.37639,0.3767,0.37723,0.37799,0.37874,0.37948,0.38021,0.38094,0.381,0.38039,0.37979,0.37776,0.37431,0.37085,0.36547,0.35816,0.35085,0.33946,0.32399,0.30852,0.29473,0.28261,0.27049,0.26067,0.25316,0.24565,0.23883,0.23272,0.22661,0.22157,0.21759,0.21361,0.20965,0.20569,0.20172,0.19648,0.18995,0.18341,0.17522,0.16536,0.15549,0.14514,0.13429,0.12344,0.11387,0.10559,0.097302,0.091135,0.08708,0.083027,0.080804,0.08041,0.080017,0.080848,0.082903,0.084958,0.087402,0.090232,0.093063,0.095638,0.097955,0.10027,0.10191,0.10287,0.10382,0.086924,0.052162,0.0089495
0,0,0,0,-0.48338,-0.4706,-0.45336,-0.43166,-0.40995,-0.39226,-0.37858,-0.36491,-0.35132,-0.33783,-0.32433,-0.3128,-0.30322,-0.29364,-0.27924,-0.26001,-0.24078,-0.22142,-0.20191,-0.18239,-0.16336,-0.14483,-0.12629,-0.11514,-0.11136,-0.10758,-0.10452,-0.10218,-0.099835,-0.10102,-0.10572,-0.11043,-0.11986,-0.13403,-0.1482,-0.16088,-0.17209,-0.1833,-0.18622,-0.18087,-0.17551,-0.17038,-0.16547,-0.16056,-0.15478,-0.14813,-0.14148,-0.13603,-0.13179,-0.12755,-0.12703,-0.13026,-0.13348,-0.1362,-0.13841,-0.14063,-0.14133,-0.14052,-0.1397,-0.13837,-0.13652,-0.13468,-0.12922,-0.12016,-0.1111,-0.10105,-0.090019,-0.078986,-0.066087,-0.051323,-0.036558,-0.020676,-0.0036779,0.013321,0.031819,0.051816,0.071814,0.090949,0.10922,0.12749,0.14547,0.16319,0.1809,0.19917,0.21799,0.23682,0.25525,0.27329,0.29132,0.30967,0.32831,0.34696,0.36501,0.38244,0.39987,0.4161,0.43111,0.44611,0.45951,0.4713,0.48309,0.49324,0.50174,0.51024,0.51672,0.52116,0.5256,0.5251,0.51965,0.51421,0.50806,0.50121,0.49436,0.48483,0.4726,0.46037,0.44898,0.43843,0.42787,0.41139,0.38899,0.36659,0.34221,0.31588,0.28954,0.2622,0.23387,0.20556,0.17659,0.14698,0.11737,0.090874,0.06747,0.044068,0.021872,0.00087878,-0.020109,-0.039102,-0.056101,-0.073097,-0.087889,-0.10047,-0.11306,-0.12346,-0.13167,-0.13988,-0.14636,-0.15113,-0.15589,-0.15941,-0.16169,-0.16397,-0.16536,-0.16586,-0.16636,-0.16599,-0.16474,-0.1635,-0.18048,-0.2041,-0.19808,-0.12797,-0.003383,0.0079504,0.0053403,-0.00018142,0,0,0,0,0,0,-0.36033,-0.3797,-0.35829,-0.35615,-0.34488,0,0,0,-0.098099,0,0,0,-0.047879,-0.12441,-0.14805,-0.20191,0,0,0,0,0,0,0,-0.01233,-0.029248,-0.029068,-0.049386,-0.069371,-0.070756,-0.021218,-0.0038883,0.0083148,0.01376,0.030703,0.044879,0.039362,0.0078825,-0.040391,-0.087468,-0.12063,-0.14414,-0.17355,-0.21897,-0.2789,-0.34667,-0.4179,-0.49053,-0.56064,-0.6387,-0.70978,-0.7636,-0.80517,-0.81264,-0.77829,-0.71527,-0.6369,-0.54855,-0.45362,-0.37016,-0.31372,-0.26915,-0.071158,0,0,0,0,0,0,0,0,0,0,0,0,0,0,0,0,0,0,0,0.031878,0,0,0,0.052891,0.067764,0.14573,0.16455,0.16631,0.14943,0.12497,0.095752,0.057998,0.0079514,-0.05325,-0.11806,-0.17331,-0.2136,-0.23427,-0.22957,-0.19843,-0.14806,-0.090798,-0.034064,-0.027874,-0.054269,-0.059464,-0.10584,-0.1904,-0.56692,-0.66462,-0.63114,-0.51741,-0.42223,-0.3676,-0.27671,-0.10196,0.11439,0.30933,0.44419,0.51583,0.53868,0.53723,0.53096,0.50016,0,0,0,0,0,0,0,0,0.032722,0.042606,0.058032,0.063255,0.059697,0.049357,0.035276,0.020031,0.0057956,-0.0052017,-0.010979,-0.010726,-0.005646,0.001215,0.0023889,0,0,0,0,0,0,0,0,0,0,0,0,0,0,0,0,0,0,0,0,0,0,0,0,0,0,0,0,0,0,0,0,0,-0.015524,-0.030033,-0.02545,-0.021083,-0.016714,-0.013292,-0.010817,0,0,0,0,0,0,0,0,-0.36147,-0.39948,-0.43353,-0.46364,-0.49374,-0.50955,-0.51104,-0.51253,-0.50393,-0.48526,-0.46659,-0.44392,-0.41725,-0.39057,-0.36392,-0.33731,-0.31069,-0.28771,-0.26837,-0.24903,-0.22861,-0.20713,-0.18564,-0.16331,-0.14012,-0.11693,-0.095049,-0.074482,-0.053914,-0.027721,0.0041041,0.035947,0.063741,0.087482,0.11123,0.13113,0.14719,0.16325,0.17432,0.18041,0.18649,0.18759,0.18371,0.17983,0.17068,0.15625,0.14181,0.12893,0.11759,0.10626,0.09571,0.085952,0.076197,0.068033,0.061461,0.05489,0.049512,0.045328,0.041146,0.037528,0.034473,0.03142,0.028869,0.026819,0.02477,0.023686,0.023567,0.023447,0.02512,0.028588,0.032054,0.037816,0.045875,0.053934,0.06383,0.075564,0.087299,0.099954,0.11353,0.1271,0.14099,0.15518,0.16937,0.18365,0.19802,0.21239,0.22662,0.24071,0.2548,0.26824,0.28103,0.29381,0.30542,0.31586,0.3263,0.33529,0.34283,0.35037,0.35655,0.36136,0.36618,0.37006,0.37299,0.37593,0.37834,0.38022,0.38211,0.38362,0.38477,0.38592,0.38679,0.38739,0.38798,0.38855,0.3891,0.38964,0.39024,0.3909,0.39155,0.39192,0.39201,0.39209,0.39129,0.38959,0.3879,0.38477,0.3802,0.37563,0.36933,0.36128,0.35324,0.34094,0.3244,0.30785,0.29377,0.28217,0.27056,0.26215,0.25693,0.25171,0.24603,0.23988,0.23374,0.22872,0.22484,0.22096,0.21666,0.21193,0.2072,0.20093,0.19309,0.18526,0.17589,0.16497,0.15405,0.14306,0.132,0.12094,0.11161,0.10401,0.096415,0.091157,0.08824,0.085322,0.084152,0.084731,0.08531,0.086863,0.089389,0.091914,0.094577,0.097377,0.10018,0.10271,0.10496,0.10722,0.1088,0.1097,0.1106,0.09255,0.055536,0.018519
0,0,0,0,-0.49671,-0.48269,-0.46502,-0.44369,-0.42235,-0.40532,-0.39259,-0.37986,-0.36757,-0.35569,-0.34382,-0.33231,-0.32117,-0.31002,-0.2949,-0.2758,-0.25669,-0.239,-0.22272,-0.20643,-0.18897,-0.17035,-0.15172,-0.14013,-0.13559,-0.13104,-0.1267,-0.12255,-0.1184,-0.11775,-0.12059,-0.12343,-0.13112,-0.14365,-0.15619,-0.16756,-0.17776,-0.18796,-0.19042,-0.18512,-0.17983,-0.1741,-0.16794,-0.16178,-0.15477,-0.14691,-0.13905,-0.13368,-0.1308,-0.12792,-0.12783,-0.13054,-0.13324,-0.13542,-0.13707,-0.13873,-0.1392,-0.13849,-0.13779,-0.1355,-0.13164,-0.12777,-0.12171,-0.11344,-0.10518,-0.095533,-0.084493,-0.073454,-0.060204,-0.044744,-0.029284,-0.013256,0.0033376,0.019934,0.03722,0.055194,0.073168,0.090621,0.10756,0.12449,0.14175,0.15934,0.17693,0.19513,0.21394,0.23275,0.25124,0.26941,0.28758,0.30603,0.32475,0.34349,0.36185,0.37984,0.39783,0.4147,0.43042,0.44615,0.46055,0.47363,0.48672,0.49831,0.50841,0.51851,0.52639,0.53205,0.5377,0.53826,0.53371,0.52917,0.52416,0.51869,0.51322,0.50518,0.49457,0.48395,0.47391,0.46445,0.45499,0.43952,0.41806,0.3966,0.37268,0.34632,0.31994,0.29201,0.2625,0.233,0.20286,0.17207,0.14128,0.11315,0.087653,0.062159,0.038194,0.01575,-0.006693,-0.026664,-0.04416,-0.06165,-0.077038,-0.090317,-0.10359,-0.11469,-0.1236,-0.13251,-0.13956,-0.14474,-0.14992,-0.15373,-0.15617,-0.15861,-0.1604,-0.16156,-0.16271,-0.16347,-0.16385,-0.16423,-0.1818,-0.20467,-0.18555,-0.11014,-0.032863,-0.0035533,-0.00051977,-0.0023559,0.0053078,0.014375,0.00046926,0,0,0,-0.34622,-0.36241,-0.29673,-0.24921,-0.22971,-0.10464,-0.11249,-0.10848,-0.16467,-0.079035,-0.056665,-0.032357,-0.061711,-0.058418,-0.10129,-0.19568,0,0,0,0,0,0,0,0,-0.018185,0,-0.036798,-0.046751,-0.03926,0,0,0,-0.0041543,-0.017834,-0.00056882,0.0024063,-0.017882,-0.05723,-0.099739,-0.13257,-0.15811,-0.18907,-0.23401,-0.29225,-0.35886,-0.4301,-0.50363,-0.57399,-0.6538,-0.72158,-0.77193,-0.81961,-0.83284,-0.7975,-0.72379,-0.62834,-0.52617,-0.43027,-0.34987,-0.29356,-0.23558,-0.14565,0,0,0,0,0,0,0,0,0,0,0,0,0,0,0,0,0,0,0,0,0,0,0,0,0,0.11314,0.12967,0.14468,0.14738,0.13518,0.11445,0.082639,0.037497,-0.021632,-0.088067,-0.1448,-0.18137,-0.19979,-0.20336,-0.18788,-0.14848,-0.10248,-0.07056,-0.053677,-0.054269,0,0,0,-0.55172,-0.65454,-0.62582,-0.50154,-0.38227,-0.31445,-0.22963,-0.064639,0.15168,0.35462,0.49565,0.55483,0.54217,0.49291,0.43655,0.37766,0,0,0,0,0,0,0,0,0.01552,0.022681,0.039994,0.048657,0.048638,0.041698,0.029915,0.016384,0.004412,-0.0034585,-0.0059842,-0.0035067,0.0016265,0.0022225,0,0,0,0,0,0,0,0,0,0,0,0,0,0,0,0,0,0,0,0,0,0,0,0,0,0,0,0,0,0,0,0,0,0,0,-0.038457,-0.034371,-0.030141,-0.02591,-0.023378,-0.022547,-0.014201,-0.019701,-0.03071,-0.04172,-0.066792,0,0,0,-0.38455,-0.42692,-0.4614,-0.48801,-0.51461,-0.52776,-0.52743,-0.52711,-0.51746,-0.49846,-0.47947,-0.45707,-0.43128,-0.40549,-0.37979,-0.35419,-0.32859,-0.30622,-0.28707,-0.26792,-0.24776,-0.22659,-0.20542,-0.18341,-0.16058,-0.13773,-0.11594,-0.095199,-0.07446,-0.048001,-0.015815,0.016384,0.045018,0.070082,0.095144,0.11654,0.13428,0.15202,0.16438,0.17137,0.17835,0.18045,0.17768,0.1749,0.16758,0.15572,0.14385,0.13235,0.12122,0.11009,0.099743,0.090172,0.080604,0.0728,0.066759,0.060719,0.056142,0.053031,0.049924,0.047514,0.045803,0.044092,0.042698,0.041619,0.040542,0.040002,0.040003,0.040003,0.041356,0.044066,0.046774,0.051597,0.058536,0.065475,0.07447,0.085521,0.096573,0.10899,0.12276,0.13654,0.15103,0.16622,0.18142,0.19691,0.21268,0.22845,0.24389,0.25899,0.27409,0.28806,0.3009,0.31375,0.32501,0.33469,0.34437,0.35247,0.35898,0.36549,0.37078,0.37484,0.3789,0.38224,0.38485,0.38746,0.38971,0.39161,0.39351,0.39516,0.39655,0.39795,0.39909,0.39998,0.40086,0.40163,0.40228,0.40293,0.40344,0.40381,0.40417,0.404,0.40329,0.40259,0.40083,0.39802,0.39521,0.39103,0.38548,0.37993,0.37287,0.36432,0.35576,0.34324,0.32673,0.31023,0.29648,0.28549,0.2745,0.26682,0.26245,0.25807,0.25304,0.24735,0.24165,0.23676,0.23268,0.2286,0.22368,0.21793,0.21219,0.2047,0.19547,0.18623,0.17571,0.16391,0.15211,0.1407,0.12971,0.11871,0.10981,0.103,0.096189,0.091855,0.089997,0.088138,0.08795,0.089433,0.090915,0.093084,0.095939,0.098793,0.10165,0.1045,0.10735,0.10993,0.11223,0.11454,0.11615,0.11708,0.11801,0.098734,0.059245,0.019757
0,0,0,0,-0.51004,-0.49478,-0.47668,-0.45571,-0.43475,-0.41838,-0.4066,-0.39482,-0.38381,-0.37356,-0.36332,-0.35184,-0.33912,-0.3264,-0.31056,-0.29159,-0.27261,-0.25659,-0.24353,-0.23046,-0.21457,-0.19586,-0.17714,-0.16513,-0.15981,-0.1545,-0.14886,-0.14291,-0.13696,-0.13447,-0.13545,-0.13643,-0.14237,-0.15327,-0.16418,-0.17423,-0.18343,-0.19263,-0.19461,-0.18938,-0.18415,-0.17783,-0.17041,-0.163,-0.15476,-0.14569,-0.13662,-0.13133,-0.12981,-0.1283,-0.12863,-0.13082,-0.13301,-0.13465,-0.13574,-0.13683,-0.13707,-0.13647,-0.13587,-0.13263,-0.12675,-0.12087,-0.11419,-0.10673,-0.099268,-0.090013,-0.078967,-0.067922,-0.054322,-0.038166,-0.022011,-0.0058384,0.010352,0.026543,0.042614,0.058567,0.07452,0.090295,0.1059,0.1215,0.13803,0.1555,0.17297,0.1911,0.2099,0.22869,0.24724,0.26554,0.28383,0.30238,0.32119,0.34001,0.35869,0.37724,0.39579,0.41329,0.42974,0.44619,0.4616,0.47597,0.49035,0.50338,0.51508,0.52677,0.53606,0.54293,0.5498,0.55142,0.54778,0.54413,0.54026,0.53617,0.53207,0.52553,0.51653,0.50753,0.49884,0.49048,0.48211,0.46766,0.44713,0.42661,0.40315,0.37675,0.35035,0.32181,0.29113,0.26044,0.22912,0.19716,0.16519,0.13543,0.10785,0.080261,0.054521,0.030621,0.0067238,-0.014225,-0.032219,-0.050204,-0.066186,-0.080158,-0.094128,-0.10592,-0.11553,-0.12514,-0.13275,-0.13835,-0.14394,-0.14804,-0.15064,-0.15324,-0.15545,-0.15725,-0.15906,-0.16096,-0.16295,-0.16495,-0.17616,-0.18794,-0.17062,-0.12586,-0.077285,-0.042645,-0.0259,-0.014826,0.0017501,0.021108,0.0064467,0,0,0,-0.30296,-0.31413,-0.23208,-0.17435,-0.16866,-0.19728,-0.22219,-0.22157,-0.1977,-0.15727,-0.10349,-0.045774,-0.0059594,-0.013759,-0.08714,-0.20262,0,0,0,0,0,0,0,0,-0.0087361,0,-0.015252,-0.024042,-0.0096023,0,0,0,0,-0.02188,-0.049313,-0.04014,-0.051112,-0.079798,-0.11372,-0.14199,-0.16577,-0.19501,-0.23754,-0.29459,-0.36278,-0.43754,-0.51328,-0.58237,-0.66125,-0.72707,-0.77933,-0.83857,-0.86056,-0.82078,-0.72868,-0.61209,-0.50083,-0.41178,-0.343,-0.28843,-0.22637,-0.15699,-0.059679,-0.05219,-0.041161,0,0,0,0,0,0,0,0,0,0,0,0,0,0,0,0,0,0,0,0,0,0,0.085104,0.095873,0.11428,0.12957,0.12968,0.11702,0.092604,0.054938,0.0020094,-0.061762,-0.12095,-0.15811,-0.16967,-0.17161,-0.16683,-0.14244,-0.10422,-0.069773,-0.043695,0,0,0,0,-0.50139,-0.59247,-0.57704,-0.47803,-0.3616,-0.27364,-0.17514,-0.01294,0.18545,0.36771,0.50333,0.55966,0.52821,0.4387,0.33781,0.25494,0,0,0,0,0,0,0,0,0,0.015354,0.027458,0.035686,0.037157,0.032902,0.023717,0.012456,0.0028359,-0.0020414,-0.0012571,0.0028312,0.0023066,0,0,0,0,0,0,0,0,0,0,0,0,0,0,0,0,0,0,0,0,0,0,0,0,0,0,0,0,0,0,0,0,0,0,0,0,-0.046881,-0.043294,-0.0392,-0.035106,-0.033465,-0.034278,-0.035091,-0.049253,-0.07677,-0.10429,-0.15462,-0.12185,-0.15588,-0.18512,-0.40762,-0.45435,-0.48927,-0.51237,-0.53547,-0.54596,-0.54383,-0.5417,-0.53097,-0.51166,-0.49234,-0.47023,-0.44531,-0.42039,-0.39564,-0.37106,-0.34649,-0.32472,-0.30577,-0.28682,-0.26691,-0.24605,-0.22519,-0.20352,-0.18103,-0.15853,-0.13683,-0.11592,-0.095005,-0.068276,-0.035727,-0.003172,0.026299,0.052683,0.079066,0.10196,0.12138,0.1408,0.15445,0.16233,0.17021,0.17331,0.17164,0.16997,0.16449,0.15519,0.14589,0.13577,0.12485,0.11393,0.10377,0.094394,0.085013,0.077567,0.072057,0.066546,0.062772,0.060735,0.0587,0.057499,0.057131,0.056763,0.056525,0.056418,0.056311,0.056317,0.056437,0.056557,0.057592,0.059543,0.061493,0.065377,0.071197,0.077016,0.08511,0.095479,0.10585,0.11802,0.132,0.14598,0.16107,0.17727,0.19347,0.21017,0.22734,0.24451,0.26115,0.27726,0.29337,0.30788,0.32078,0.33369,0.3446,0.35352,0.36244,0.36965,0.37513,0.38062,0.38501,0.38832,0.39162,0.39442,0.3967,0.39899,0.40109,0.403,0.40492,0.40669,0.40833,0.40998,0.41139,0.41257,0.41375,0.41471,0.41547,0.41622,0.41664,0.41671,0.41679,0.41608,0.41458,0.41308,0.41037,0.40645,0.40252,0.39729,0.39076,0.38422,0.37642,0.36736,0.35829,0.34553,0.32907,0.31261,0.29919,0.28881,0.27843,0.27149,0.26796,0.26444,0.26005,0.25481,0.24957,0.24481,0.24052,0.23623,0.2307,0.22393,0.21717,0.20847,0.19784,0.1872,0.17554,0.16286,0.15016,0.13835,0.12742,0.11648,0.10801,0.10199,0.095966,0.092555,0.091755,0.090956,0.091749,0.094134,0.09652,0.099305,0.10249,0.10567,0.10872,0.11162,0.11453,0.11715,0.1195,0.12185,0.12351,0.12446,0.12542,0.10492,0.062957,0.020998
0,0,0,0,-0.51997,-0.50397,-0.48536,-0.46413,-0.4429,-0.42689,-0.4161,-0.40531,-0.39569,-0.38724,-0.37879,-0.36828,-0.35569,-0.3431,-0.32773,-0.30959,-0.29146,-0.27694,-0.26605,-0.25515,-0.24033,-0.22159,-0.20286,-0.19044,-0.18434,-0.17824,-0.1709,-0.16231,-0.15372,-0.14919,-0.14872,-0.14824,-0.15263,-0.16188,-0.17114,-0.17981,-0.1879,-0.19599,-0.1974,-0.19214,-0.18688,-0.17986,-0.17106,-0.16226,-0.15337,-0.14439,-0.13541,-0.13045,-0.12953,-0.1286,-0.12899,-0.13071,-0.13242,-0.13371,-0.13458,-0.13545,-0.13536,-0.13431,-0.13325,-0.12926,-0.12234,-0.11541,-0.10831,-0.10104,-0.093771,-0.084643,-0.073662,-0.06268,-0.049111,-0.032956,-0.0168,-0.00074236,0.015216,0.031175,0.046514,0.061234,0.075956,0.090658,0.10534,0.12002,0.13582,0.15273,0.16964,0.18725,0.20553,0.22382,0.24217,0.2606,0.27902,0.29768,0.31658,0.33548,0.35427,0.37293,0.39159,0.40958,0.4269,0.44421,0.46065,0.47619,0.49174,0.50618,0.51951,0.53284,0.54353,0.55157,0.55961,0.56244,0.56008,0.55771,0.55512,0.5523,0.54949,0.54418,0.53637,0.52857,0.52098,0.51362,0.50626,0.49284,0.47337,0.4539,0.43126,0.40546,0.37965,0.35131,0.32042,0.28954,0.25778,0.22514,0.1925,0.1615,0.13213,0.10275,0.075277,0.049699,0.024124,0.0016527,-0.017711,-0.037068,-0.054042,-0.068621,-0.0832,-0.095609,-0.10584,-0.11607,-0.12419,-0.13019,-0.1362,-0.14061,-0.14342,-0.14623,-0.14865,-0.1507,-0.15275,-0.15505,-0.15762,-0.16018,-0.16447,-0.1676,-0.15998,-0.13795,-0.10744,-0.077504,-0.054154,-0.03592,-0.017791,-0.0049982,-0.0078607,0,0,0,-0.25305,-0.23594,-0.17293,-0.1327,-0.13882,-0.17419,-0.20693,-0.21509,-0.19312,-0.14535,-0.080192,-0.014002,0.023727,0.0017407,-0.088496,-0.21074,-0.14169,0,0,0,0,0,0,0,0,0,0,-0.010427,0.00068024,0,0,0,0,0,-0.036021,-0.030644,-0.034911,-0.11401,-0.13729,-0.15445,-0.17017,-0.1921,-0.23012,-0.2868,-0.35809,-0.4379,-0.51816,-0.58925,-0.66612,-0.7264,-0.77922,-0.85093,-0.88263,-0.84011,-0.73435,-0.60093,-0.4822,-0.39955,-0.34591,-0.29668,-0.23445,-0.16595,-0.12313,-0.11319,-0.088006,0,0,0,0,0,0,0,0,0,0,0,0,0,0,0,0,0,0,0,0,0,0,0.035063,0.067189,0.081767,0.10092,0.11203,0.10604,0.089213,0.060489,0.015418,-0.041982,-0.098999,-0.13765,-0.15175,-0.15497,-0.14934,-0.12942,-0.098621,-0.061701,-0.030782,0,0,0,0,-0.45378,-0.51643,-0.50687,-0.4424,-0.35017,-0.25035,-0.12963,0.034917,0.21314,0.36477,0.47479,0.52412,0.49447,0.39268,0.26877,0.17483,0,0,0,0,0,0,0,0,0,0.014713,0.021046,0.025999,0.027357,0.024611,0.017661,0.0087712,0.0016633,-0.00046957,0.0033447,0.0086336,0,0,0,0,0,0,0,0,0,0,0,0,0,0,0,0,0,0,0,0,0,0,0,0,0,0,0,0,0,0,0,0,0,-0.036313,0,0,0,-0.058312,-0.055652,-0.052544,-0.049435,-0.04927,-0.052052,-0.054833,-0.07298,-0.10649,-0.14001,-0.18941,-0.25471,-0.32001,-0.37691,-0.42541,-0.47391,-0.50867,-0.52971,-0.55073,-0.55958,-0.55624,-0.55289,-0.5417,-0.52267,-0.50363,-0.4822,-0.45838,-0.43456,-0.41091,-0.38742,-0.36393,-0.34284,-0.32416,-0.30547,-0.28584,-0.26528,-0.24471,-0.2233,-0.20104,-0.17877,-0.15704,-0.13585,-0.11466,-0.087633,-0.054761,-0.021891,0.0082995,0.035816,0.063331,0.08752,0.10838,0.12924,0.14424,0.15338,0.16252,0.16685,0.16639,0.16592,0.16192,0.1544,0.14687,0.13786,0.12736,0.11685,0.10705,0.097942,0.088837,0.081761,0.076717,0.071673,0.068617,0.067549,0.066481,0.066414,0.067349,0.068282,0.069216,0.07015,0.071083,0.071762,0.072186,0.072609,0.073555,0.075025,0.076493,0.079717,0.084698,0.08968,0.097106,0.10698,0.11685,0.12889,0.1431,0.15732,0.17294,0.18998,0.20703,0.22463,0.24279,0.26095,0.27834,0.29495,0.31155,0.32615,0.33875,0.35134,0.36167,0.36975,0.37783,0.38419,0.38883,0.39347,0.39722,0.40009,0.40296,0.40553,0.40782,0.41011,0.41231,0.41443,0.41654,0.41853,0.42038,0.42224,0.42382,0.42513,0.42645,0.42744,0.42811,0.42879,0.42896,0.42864,0.42831,0.42706,0.42487,0.42268,0.41865,0.41277,0.40689,0.40036,0.39318,0.386,0.37774,0.36839,0.35905,0.3467,0.33136,0.31602,0.30388,0.29494,0.286,0.27968,0.27599,0.27229,0.26791,0.26284,0.25777,0.25282,0.24798,0.24314,0.23675,0.22881,0.22088,0.21097,0.1991,0.18722,0.17468,0.16145,0.14823,0.13635,0.12582,0.11528,0.10747,0.10237,0.097273,0.094785,0.094907,0.09503,0.09658,0.099556,0.10253,0.10569,0.10902,0.11235,0.11545,0.11833,0.12121,0.12388,0.12633,0.12878,0.13045,0.13134,0.13223,0.11057,0.066354,0.022134
0,0,0,0,-0.52652,-0.51027,-0.49108,-0.46894,-0.4468,-0.43085,-0.4211,-0.41134,-0.40322,-0.39674,-0.39026,-0.38164,-0.37087,-0.3601,-0.34642,-0.32983,-0.31324,-0.30005,-0.29028,-0.28049,-0.26626,-0.24756,-0.22887,-0.21607,-0.20917,-0.20227,-0.19279,-0.18073,-0.16867,-0.16189,-0.16038,-0.15888,-0.16191,-0.16949,-0.17706,-0.18429,-0.19116,-0.19803,-0.19878,-0.1934,-0.18803,-0.18018,-0.16988,-0.15957,-0.15062,-0.14302,-0.13542,-0.13106,-0.12995,-0.12884,-0.12892,-0.1302,-0.13148,-0.13262,-0.13361,-0.1346,-0.13406,-0.132,-0.12993,-0.12539,-0.1184,-0.1114,-0.10406,-0.096376,-0.088692,-0.079424,-0.068576,-0.057726,-0.044569,-0.029109,-0.013651,0.0020295,0.017931,0.033832,0.048921,0.0632,0.077478,0.091707,0.10588,0.12006,0.13511,0.15104,0.16697,0.18357,0.20084,0.21812,0.23603,0.25459,0.27314,0.29192,0.31091,0.32991,0.34858,0.36692,0.38525,0.40358,0.4219,0.44022,0.45769,0.4743,0.4909,0.50671,0.52172,0.53672,0.5488,0.55796,0.56711,0.57133,0.57062,0.56991,0.56874,0.5671,0.56547,0.56113,0.5541,0.54706,0.54033,0.53389,0.52745,0.51508,0.49678,0.47848,0.45703,0.43244,0.40784,0.38049,0.35039,0.32029,0.28884,0.25603,0.22322,0.19138,0.1605,0.12963,0.10045,0.07298,0.045509,0.020967,-0.0006398,-0.022241,-0.040598,-0.055705,-0.070808,-0.083745,-0.094512,-0.10528,-0.11387,-0.12027,-0.12668,-0.13142,-0.13449,-0.13756,-0.14002,-0.1419,-0.14378,-0.14575,-0.14783,-0.14991,-0.1508,-0.15105,-0.14935,-0.14079,-0.1238,-0.10141,-0.078531,-0.057911,-0.042802,-0.038205,-0.041807,-0.034447,-0.044555,-0.053048,-0.15288,-0.14898,-0.12271,-0.1102,-0.12548,-0.15585,-0.18118,-0.18684,-0.16594,-0.11912,-0.055659,0.0036126,0.029064,-0.0048207,-0.09991,-0.21901,-0.28577,0,0,0,0,0,0,0,0,0,0,-0.0036884,-0.002721,-0.0048378,0,0,0,0,0,0,0,-0.11545,-0.16758,-0.17568,-0.17715,-0.18779,-0.22097,-0.27726,-0.35064,-0.43226,-0.51195,-0.57958,-0.64204,-0.69418,-0.75407,-0.83645,-0.87674,-0.83478,-0.72633,-0.59011,-0.46794,-0.38462,-0.34004,-0.30241,-0.24218,-0.1732,-0.12914,-0.061004,-0.046845,0,0,0,0,0,0,0,0,0,0,0,0,0,0,0,0,0,0,0,0,0,0,0,0.042767,0.054001,0.071482,0.086616,0.087677,0.077453,0.055459,0.019442,-0.027802,-0.077852,-0.11419,-0.13603,-0.14441,-0.13418,-0.11222,-0.083058,-0.050221,-0.023411,0,0,0,-0.14308,-0.40056,-0.44068,-0.4373,-0.39773,-0.33074,-0.23199,-0.097321,0.062261,0.22197,0.34626,0.41803,0.44561,0.42476,0.34609,0.23629,0.14664,0,0,0,0,0,0,0,0,0,0.014292,0.018628,0.020999,0.021525,0.018798,0.012629,0.0053972,0.0010262,0.0020548,0.0073066,0.0057406,0,0,0,0,0,0,0,0,0,0,0,0,0,0,0,0,0,0,0,0,0,0,0,0,0,0,0,0,0,0,0,0,0,-0.078708,0,0,0,-0.072752,-0.071445,-0.070169,-0.068893,-0.070791,-0.075866,-0.08094,-0.10073,-0.13524,-0.16976,-0.21691,-0.27671,-0.33651,-0.39025,-0.43793,-0.4856,-0.51963,-0.54001,-0.56039,-0.56861,-0.56466,-0.5607,-0.54964,-0.53148,-0.51332,-0.49299,-0.47049,-0.44798,-0.42557,-0.40326,-0.38093,-0.36059,-0.34224,-0.32388,-0.30455,-0.28426,-0.26396,-0.24274,-0.22059,-0.19844,-0.17658,-0.155,-0.13343,-0.10608,-0.072928,-0.039778,-0.0089751,0.019485,0.04794,0.073205,0.095282,0.11735,0.13377,0.14453,0.15528,0.16108,0.16191,0.16274,0.15989,0.15335,0.14682,0.13861,0.12874,0.11887,0.10956,0.10081,0.092071,0.085379,0.08074,0.076102,0.073679,0.073471,0.073264,0.074259,0.076456,0.078652,0.080772,0.082816,0.08486,0.086338,0.087252,0.088164,0.089251,0.090512,0.091773,0.094616,0.09904,0.10346,0.11046,0.12001,0.12957,0.1416,0.15608,0.17056,0.18666,0.20437,0.22207,0.2403,0.25904,0.27778,0.29545,0.31204,0.32863,0.34289,0.3548,0.36671,0.37624,0.38339,0.39054,0.3961,0.40007,0.40404,0.4074,0.41015,0.41291,0.41559,0.4182,0.42082,0.42338,0.42589,0.42839,0.43066,0.4327,0.43474,0.4364,0.43769,0.43897,0.43982,0.44023,0.44064,0.44042,0.43958,0.43874,0.43693,0.43416,0.43139,0.42567,0.417,0.40833,0.40025,0.39276,0.38527,0.37682,0.36743,0.35803,0.34676,0.33361,0.32047,0.31055,0.30387,0.29719,0.29141,0.28653,0.28164,0.27661,0.27143,0.26625,0.26079,0.25506,0.24933,0.24184,0.23258,0.22332,0.21221,0.19925,0.18629,0.17311,0.15971,0.1463,0.1347,0.1249,0.11511,0.1082,0.10415,0.10011,0.098544,0.099452,0.10036,0.10244,0.1057,0.10896,0.11223,0.11553,0.11882,0.12185,0.12463,0.12741,0.1301,0.13271,0.13531,0.13699,0.13772,0.13845,0.11569,0.069425,0.023156
0,0,0,0,-0.53306,-0.51657,-0.4968,-0.47375,-0.45069,-0.43481,-0.42609,-0.41737,-0.41076,-0.40624,-0.40173,-0.395,-0.38605,-0.3771,-0.36511,-0.35007,-0.33502,-0.32317,-0.3145,-0.30583,-0.29217,-0.27353,-0.25489,-0.24172,-0.23401,-0.2263,-0.21468,-0.19915,-0.18362,-0.17458,-0.17205,-0.16951,-0.17119,-0.17709,-0.18299,-0.18876,-0.19442,-0.20007,-0.20015,-0.19466,-0.18917,-0.18051,-0.1687,-0.15688,-0.14786,-0.14164,-0.13542,-0.13166,-0.13037,-0.12907,-0.12885,-0.1297,-0.13054,-0.13152,-0.13264,-0.13375,-0.13277,-0.12968,-0.1266,-0.12153,-0.11446,-0.10739,-0.099808,-0.091711,-0.083613,-0.074205,-0.063488,-0.052772,-0.040029,-0.025264,-0.010501,0.0048014,0.020643,0.036484,0.051325,0.065164,0.079,0.092756,0.10643,0.1201,0.13441,0.14935,0.16429,0.17989,0.19615,0.21242,0.2299,0.24858,0.26727,0.28616,0.30525,0.32434,0.34289,0.3609,0.3789,0.39757,0.4169,0.43623,0.45473,0.4724,0.49007,0.50724,0.52392,0.5406,0.55408,0.56435,0.57462,0.58022,0.58117,0.58211,0.58235,0.5819,0.58144,0.57808,0.57182,0.56556,0.55967,0.55416,0.54864,0.53732,0.52019,0.50306,0.4828,0.45942,0.43602,0.40966,0.38035,0.35103,0.31988,0.28691,0.25394,0.22126,0.18888,0.1565,0.12562,0.096261,0.066893,0.04028,0.016427,-0.007414,-0.027153,-0.042789,-0.058416,-0.071879,-0.083182,-0.094486,-0.10354,-0.11036,-0.11717,-0.12224,-0.12556,-0.12888,-0.13139,-0.1331,-0.1348,-0.13645,-0.13805,-0.13965,-0.13916,-0.13836,-0.13882,-0.13599,-0.12708,-0.11257,-0.095247,-0.07921,-0.068352,-0.063331,-0.064253,-0.072508,-0.084463,-0.091749,-0.091589,-0.089017,-0.089602,-0.099663,-0.12085,-0.14419,-0.15862,-0.1571,-0.13588,-0.094919,-0.042503,0.0021907,0.014389,-0.024997,-0.11543,-0.22398,-0.29829,-0.17501,0,0,0,0,0,0,0,0,0,6.1783e-05,-0.0023827,-0.0048378,0,0,0,0,0,0,0,-0.063539,-0.16453,-0.20182,-0.18562,-0.18554,-0.21304,-0.26692,-0.33848,-0.41788,-0.49411,-0.55668,-0.59854,-0.64427,-0.71638,-0.8012,-0.8463,-0.80841,-0.69994,-0.56591,-0.44696,-0.36251,-0.32043,-0.29139,-0.23945,-0.18085,-0.13667,0,0,0,0,0,0,0,0,0,0,0,0,0,0,0,0,0,0,0,0,0,0,0,0,0,0.023738,0.034409,0.047566,0.061022,0.067631,0.062148,0.045066,0.017695,-0.020415,-0.062476,-0.097632,-0.12367,-0.13158,-0.11911,-0.094158,-0.06248,-0.035537,-0.020273,-0.021554,-0.052873,-0.091024,-0.26669,-0.33213,-0.36494,-0.37265,-0.35284,-0.3027,-0.21133,-0.075066,0.078402,0.21669,0.30917,0.34648,0.34841,0.32784,0.28399,0.2184,0.14593,0,0,0,0,0,0,0,0,0,0.013872,0.017986,0.019644,0.018962,0.015183,0.008734,0.0027264,0.0010832,0.0054062,0.011508,0,0,0,0,0,0,0,0,0,0,0,0,0,0,0,0,0,0,0,0,0,0,0,0,0,0,0,0,0,0,0,0,0,0,-0.090872,-0.047652,-0.047232,-0.047219,-0.087191,-0.087237,-0.087793,-0.088349,-0.092312,-0.099679,-0.10705,-0.12848,-0.16399,-0.1995,-0.24441,-0.29871,-0.35301,-0.40359,-0.45044,-0.49729,-0.53058,-0.55032,-0.57005,-0.57764,-0.57308,-0.56851,-0.55758,-0.5403,-0.523,-0.50377,-0.48259,-0.46141,-0.44024,-0.41909,-0.39794,-0.37835,-0.36032,-0.34229,-0.32327,-0.30324,-0.28322,-0.26218,-0.24015,-0.21811,-0.19612,-0.17416,-0.1522,-0.12452,-0.091098,-0.057668,-0.026253,0.0031527,0.032554,0.058896,0.082182,0.10547,0.1233,0.13567,0.14805,0.15531,0.15744,0.15957,0.15786,0.15231,0.14676,0.13936,0.13012,0.12088,0.11207,0.10369,0.095305,0.088997,0.084763,0.08053,0.07874,0.079394,0.080048,0.082104,0.085563,0.089021,0.092328,0.095482,0.098636,0.10091,0.10232,0.10372,0.10495,0.106,0.10705,0.10952,0.11338,0.11725,0.12381,0.13305,0.1423,0.1543,0.16905,0.18381,0.20037,0.21875,0.23712,0.25597,0.27529,0.29461,0.31255,0.32913,0.34572,0.35962,0.37085,0.38208,0.3908,0.39702,0.40324,0.408,0.41131,0.41462,0.41759,0.42022,0.42285,0.42564,0.42859,0.43153,0.43445,0.43735,0.44024,0.44279,0.44502,0.44724,0.44898,0.45024,0.4515,0.4522,0.45234,0.45249,0.45188,0.45052,0.44916,0.44681,0.44345,0.4401,0.43269,0.42123,0.40976,0.40013,0.39233,0.38453,0.37591,0.36647,0.35702,0.34682,0.33587,0.32492,0.31723,0.31281,0.30838,0.30314,0.29706,0.29099,0.28531,0.28002,0.27472,0.26877,0.26215,0.25553,0.24693,0.23634,0.22576,0.21345,0.19941,0.18536,0.17155,0.15796,0.14437,0.13304,0.12399,0.11494,0.10892,0.10594,0.10295,0.1023,0.104,0.10569,0.10831,0.11184,0.11538,0.11878,0.12203,0.12529,0.12826,0.13093,0.1336,0.13632,0.13909,0.14185,0.14352,0.1441,0.14467,0.12081,0.072492,0.024173
0,0,0,0,-0.53557,-0.51946,-0.50049,-0.47865,-0.45682,-0.44218,-0.43475,-0.42731,-0.42139,-0.41699,-0.4126,-0.40682,-0.39964,-0.39247,-0.38303,-0.37132,-0.35961,-0.34907,-0.33969,-0.33032,-0.3162,-0.29732,-0.27845,-0.26473,-0.25616,-0.24759,-0.23433,-0.21638,-0.19843,-0.18708,-0.18235,-0.17762,-0.17758,-0.18222,-0.18686,-0.19146,-0.19601,-0.20056,-0.19991,-0.19407,-0.18822,-0.1794,-0.1676,-0.15581,-0.14685,-0.14073,-0.1346,-0.13088,-0.12955,-0.12823,-0.12803,-0.12894,-0.12986,-0.1304,-0.13057,-0.13073,-0.129,-0.12536,-0.12173,-0.11643,-0.10947,-0.1025,-0.094994,-0.086939,-0.078885,-0.069574,-0.059008,-0.048442,-0.036202,-0.022292,-0.0083839,0.0062514,0.021616,0.03698,0.051521,0.065241,0.078961,0.092482,0.1058,0.11912,0.13265,0.1464,0.16015,0.17453,0.18954,0.20456,0.22119,0.23943,0.25767,0.27637,0.29553,0.31469,0.33353,0.35206,0.37059,0.39006,0.41046,0.43086,0.45034,0.4689,0.48746,0.50516,0.52202,0.53886,0.55319,0.56499,0.57679,0.58434,0.58765,0.59095,0.59306,0.59397,0.59488,0.59275,0.58757,0.58239,0.57749,0.57288,0.56827,0.55736,0.54015,0.52293,0.5036,0.48218,0.46074,0.43574,0.40716,0.37859,0.34793,0.3152,0.28247,0.24962,0.21664,0.18365,0.15197,0.12158,0.09118,0.062991,0.037006,0.011024,-0.010328,-0.027043,-0.043757,-0.058155,-0.070236,-0.08232,-0.091991,-0.099255,-0.10652,-0.11193,-0.11549,-0.11905,-0.12159,-0.12311,-0.12462,-0.1259,-0.12692,-0.12794,-0.12801,-0.1278,-0.12767,-0.12575,-0.12103,-0.11334,-0.10364,-0.093786,-0.085131,-0.07872,-0.075818,-0.075994,-0.07532,-0.070452,-0.064892,-0.066089,-0.078066,-0.098365,-0.12074,-0.13837,-0.14575,-0.13997,-0.1198,-0.086645,-0.047972,-0.018277,-0.015363,-0.053031,-0.13061,-0.22733,-0.30915,-0.33605,0,0,0,0,0,0,0,0,0,0.00035089,0.00035089,0,0,0,0,0,0,0,0,-0.030219,-0.14515,-0.21457,-0.18691,-0.17685,-0.19724,-0.24562,-0.31268,-0.38704,-0.45618,-0.50782,-0.55058,-0.61005,-0.68813,-0.76849,-0.81112,-0.78079,-0.68134,-0.54678,-0.42622,-0.34348,-0.29736,-0.26656,-0.22379,-0.17731,-0.14495,0,0,0,0,0,0,0,0,0,0,0,0,0,0,0,0,0,0,0,0,0,0,0,0,0,0.010679,0.020288,0.031365,0.043955,0.052853,0.047804,0.032838,0.0079577,-0.025906,-0.057396,-0.089947,-0.11711,-0.12536,-0.11522,-0.088181,-0.064492,-0.05194,-0.045583,-0.060506,-0.10872,-0.17248,-0.22517,-0.26578,-0.29789,-0.31755,-0.31294,-0.27523,-0.19584,-0.067887,0.080227,0.20334,0.27324,0.2884,0.26735,0.23558,0.21412,0.19212,0.14699,0.044748,0,0,0,0,0,0,0,0,0.013309,0.017935,0.019406,0.017255,0.012407,0.0057948,0.0013095,0.0026462,0.0087939,0.0069853,0,0,0,0,0,0,0,0,0,0,0,0,0,0,0,0,0,0,0,0,0,0,0,0,0,0,0,0,0,0,0,-0.033903,-0.045997,-0.052469,-0.10179,-0.10181,-0.10214,-0.10278,-0.10341,-0.10479,-0.10692,-0.10905,-0.11478,-0.12411,-0.13344,-0.15627,-0.19259,-0.22892,-0.27204,-0.32196,-0.37188,-0.41879,-0.4627,-0.50661,-0.53791,-0.5566,-0.57529,-0.58248,-0.57816,-0.57383,-0.56365,-0.54763,-0.5316,-0.51369,-0.49388,-0.47406,-0.45413,-0.43406,-0.41399,-0.39502,-0.37714,-0.35926,-0.34055,-0.32104,-0.30152,-0.28084,-0.25901,-0.23717,-0.21511,-0.19281,-0.17051,-0.14251,-0.10881,-0.075104,-0.043067,-0.012691,0.017686,0.045146,0.069697,0.094251,0.11346,0.12733,0.14119,0.14978,0.15309,0.1564,0.15572,0.15106,0.1464,0.13977,0.13117,0.12258,0.1143,0.10636,0.09841,0.092538,0.088741,0.084944,0.083738,0.085125,0.086513,0.089463,0.093974,0.098486,0.10283,0.10701,0.11119,0.11429,0.11632,0.11834,0.11993,0.1211,0.12226,0.12469,0.12837,0.13205,0.13847,0.14762,0.15678,0.16884,0.18383,0.19881,0.21567,0.23443,0.25318,0.27224,0.29162,0.31099,0.32872,0.3448,0.36088,0.3741,0.38448,0.39485,0.40279,0.40827,0.41376,0.41804,0.4211,0.42416,0.42712,0.42998,0.43283,0.43593,0.43927,0.44261,0.44586,0.44902,0.45218,0.45487,0.4571,0.45932,0.46095,0.462,0.46305,0.46346,0.46323,0.463,0.46196,0.4601,0.45825,0.45479,0.44973,0.44468,0.4363,0.4246,0.4129,0.40309,0.39518,0.38727,0.37862,0.36922,0.35982,0.35026,0.34053,0.33081,0.32439,0.32129,0.3182,0.31333,0.30669,0.30005,0.29392,0.28828,0.28264,0.27595,0.26821,0.26047,0.25063,0.23868,0.22673,0.21334,0.1985,0.18366,0.16954,0.15615,0.14277,0.13205,0.124,0.11595,0.11097,0.10907,0.10717,0.10735,0.10961,0.11187,0.11475,0.11826,0.12177,0.12502,0.12801,0.131,0.13373,0.13619,0.13865,0.14124,0.14397,0.1467,0.14839,0.14904,0.14968,0.12502,0.075018,0.025009
0,0,0,0,-0.53404,-0.51894,-0.50214,-0.48365,-0.46516,-0.45296,-0.44706,-0.44115,-0.43513,-0.429,-0.42287,-0.41708,-0.41164,-0.4062,-0.40018,-0.39358,-0.38699,-0.37774,-0.36585,-0.35396,-0.33832,-0.31894,-0.29955,-0.28511,-0.27562,-0.26614,-0.25173,-0.23241,-0.21309,-0.19938,-0.19129,-0.18321,-0.18107,-0.18488,-0.18869,-0.19238,-0.19593,-0.19949,-0.19805,-0.19162,-0.18518,-0.17684,-0.1666,-0.15636,-0.14758,-0.14027,-0.13296,-0.12871,-0.1275,-0.1263,-0.12645,-0.12794,-0.12943,-0.12925,-0.1274,-0.12555,-0.12276,-0.11903,-0.1153,-0.1101,-0.10342,-0.096735,-0.089617,-0.082063,-0.074508,-0.065532,-0.055135,-0.044735,-0.033087,-0.020192,-0.0072985,0.0063803,0.020849,0.035316,0.04951,0.063438,0.077364,0.090885,0.104,0.11712,0.12985,0.14221,0.15456,0.1675,0.18102,0.19455,0.20992,0.22712,0.24433,0.26254,0.28174,0.30095,0.3205,0.3404,0.3603,0.38102,0.40257,0.42411,0.44452,0.46381,0.48309,0.50048,0.516,0.53151,0.54614,0.55989,0.57364,0.5837,0.59007,0.59644,0.60086,0.60333,0.6058,0.60514,0.60135,0.59755,0.59379,0.59006,0.58633,0.5752,0.55665,0.5381,0.51946,0.50073,0.482,0.4587,0.43082,0.40295,0.37298,0.34091,0.30885,0.27646,0.24377,0.21109,0.17947,0.14892,0.11837,0.089096,0.061087,0.033077,0.0098948,-0.0084644,-0.026827,-0.042566,-0.055673,-0.068782,-0.079214,-0.086968,-0.094722,-0.10049,-0.10427,-0.10805,-0.1106,-0.11192,-0.11324,-0.11408,-0.11443,-0.11479,-0.11543,-0.11577,-0.11463,-0.11247,-0.11018,-0.1074,-0.10328,-0.097401,-0.090411,-0.083991,-0.079366,-0.075277,-0.069583,-0.063258,-0.060907,-0.067381,-0.083494,-0.10509,-0.12545,-0.13907,-0.14301,-0.13617,-0.11925,-0.094885,-0.068788,-0.05074,-0.052909,-0.084894,-0.14743,-0.22806,-0.29728,-0.30496,0,0,0,0,0,0,0,0,0,0,0,0,0,0,0,0,0,0,0,-0.014996,-0.14531,-0.21456,-0.18076,-0.16003,-0.17057,-0.21268,-0.2763,-0.34549,-0.40535,-0.45346,-0.51331,-0.5907,-0.67141,-0.74695,-0.78493,-0.76145,-0.67453,-0.5413,-0.41419,-0.33003,-0.27905,-0.23993,-0.19996,-0.16291,-0.14071,0,0,0,0,0,0,0,0,0,0,0,0,0,0,0,0,0,0,0,0,0,0,0,0,0,0.001113,0.010209,0.021889,0.034041,0.0433,0.039009,0.012961,4.4346e-05,-0.016499,-0.029118,-0.089453,-0.11835,-0.12606,-0.1161,-0.092201,-0.078754,-0.038201,-0.072292,-0.077407,-0.10595,-0.14503,-0.17465,-0.20126,-0.23343,-0.26221,-0.27241,-0.25045,-0.18892,-0.081368,0.052503,0.16775,0.23492,0.24613,0.21273,0.16926,0.15122,0.15158,0.131,0.08559,0.02573,0,0,0,0,0,0,0,0.012603,0.017225,0.018342,0.015231,0.0098022,0.0037822,0.0015696,0.0060338,0.012953,0,0,0,0,0,0,0,0,0,0,0,0,0,0,-0.0012585,-0.0019317,-0.0032064,-0.0050832,-0.0069601,0,0,0,0,0,0,0,0,0,0,-0.015758,-0.026265,-0.035328,-0.076851,-0.096563,-0.1081,-0.11147,-0.11483,-0.1175,-0.11945,-0.12141,-0.12411,-0.12755,-0.13099,-0.1382,-0.14916,-0.16013,-0.18409,-0.22105,-0.25801,-0.29981,-0.34645,-0.39309,-0.43584,-0.4747,-0.51356,-0.54161,-0.55887,-0.57612,-0.58314,-0.5799,-0.57666,-0.56785,-0.55348,-0.53911,-0.52274,-0.50434,-0.48595,-0.46723,-0.44817,-0.4291,-0.41061,-0.39269,-0.37476,-0.35641,-0.33764,-0.31887,-0.29871,-0.27717,-0.25563,-0.23356,-0.21095,-0.18834,-0.16005,-0.12607,-0.09208,-0.059402,-0.028038,0.0033304,0.031953,0.057831,0.083709,0.10426,0.11949,0.13471,0.1445,0.14886,0.15322,0.15347,0.14961,0.14575,0.13985,0.1319,0.12395,0.11626,0.10882,0.10139,0.096003,0.092673,0.089343,0.088674,0.090666,0.092659,0.096333,0.10169,0.10705,0.11228,0.1174,0.12252,0.12647,0.12925,0.13203,0.13421,0.1358,0.13739,0.14013,0.144,0.14787,0.15445,0.16373,0.17301,0.18523,0.2004,0.21557,0.23257,0.25141,0.27024,0.28912,0.30803,0.32695,0.34395,0.35903,0.37412,0.38634,0.39569,0.40504,0.41219,0.41714,0.4221,0.4262,0.42944,0.43268,0.43601,0.43942,0.44284,0.44645,0.45025,0.45405,0.45761,0.46092,0.46422,0.4669,0.46894,0.47098,0.47233,0.47299,0.47364,0.47362,0.4729,0.47219,0.47067,0.46833,0.46599,0.46089,0.45301,0.44513,0.4365,0.42712,0.41774,0.40913,0.4013,0.39348,0.38494,0.37569,0.36644,0.35708,0.34761,0.33814,0.33205,0.32934,0.32663,0.32199,0.31541,0.30884,0.30244,0.29622,0.29,0.28235,0.27326,0.26416,0.25294,0.2396,0.22625,0.21189,0.19653,0.18117,0.1671,0.1543,0.1415,0.1317,0.12492,0.11813,0.11435,0.11356,0.11278,0.11369,0.11629,0.11889,0.12178,0.12495,0.12812,0.13095,0.13346,0.13596,0.13828,0.14042,0.14255,0.14487,0.14737,0.14988,0.1516,0.15254,0.15348,0.12831,0.076996,0.025668
0,0,0,0,-0.53251,-0.51842,-0.5038,-0.48865,-0.4735,-0.46374,-0.45936,-0.45499,-0.44888,-0.44101,-0.43314,-0.42735,-0.42364,-0.41993,-0.41734,-0.41585,-0.41436,-0.40642,-0.39201,-0.3776,-0.36044,-0.34055,-0.32065,-0.30549,-0.29509,-0.28468,-0.26914,-0.24844,-0.22775,-0.21168,-0.20024,-0.1888,-0.18457,-0.18755,-0.19053,-0.1933,-0.19586,-0.19842,-0.19619,-0.18917,-0.18214,-0.17428,-0.16559,-0.15691,-0.14832,-0.13982,-0.13132,-0.12653,-0.12545,-0.12437,-0.12487,-0.12693,-0.129,-0.1281,-0.12424,-0.12037,-0.11653,-0.1127,-0.10888,-0.10377,-0.097367,-0.090967,-0.084239,-0.077185,-0.070131,-0.061488,-0.051259,-0.041028,-0.029972,-0.018093,-0.0062142,0.0065105,0.02008,0.033648,0.047498,0.061633,0.075766,0.089287,0.1022,0.11511,0.12705,0.13801,0.14898,0.16047,0.17251,0.18454,0.19864,0.21482,0.23099,0.2487,0.26796,0.28722,0.30748,0.32874,0.35001,0.37199,0.39468,0.41736,0.4387,0.45871,0.47871,0.4958,0.50998,0.52416,0.5391,0.55479,0.57048,0.58304,0.59249,0.60193,0.60866,0.61269,0.61672,0.61753,0.61512,0.61271,0.61009,0.60724,0.6044,0.59303,0.57315,0.55326,0.53531,0.51928,0.50326,0.48165,0.45448,0.42731,0.39803,0.36663,0.33522,0.30331,0.27091,0.23852,0.20696,0.17626,0.14556,0.11519,0.085158,0.055132,0.030118,0.010108,-0.0098981,-0.026973,-0.041111,-0.055244,-0.066434,-0.074681,-0.082926,-0.08905,-0.093051,-0.097051,-0.099612,-0.10073,-0.10185,-0.10226,-0.10195,-0.10164,-0.10162,-0.10129,-0.099823,-0.098266,-0.097627,-0.097198,-0.095467,-0.091606,-0.086463,-0.081909,-0.078417,-0.074592,-0.070122,-0.067445,-0.070309,-0.081269,-0.099432,-0.11973,-0.13629,-0.14587,-0.14727,-0.14094,-0.12902,-0.11385,-0.098568,-0.089002,-0.093146,-0.11834,-0.16601,-0.22609,-0.27393,-0.28584,0,0,0,0,0,0,0,0,0,0,0,0,0,0,0,0,0,0,0,0,-0.14469,-0.2198,-0.18241,-0.14068,-0.13656,-0.18056,-0.25381,-0.32061,-0.37272,-0.43173,-0.50421,-0.58575,-0.67066,-0.74127,-0.77148,-0.74909,-0.67054,-0.54727,-0.42328,-0.33296,-0.2712,-0.22101,-0.17739,-0.14555,-0.12836,0,0,0,0,0,0,0,0,0,0,0,0,0,0,0,0,0,0,0,0,0,0,0,0,0,-0.0015281,0.0016313,0.014147,0.027424,0.037474,0.037173,0,0,0,0,-0.095252,-0.12922,-0.13297,-0.12062,-0.1007,-0.085841,0,-0.073144,-0.074721,-0.090379,-0.10905,-0.12367,-0.14125,-0.16822,-0.19968,-0.22224,-0.22205,-0.18644,-0.1096,-0.0016112,0.10615,0.18335,0.2101,0.1828,0.1318,0.098769,0.096668,0.093802,0.071281,0.046769,0,0,0,0,0,0,0,0.011897,0.015807,0.016611,0.013254,0.0073452,0.0026111,0.0033138,0.010198,0.0077359,0,0,0,0,0,0,0,0,0,0,0,0,0,0,-0.0031467,-0.0048301,-0.008017,-0.012708,-0.0174,0,0,0,0,0,0,0,0,0,0,-0.039395,-0.065658,-0.084173,-0.094938,-0.1057,-0.11444,-0.12115,-0.12786,-0.13285,-0.13613,-0.13941,-0.14343,-0.14818,-0.15294,-0.16161,-0.17421,-0.18682,-0.21191,-0.24951,-0.2871,-0.32758,-0.37094,-0.41431,-0.45289,-0.4867,-0.5205,-0.54531,-0.56114,-0.57695,-0.58379,-0.58164,-0.57948,-0.57205,-0.55934,-0.54662,-0.53178,-0.51481,-0.49784,-0.48033,-0.46227,-0.44421,-0.4262,-0.40823,-0.39027,-0.37227,-0.35425,-0.33622,-0.31658,-0.29533,-0.27408,-0.25201,-0.22909,-0.20618,-0.17759,-0.14332,-0.10905,-0.075734,-0.04338,-0.011023,0.018759,0.045966,0.073169,0.095065,0.11165,0.12823,0.13923,0.14464,0.15005,0.15122,0.14816,0.1451,0.13992,0.13262,0.12533,0.11822,0.11129,0.10436,0.099468,0.096605,0.093743,0.09361,0.096207,0.098805,0.1032,0.10941,0.11561,0.12174,0.12779,0.13385,0.13865,0.14218,0.14572,0.14849,0.15051,0.15253,0.15557,0.15963,0.16369,0.17042,0.17983,0.18923,0.20162,0.21697,0.23233,0.24947,0.26839,0.28731,0.306,0.32445,0.3429,0.35917,0.37327,0.38736,0.39857,0.40689,0.41522,0.42159,0.42601,0.43044,0.43436,0.43778,0.44119,0.44489,0.44887,0.45285,0.45697,0.46123,0.46549,0.46935,0.47281,0.47626,0.47892,0.48079,0.48265,0.48371,0.48397,0.48423,0.48377,0.48257,0.48138,0.47938,0.47656,0.47374,0.46698,0.45629,0.44559,0.43671,0.42965,0.42258,0.41518,0.40743,0.39968,0.39125,0.38215,0.37305,0.36389,0.35468,0.34547,0.3397,0.33738,0.33506,0.33064,0.32413,0.31762,0.31096,0.30416,0.29736,0.28874,0.2783,0.26786,0.25526,0.24051,0.22576,0.21044,0.19457,0.17869,0.16465,0.15244,0.14023,0.13136,0.12584,0.12032,0.11773,0.11805,0.11838,0.12002,0.12297,0.12592,0.12881,0.13164,0.13447,0.13689,0.1389,0.14092,0.14283,0.14464,0.14645,0.1485,0.15077,0.15305,0.1548,0.15604,0.15728,0.1316,0.078974,0.026333
0,0,0,0,-0.53138,-0.52015,-0.50811,-0.49525,-0.48238,-0.4747,-0.47219,-0.46969,-0.46471,-0.45726,-0.4498,-0.44473,-0.44204,-0.43934,-0.43786,-0.43756,-0.43728,-0.42928,-0.41356,-0.39785,-0.37978,-0.35936,-0.33893,-0.32301,-0.3116,-0.3002,-0.28332,-0.26097,-0.23862,-0.22093,-0.20792,-0.1949,-0.18939,-0.19136,-0.19334,-0.19479,-0.19571,-0.19663,-0.19334,-0.18585,-0.17837,-0.17066,-0.16275,-0.15484,-0.14685,-0.13878,-0.13071,-0.12629,-0.12552,-0.12476,-0.12517,-0.12676,-0.12836,-0.12651,-0.12121,-0.11591,-0.11098,-0.10642,-0.10186,-0.096485,-0.090299,-0.084113,-0.077749,-0.071209,-0.064669,-0.05664,-0.047121,-0.037603,-0.027426,-0.016592,-0.0057594,0.0060581,0.018857,0.031654,0.045021,0.058957,0.072891,0.086049,0.09843,0.11081,0.12204,0.13212,0.1422,0.15262,0.16337,0.17412,0.18685,0.20156,0.21627,0.23312,0.25213,0.27113,0.29184,0.31428,0.33672,0.35984,0.38366,0.40747,0.42954,0.44987,0.4702,0.48765,0.50221,0.51678,0.5325,0.54938,0.56625,0.58056,0.59231,0.60406,0.61317,0.61964,0.6261,0.62893,0.62813,0.62733,0.6255,0.62266,0.61981,0.6088,0.58965,0.57048,0.55367,0.53921,0.52474,0.50412,0.47736,0.45059,0.42163,0.39047,0.3593,0.32753,0.29517,0.26281,0.23122,0.20041,0.16959,0.13889,0.1083,0.077712,0.051906,0.030877,0.0098491,-0.0083459,-0.023704,-0.03906,-0.051402,-0.060732,-0.070061,-0.076907,-0.081265,-0.085621,-0.088303,-0.089307,-0.090312,-0.090411,-0.089599,-0.088788,-0.087761,-0.086247,-0.084803,-0.08417,-0.084097,-0.083751,-0.082462,-0.080115,-0.07752,-0.075735,-0.074647,-0.073619,-0.073372,-0.076183,-0.084785,-0.1008,-0.12164,-0.14052,-0.15232,-0.15675,-0.15564,-0.15124,-0.14528,-0.13852,-0.13209,-0.12853,-0.13264,-0.15001,-0.18245,-0.22336,-0.25947,-0.28383,0,0,0,0,0,0,0,0,0,0,0,0,0,0,0,0,0,0,0,0,-0.17656,-0.23297,-0.20457,-0.16808,-0.16949,-0.2077,-0.27335,-0.32632,-0.36763,-0.42799,-0.50356,-0.58656,-0.6739,-0.73903,-0.75918,-0.7309,-0.6618,-0.56054,-0.44544,-0.34789,-0.27289,-0.21136,-0.16306,-0.13556,-0.1252,0,0,0,0,0,0,0,0,0,0,0,0,0,0,0,0,0,0,0,0,0,0,0,0,0,0,-0.0013078,0.0061639,0.023687,0.037104,0.04092,0,0,0,0,-0.10774,-0.13803,-0.14005,-0.12671,-0.104,-0.072731,-0.011568,-0.055719,-0.066091,-0.073424,-0.080736,-0.085842,-0.091192,-0.10449,-0.13068,-0.16302,-0.18086,-0.17053,-0.1317,-0.063312,0.024558,0.10868,0.16167,0.16459,0.12167,0.065581,0.04003,0.046148,0.048375,0.038279,0,0,0,0,0,0,0,0.011191,0.013734,0.014888,0.012168,0.0054234,0.0021563,0.005632,0.014034,0,0,0,0,0,0,0,0,0,0,0,0,-2.4376e-05,-4.0661e-05,-0.0012734,-0.0056105,-0.0090698,-0.013556,-0.019068,-0.024581,0,0,0,0,0,0,0,0,0,0,-0.05996,-0.086739,-0.10342,-0.11001,-0.1166,-0.12422,-0.13288,-0.14154,-0.14827,-0.15306,-0.15786,-0.16321,-0.16911,-0.17501,-0.18498,-0.19903,-0.21307,-0.23893,-0.27662,-0.3143,-0.35322,-0.39338,-0.43354,-0.46843,-0.49806,-0.52768,-0.54961,-0.56383,-0.57805,-0.58454,-0.5833,-0.58206,-0.57586,-0.56471,-0.55355,-0.54012,-0.52441,-0.50869,-0.49224,-0.47503,-0.45783,-0.44038,-0.42268,-0.40499,-0.3874,-0.36992,-0.35244,-0.33333,-0.31259,-0.29185,-0.26994,-0.24684,-0.22375,-0.19494,-0.16042,-0.12588,-0.091881,-0.058412,-0.024945,0.0061181,0.034772,0.063425,0.08674,0.10471,0.12268,0.13486,0.14125,0.14763,0.14963,0.14724,0.14486,0.14031,0.1336,0.12689,0.12034,0.11395,0.10756,0.10319,0.10082,0.098451,0.098823,0.10193,0.10505,0.11003,0.11687,0.12372,0.13057,0.13741,0.14426,0.14984,0.15416,0.15848,0.16197,0.16464,0.1673,0.1709,0.17543,0.17997,0.18709,0.1968,0.20651,0.2191,0.23457,0.25005,0.26711,0.28577,0.30442,0.32253,0.34009,0.35765,0.37285,0.38569,0.39853,0.40863,0.416,0.42337,0.42916,0.43339,0.43761,0.44169,0.44562,0.44955,0.45385,0.4585,0.46316,0.46779,0.47239,0.47698,0.48096,0.48432,0.48768,0.49011,0.49161,0.49311,0.49376,0.49356,0.49337,0.49245,0.49082,0.48918,0.48677,0.48359,0.48041,0.47336,0.46243,0.45151,0.44241,0.43513,0.42785,0.42043,0.41286,0.40529,0.39711,0.38831,0.3795,0.37067,0.36181,0.35295,0.34752,0.34552,0.34353,0.33921,0.33256,0.32591,0.31879,0.3112,0.30362,0.29392,0.28211,0.2703,0.25641,0.24044,0.22448,0.20842,0.19227,0.17612,0.16232,0.15088,0.13944,0.13159,0.12733,0.12306,0.12157,0.12286,0.12415,0.12636,0.1295,0.13263,0.13538,0.13775,0.14012,0.142,0.14339,0.14478,0.14618,0.14758,0.14898,0.15068,0.15268,0.15469,0.15622,0.1573,0.15838,0.13244,0.079476,0.026502
0,0,0,0,-0.53064,-0.52414,-0.51507,-0.50344,-0.49181,-0.48584,-0.48553,-0.48523,-0.48263,-0.47774,-0.47286,-0.46922,-0.46683,-0.46443,-0.46174,-0.45873,-0.45572,-0.44632,-0.43053,-0.41474,-0.39636,-0.37539,-0.35442,-0.33768,-0.32518,-0.31268,-0.29428,-0.26998,-0.24569,-0.22714,-0.21433,-0.20153,-0.19553,-0.19633,-0.19713,-0.19685,-0.19548,-0.1941,-0.1895,-0.18168,-0.17386,-0.16599,-0.15808,-0.15017,-0.14319,-0.13715,-0.13112,-0.12797,-0.12771,-0.12745,-0.12735,-0.12743,-0.1275,-0.12446,-0.11831,-0.11216,-0.10612,-0.10018,-0.094245,-0.088255,-0.082214,-0.076173,-0.070146,-0.064135,-0.058125,-0.050987,-0.042724,-0.034461,-0.025449,-0.01569,-0.005931,0.0050267,0.017182,0.029335,0.042079,0.055409,0.068739,0.081169,0.092693,0.10422,0.11484,0.12454,0.13425,0.14394,0.15362,0.1633,0.17455,0.18736,0.20017,0.2158,0.23425,0.25268,0.2736,0.297,0.32041,0.34458,0.36951,0.39443,0.41702,0.43729,0.45756,0.47603,0.4927,0.50936,0.52635,0.54365,0.56095,0.57625,0.58955,0.60286,0.6144,0.62417,0.63395,0.63935,0.64037,0.64139,0.64004,0.63631,0.63258,0.62253,0.60614,0.58976,0.57455,0.5605,0.54646,0.52611,0.49944,0.47277,0.44377,0.41242,0.38107,0.34911,0.31654,0.28398,0.25225,0.22136,0.19048,0.16019,0.1305,0.10081,0.075264,0.053843,0.032418,0.013318,-0.0034549,-0.020229,-0.034117,-0.045121,-0.056129,-0.06406,-0.06891,-0.073759,-0.076672,-0.077645,-0.07862,-0.078534,-0.077384,-0.076234,-0.074371,-0.072144,-0.070785,-0.070126,-0.069384,-0.068252,-0.067189,-0.0667,-0.066889,-0.06751,-0.068412,-0.07023,-0.074486,-0.083289,-0.098805,-0.12096,-0.14483,-0.16264,-0.17038,-0.17047,-0.16776,-0.16553,-0.16458,-0.16477,-0.16535,-0.16577,-0.16829,-0.17681,-0.19431,-0.22106,-0.25262,-0.27923,0,0,0,0,0,0,0,0,0,0,0,0,0,0,0,0,0,0,0,0,-0.20368,-0.23796,-0.22863,-0.21651,-0.11045,-0.25779,-0.30906,-0.34963,-0.38301,-0.44099,-0.51573,-0.59819,-0.67935,-0.7303,-0.73799,-0.70199,-0.64102,-0.56105,-0.4548,-0.3546,-0.2744,-0.20753,-0.16065,-0.13892,-0.12856,0,0,0,0,0,0,0,0,0,0,0,0,0,0,0,0,0,0,0,0,0,0,0,0,0,0,-5.4027e-05,-0.001221,0.017753,0.034847,0.042327,0,0,0,0,-0.10542,-0.13095,-0.1346,-0.12244,-0.09779,-0.060845,-0.034475,-0.039177,-0.054004,-0.062868,-0.064991,-0.035257,-0.034699,-0.037204,-0.047693,-0.066077,-0.12503,-0.13001,-0.12478,-0.1032,-0.056136,0.013121,0.085357,0.13183,0.12051,0.057318,0.0046231,0.0058695,0.031314,0.037048,0,0,0,0,0,0,0,0.005419,0.006301,0.014234,0.01211,0.0045062,0.0022221,0.0076193,0.017103,0,0,0,0,0,0,0,0,0,0,0,0,0.00011336,0.00018892,-0.0029418,-0.0092788,-0.015616,-0.021425,-0.026706,-0.031986,0,0,0,0,0,0,0,-0.019782,-0.032972,-0.042715,-0.085331,-0.10265,-0.1149,-0.12208,-0.12926,-0.13746,-0.14668,-0.1559,-0.16376,-0.17026,-0.17676,-0.18345,-0.19034,-0.19722,-0.20831,-0.2236,-0.23889,-0.26515,-0.30238,-0.3396,-0.37673,-0.41376,-0.45079,-0.48247,-0.50879,-0.5351,-0.55449,-0.56695,-0.57941,-0.58538,-0.58488,-0.58437,-0.57928,-0.56959,-0.5599,-0.54775,-0.53313,-0.51851,-0.50295,-0.48645,-0.46996,-0.45315,-0.43603,-0.41892,-0.40179,-0.38466,-0.36753,-0.34896,-0.32895,-0.30895,-0.28737,-0.26421,-0.24105,-0.21209,-0.17734,-0.14258,-0.10784,-0.073133,-0.03843,-0.0059607,0.024258,0.054475,0.079282,0.098672,0.11806,0.1314,0.13869,0.14598,0.1487,0.14686,0.14503,0.14101,0.13483,0.12865,0.12264,0.11682,0.11099,0.10716,0.10531,0.10347,0.10431,0.10785,0.11139,0.1168,0.12409,0.13139,0.13877,0.14626,0.15374,0.16005,0.16519,0.17033,0.17466,0.17819,0.18172,0.18613,0.19141,0.1967,0.20443,0.21463,0.22482,0.23768,0.2532,0.26872,0.2855,0.30355,0.32159,0.33873,0.35496,0.37119,0.38497,0.39629,0.40762,0.41652,0.42301,0.42949,0.43491,0.43927,0.44363,0.4482,0.45298,0.45775,0.46287,0.46833,0.47379,0.47892,0.48372,0.48852,0.49243,0.49545,0.49848,0.50047,0.50142,0.50238,0.50249,0.50177,0.50105,0.49967,0.49763,0.4956,0.49287,0.48944,0.486,0.48001,0.47145,0.46289,0.4536,0.44357,0.43354,0.42488,0.4176,0.41031,0.40249,0.39414,0.38579,0.37741,0.36899,0.36057,0.3555,0.35376,0.35203,0.34767,0.34069,0.33371,0.32593,0.31735,0.30877,0.29789,0.28469,0.27149,0.2564,0.2394,0.22241,0.20582,0.18964,0.17346,0.16012,0.14963,0.13915,0.13239,0.12938,0.12636,0.12589,0.12799,0.13009,0.13271,0.13587,0.13902,0.14149,0.14328,0.14507,0.14629,0.14693,0.14757,0.14834,0.14924,0.15014,0.15143,0.15311,0.15479,0.15586,0.15631,0.15677,0.13083,0.078507,0.026178
0,0,0,0,-0.5299,-0.52812,-0.52203,-0.51164,-0.50124,-0.49699,-0.49887,-0.50076,-0.50055,-0.49823,-0.49591,-0.4937,-0.49161,-0.48952,-0.48561,-0.47989,-0.47416,-0.46337,-0.4475,-0.43163,-0.41294,-0.39142,-0.3699,-0.35234,-0.33875,-0.32516,-0.30524,-0.279,-0.25276,-0.23334,-0.22075,-0.20815,-0.20167,-0.2013,-0.20093,-0.19891,-0.19524,-0.19158,-0.18566,-0.17751,-0.16935,-0.16131,-0.1534,-0.14549,-0.13954,-0.13553,-0.13152,-0.12964,-0.12989,-0.13014,-0.12954,-0.12809,-0.12664,-0.12241,-0.11542,-0.10842,-0.10126,-0.093946,-0.086631,-0.080025,-0.074128,-0.068233,-0.062544,-0.057062,-0.05158,-0.045334,-0.038326,-0.031318,-0.023471,-0.014787,-0.0061018,0.003996,0.015507,0.027016,0.039135,0.05186,0.064586,0.076286,0.086956,0.097627,0.10763,0.11696,0.12629,0.13526,0.14387,0.15248,0.16224,0.17316,0.18408,0.19848,0.21636,0.23424,0.25537,0.27974,0.30411,0.32931,0.35535,0.38138,0.4045,0.42471,0.44491,0.4644,0.48318,0.50195,0.5202,0.53792,0.55564,0.57193,0.58679,0.60165,0.61562,0.6287,0.64179,0.64976,0.65261,0.65545,0.65457,0.64996,0.64535,0.63624,0.62264,0.60903,0.59542,0.5818,0.56818,0.54809,0.52153,0.49496,0.46592,0.43438,0.40285,0.37069,0.33791,0.30515,0.27328,0.24231,0.21135,0.18148,0.15269,0.12391,0.098617,0.076795,0.054982,0.03498,0.016793,-0.0013951,-0.016833,-0.029515,-0.042196,-0.051209,-0.056553,-0.061897,-0.065041,-0.065984,-0.066929,-0.066657,-0.065169,-0.06368,-0.061707,-0.05956,-0.057702,-0.055753,-0.053802,-0.052428,-0.052359,-0.053698,-0.055718,-0.057613,-0.059797,-0.064041,-0.072388,-0.086957,-0.10925,-0.13712,-0.16372,-0.1817,-0.18855,-0.18749,-0.1839,-0.18148,-0.18196,-0.18588,-0.19136,-0.19557,-0.19728,-0.19776,-0.20226,-0.21789,-0.24481,-0.27037,0,0,0,0,0,0,0,0,0,0,0,0,0,0,0,0,0,0,0,0,-0.20708,-0.2322,-0.23331,-0.22998,0,-0.27547,-0.33834,-0.39072,-0.42365,-0.47346,-0.54303,-0.62231,-0.69111,-0.72253,-0.71544,-0.67227,-0.61139,-0.53729,-0.44268,-0.35143,-0.27388,-0.21184,-0.17191,-0.15203,-0.13194,0,0,0,0,0,0,0,0,0,0,0,0,0,0,0,0,0,0,0,0,0,0,0,0,0,0,0,-0.0022688,0.0088931,0.026131,0.035935,0.015063,0.0075751,-0.0054101,-0.020913,-0.082968,-0.10805,-0.11585,-0.10866,-0.091563,-0.070452,-0.053267,-0.04569,-0.050152,-0.057196,-0.053607,0,0,0,0,0,-0.076087,-0.077114,-0.088789,-0.10558,-0.10791,-0.075758,-0.0070118,0.067002,0.093238,0.050262,-0.0097754,-0.01785,0.019132,0.037098,0,0,0,0,0,0,0,0,0,0.014358,0.01246,0.0045044,0.0025951,0.0086513,0.019013,0,0,0,0,0,0,0,0,0,0,0,0,0.00013774,0.00022958,-0.0037325,-0.012948,-0.022164,-0.029295,-0.034343,-0.03939,0,0,0,0,0,0,0,-0.049448,-0.082423,-0.10284,-0.1107,-0.11856,-0.12637,-0.13415,-0.14192,-0.1507,-0.16047,-0.17025,-0.17924,-0.18745,-0.19566,-0.2037,-0.21157,-0.21944,-0.23164,-0.24818,-0.26472,-0.29137,-0.32813,-0.3649,-0.40024,-0.43414,-0.46804,-0.4965,-0.51951,-0.54252,-0.55938,-0.57007,-0.58077,-0.58623,-0.58646,-0.58668,-0.58269,-0.57447,-0.56626,-0.55538,-0.54185,-0.52831,-0.51366,-0.49787,-0.48209,-0.46592,-0.44938,-0.43284,-0.41618,-0.3994,-0.38261,-0.36458,-0.34531,-0.32604,-0.30481,-0.28158,-0.25836,-0.22926,-0.19427,-0.15927,-0.1238,-0.087852,-0.051909,-0.01804,0.013746,0.045527,0.071825,0.092635,0.11344,0.12794,0.13613,0.14432,0.14777,0.14648,0.14519,0.14172,0.13606,0.1304,0.12494,0.11968,0.11442,0.11113,0.1098,0.10848,0.1098,0.11376,0.11773,0.12358,0.13131,0.13905,0.14698,0.1551,0.16322,0.17026,0.17621,0.18217,0.18735,0.19174,0.19614,0.20135,0.20739,0.21343,0.22178,0.23246,0.24313,0.25625,0.27182,0.28739,0.30389,0.32133,0.33876,0.35493,0.36984,0.38474,0.3971,0.4069,0.41671,0.42441,0.43001,0.43561,0.44066,0.44515,0.44965,0.4547,0.46033,0.46595,0.4719,0.47815,0.48441,0.49004,0.49505,0.50005,0.5039,0.50658,0.50927,0.51082,0.51123,0.51164,0.51122,0.50997,0.50872,0.50688,0.50445,0.50202,0.49896,0.49528,0.4916,0.48666,0.48046,0.47427,0.46478,0.45201,0.43923,0.42934,0.42233,0.41533,0.40788,0.39998,0.39208,0.38415,0.37617,0.3682,0.36347,0.362,0.36053,0.35614,0.34883,0.34152,0.33308,0.3235,0.31393,0.30185,0.28727,0.27269,0.25639,0.23837,0.22034,0.20322,0.18701,0.17079,0.15792,0.14839,0.13885,0.1332,0.13142,0.12965,0.13021,0.13312,0.13602,0.13906,0.14224,0.14541,0.1476,0.14881,0.15002,0.15057,0.15046,0.15035,0.15049,0.1509,0.1513,0.15218,0.15354,0.1549,0.1555,0.15533,0.15516,0.12923,0.077546,0.025862
0,0,0,0,-0.5306,-0.53251,-0.52902,-0.52011,-0.51121,-0.50827,-0.5113,-0.51433,-0.51581,-0.51573,-0.51566,-0.51433,-0.51176,-0.50919,-0.50402,-0.49624,-0.48847,-0.47646,-0.46022,-0.44397,-0.42495,-0.40315,-0.38135,-0.36266,-0.3471,-0.33153,-0.31118,-0.28602,-0.26087,-0.24155,-0.22806,-0.21458,-0.20698,-0.20524,-0.20351,-0.20004,-0.19483,-0.18962,-0.18271,-0.17412,-0.16552,-0.15718,-0.1491,-0.14102,-0.13548,-0.13246,-0.12945,-0.12799,-0.1281,-0.12821,-0.12696,-0.12435,-0.12173,-0.11665,-0.10908,-0.10152,-0.09373,-0.085713,-0.077696,-0.071018,-0.065681,-0.060344,-0.055369,-0.050755,-0.046142,-0.04097,-0.035239,-0.029508,-0.022759,-0.014991,-0.0072229,0.0021017,0.012983,0.023863,0.035263,0.04718,0.059098,0.070029,0.07997,0.08991,0.09941,0.10847,0.11752,0.12606,0.13408,0.1421,0.1509,0.16047,0.17005,0.18322,0.20001,0.21679,0.23733,0.26161,0.28588,0.31126,0.33772,0.36417,0.38792,0.40896,0.42999,0.45093,0.47179,0.49264,0.51211,0.53019,0.54828,0.56547,0.58178,0.59808,0.61373,0.62874,0.64374,0.65436,0.6606,0.66684,0.66788,0.66374,0.6596,0.65181,0.64036,0.62891,0.61673,0.60381,0.59089,0.57122,0.54481,0.5184,0.48926,0.4574,0.42554,0.39297,0.35969,0.32642,0.2941,0.26273,0.23138,0.20141,0.1728,0.1442,0.11885,0.096725,0.074613,0.054127,0.035272,0.016418,2.9874e-05,-0.01389,-0.027806,-0.037991,-0.04445,-0.050906,-0.054629,-0.055616,-0.056601,-0.056196,-0.054398,-0.0526,-0.050437,-0.047934,-0.044837,-0.041223,-0.038449,-0.037483,-0.038448,-0.040564,-0.042922,-0.045405,-0.049052,-0.055593,-0.066912,-0.085149,-0.11157,-0.14352,-0.17397,-0.19592,-0.20583,-0.2047,-0.19752,-0.19027,-0.18776,-0.19175,-0.20016,-0.20855,-0.21214,-0.20939,-0.206,-0.21272,-0.23493,-0.26163,-0.075827,-0.015777,0,0,-0.0086434,-0.0039904,-0.00053267,0,0,0,0,0,0,0,0,0,0,0,-0.02194,-0.069802,-0.22624,-0.22885,-0.22476,-0.2332,0,-0.29563,-0.37785,-0.45326,-0.49032,-0.52192,-0.57191,-0.64345,-0.70244,-0.71933,-0.69645,-0.64293,-0.57136,-0.49436,-0.41456,-0.34109,-0.27901,-0.2299,-0.19443,-0.16818,-0.13971,-0.05766,-0.034473,-0.016941,0,0,0,0,0,0,0,0,0,0,0,0,0,0,0,0,0,0,0,0,0,0,0,0,0,0.0038903,0.012753,0.024061,0.024857,0.012746,-0.010168,-0.038075,-0.065056,-0.086419,-0.097922,-0.098496,-0.091917,-0.080842,-0.067603,-0.05663,-0.053142,-0.053082,-0.045925,0,0,0,0,0,-0.029302,-0.025276,-0.032483,-0.04822,-0.11478,-0.12385,-0.08207,-0.013176,0.030857,0.018796,-0.020359,-0.023867,0.011109,0.030369,0,0,0,0,0,0,0,0,0,0.015749,0.012108,0.004867,0.0030431,0.0086468,0.019159,0,0,0,0,0,0,0,0,0,0,0,0,0,0,-0.0052054,-0.017615,-0.030025,-0.03827,-0.042348,-0.046425,0,0,0,0,0,0,0,-0.063555,-0.10594,-0.1288,-0.13215,-0.13548,-0.14121,-0.14934,-0.15747,-0.16654,-0.17655,-0.18656,-0.19623,-0.20556,-0.21489,-0.22392,-0.23263,-0.24135,-0.25436,-0.27167,-0.28898,-0.3155,-0.35125,-0.387,-0.42038,-0.45139,-0.4824,-0.50811,-0.52851,-0.54891,-0.5639,-0.57348,-0.58305,-0.58822,-0.58898,-0.58974,-0.58656,-0.57945,-0.57233,-0.56243,-0.54974,-0.53705,-0.52307,-0.5078,-0.49254,-0.4769,-0.4609,-0.44491,-0.42876,-0.41247,-0.39618,-0.37887,-0.36052,-0.34218,-0.32145,-0.29833,-0.2752,-0.24608,-0.21096,-0.17583,-0.13964,-0.1024,-0.065165,-0.029827,0.0036099,0.037047,0.064914,0.087209,0.1095,0.12521,0.13434,0.14346,0.14763,0.14684,0.14606,0.14305,0.13781,0.13257,0.12758,0.12284,0.11809,0.11533,0.11456,0.11379,0.11561,0.12002,0.12443,0.13069,0.1388,0.14691,0.15528,0.1639,0.17253,0.18021,0.18694,0.19367,0.1997,0.20504,0.21039,0.21651,0.2234,0.2303,0.23932,0.25047,0.26162,0.27488,0.29027,0.30566,0.3216,0.33807,0.35455,0.3695,0.38292,0.39633,0.40725,0.41567,0.42409,0.4308,0.43578,0.44077,0.44568,0.45053,0.45538,0.46105,0.46755,0.47405,0.48075,0.48766,0.49456,0.50051,0.5055,0.5105,0.51407,0.51622,0.51838,0.51933,0.5191,0.51886,0.5179,0.51621,0.51452,0.51237,0.50976,0.50715,0.50401,0.50033,0.49664,0.49236,0.48746,0.48256,0.47301,0.4588,0.44459,0.43411,0.42737,0.42064,0.41353,0.40605,0.39858,0.39105,0.38347,0.37589,0.37145,0.37016,0.36888,0.36434,0.35657,0.34879,0.33955,0.32884,0.31813,0.30484,0.28897,0.27309,0.25577,0.23701,0.21824,0.20084,0.18481,0.16878,0.15643,0.14777,0.13911,0.13437,0.13353,0.13269,0.13398,0.13738,0.14079,0.14404,0.14715,0.15026,0.15216,0.15286,0.15356,0.15353,0.15277,0.15202,0.15159,0.1515,0.1514,0.15191,0.15303,0.15415,0.15454,0.15419,0.15384,0.12806,0.076843,0.025625
0,0,0,0,-0.53274,-0.53731,-0.53601,-0.52886,-0.5217,-0.51969,-0.52281,-0.52593,-0.52841,-0.53026,-0.53211,-0.53112,-0.52729,-0.52346,-0.51696,-0.5078,-0.49864,-0.4856,-0.46869,-0.45177,-0.4324,-0.41057,-0.38875,-0.36863,-0.35023,-0.33182,-0.31209,-0.29105,-0.27,-0.25175,-0.23628,-0.22082,-0.21145,-0.20816,-0.20488,-0.20024,-0.19423,-0.18823,-0.18066,-0.17152,-0.16238,-0.1536,-0.14518,-0.13676,-0.13102,-0.12795,-0.12488,-0.12301,-0.12234,-0.12167,-0.11963,-0.11621,-0.11279,-0.10716,-0.099318,-0.091471,-0.083527,-0.075484,-0.067442,-0.061237,-0.056871,-0.052507,-0.048621,-0.045216,-0.04181,-0.037893,-0.033463,-0.029034,-0.023314,-0.016305,-0.009294,-0.00065572,0.0096091,0.019875,0.030462,0.041369,0.052278,0.062399,0.071732,0.081067,0.090174,0.099055,0.10793,0.11633,0.12424,0.13215,0.1405,0.14928,0.15806,0.17003,0.18518,0.20032,0.21947,0.2426,0.26574,0.2904,0.31661,0.34281,0.36728,0.39004,0.41278,0.43561,0.45852,0.48143,0.50208,0.52047,0.53886,0.55688,0.57452,0.59216,0.60874,0.62427,0.6398,0.65316,0.66435,0.67554,0.67997,0.67766,0.67534,0.66922,0.65931,0.6494,0.63848,0.62654,0.6146,0.59552,0.5693,0.54308,0.5138,0.48147,0.44913,0.41593,0.38187,0.3478,0.31473,0.28265,0.25057,0.21997,0.19082,0.16168,0.13595,0.11363,0.091313,0.070765,0.051987,0.033207,0.016466,0.0017536,-0.012961,-0.024412,-0.032604,-0.040793,-0.045438,-0.046539,-0.047638,-0.047149,-0.045072,-0.042994,-0.039741,-0.035844,-0.031774,-0.027404,-0.024537,-0.023871,-0.024868,-0.026516,-0.0285,-0.031535,-0.036692,-0.045049,-0.058098,-0.077839,-0.10539,-0.13891,-0.17289,-0.19945,-0.21192,-0.20958,-0.19798,-0.18566,-0.1799,-0.18315,-0.1929,-0.20344,-0.20866,-0.20653,-0.20156,-0.20347,-0.2207,-0.24633,-0.19152,-0.088182,-0.021591,-0.0062398,-0.01352,-0.0089208,-0.0039896,0,0,0,0,0,0,0,0,0,-0.033949,-0.033867,-0.092597,-0.18014,-0.23408,-0.22509,-0.20874,-0.2281,0,-0.31827,-0.41968,-0.51679,-0.55974,-0.58483,-0.60991,-0.65395,-0.70152,-0.71463,-0.68125,-0.61174,-0.52618,-0.44627,-0.37977,-0.32968,-0.29256,-0.25788,-0.2221,-0.18658,-0.15001,-0.11262,-0.07606,-0.044761,0,0,0,0,0,0,0,0,0,0,0,0,0,0,0,0,0,0,0,0,0,0,0,0,0,0.0019541,0.0002649,0.0096992,0.012718,0.0057715,-0.010533,-0.032093,-0.054554,-0.074095,-0.087441,-0.092853,-0.092775,-0.088881,-0.079753,-0.067269,-0.057634,-0.050351,-0.022048,0,0,0,0,0,0,0,0,0,-0.089411,-0.11821,-0.11826,-0.079184,-0.042374,-0.031047,-0.034905,-0.01898,0.0085493,0.014753,-0.0014729,0,0,0,0,0,0,0,0,0.015616,0.010728,0.005018,0.003573,0.0082414,0.017116,0.010099,0.0086873,0,0,0,0,0,0,0,0,0,0,0,0,-0.0031414,-0.023277,-0.039198,-0.048347,-0.050721,-0.053094,0,0,0,0,0,0,0,-0.072005,-0.12001,-0.14591,-0.14967,-0.15343,-0.15943,-0.16767,-0.17591,-0.18499,-0.19491,-0.20483,-0.21472,-0.22459,-0.23447,-0.24411,-0.25354,-0.26297,-0.27648,-0.29408,-0.31169,-0.33757,-0.37173,-0.40589,-0.43715,-0.46551,-0.49387,-0.51729,-0.53578,-0.55426,-0.56806,-0.57716,-0.58627,-0.59137,-0.59245,-0.59353,-0.59089,-0.58451,-0.57813,-0.56889,-0.5568,-0.5447,-0.53119,-0.51625,-0.5013,-0.48609,-0.4706,-0.45511,-0.43954,-0.42388,-0.40823,-0.3918,-0.37458,-0.35735,-0.33731,-0.31444,-0.29157,-0.26256,-0.2274,-0.19224,-0.15536,-0.11678,-0.078198,-0.041319,-0.00614,0.029042,0.058553,0.082396,0.10624,0.1232,0.1333,0.14339,0.14827,0.14794,0.14761,0.14499,0.14007,0.13515,0.13055,0.12628,0.122,0.11977,0.11958,0.1194,0.12174,0.12662,0.13149,0.13814,0.14655,0.15496,0.16367,0.17267,0.18168,0.18991,0.19736,0.20481,0.21172,0.2181,0.22447,0.23159,0.23946,0.24732,0.25706,0.26866,0.28027,0.29356,0.30854,0.32352,0.33861,0.35379,0.36897,0.38244,0.39421,0.40598,0.41545,0.42261,0.42978,0.43568,0.44031,0.44495,0.44998,0.4554,0.46083,0.46724,0.47465,0.48205,0.48945,0.49683,0.50422,0.5103,0.51508,0.51986,0.52296,0.52438,0.52579,0.526,0.52502,0.52404,0.52253,0.52049,0.51845,0.51614,0.51357,0.511,0.508,0.50457,0.50114,0.49709,0.49244,0.48778,0.47828,0.46395,0.44961,0.4392,0.43271,0.42623,0.41945,0.41236,0.40527,0.39811,0.39088,0.38365,0.37945,0.37826,0.37707,0.37229,0.36391,0.35553,0.34535,0.33336,0.32136,0.30683,0.28977,0.27269,0.25454,0.23532,0.21609,0.19867,0.18303,0.1674,0.15565,0.14779,0.13993,0.13589,0.13569,0.13549,0.13719,0.14079,0.14438,0.14766,0.15062,0.15357,0.15518,0.15543,0.15568,0.15516,0.15387,0.15258,0.15163,0.15104,0.15044,0.15062,0.15159,0.15255,0.15299,0.1529,0.15282,0.12732,0.076405,0.025475
0,0,0,0,-0.53488,-0.5421,-0.54301,-0.5376,-0.5322,-0.5311,-0.53431,-0.53752,-0.54101,-0.54479,-0.54857,-0.5479,-0.54281,-0.53772,-0.5299,-0.51936,-0.50882,-0.49475,-0.47716,-0.45957,-0.43985,-0.418,-0.39615,-0.3746,-0.35335,-0.33211,-0.31301,-0.29608,-0.27914,-0.26194,-0.2445,-0.22706,-0.21592,-0.21108,-0.20625,-0.20043,-0.19364,-0.18684,-0.1786,-0.16891,-0.15923,-0.15001,-0.14125,-0.13249,-0.12655,-0.12344,-0.12032,-0.11803,-0.11658,-0.11513,-0.11229,-0.10807,-0.10385,-0.097681,-0.089552,-0.081424,-0.073325,-0.065257,-0.057189,-0.051457,-0.048063,-0.044671,-0.041875,-0.039677,-0.037479,-0.034817,-0.031688,-0.02856,-0.023871,-0.017619,-0.011367,-0.0034158,0.0062353,0.015889,0.025661,0.035557,0.045456,0.054767,0.063492,0.072221,0.080937,0.08964,0.098343,0.1066,0.11441,0.12221,0.13011,0.1381,0.14609,0.15683,0.17035,0.18386,0.20161,0.2236,0.24559,0.26955,0.29549,0.32143,0.34664,0.37111,0.39558,0.42029,0.44526,0.47022,0.49205,0.51074,0.52944,0.54827,0.56725,0.58623,0.60375,0.61981,0.63587,0.65196,0.6681,0.68424,0.69206,0.69157,0.69107,0.68664,0.67827,0.66989,0.66022,0.64927,0.63832,0.61983,0.5938,0.56777,0.53835,0.50554,0.47273,0.43891,0.40405,0.3692,0.33537,0.30257,0.26976,0.23852,0.20884,0.17917,0.15307,0.13054,0.10801,0.087396,0.068702,0.05,0.032896,0.01739,0.0018809,-0.010834,-0.020757,-0.03068,-0.036249,-0.037462,-0.038675,-0.038103,-0.035746,-0.033387,-0.028786,-0.023291,-0.018986,-0.015063,-0.012569,-0.011632,-0.01169,-0.012335,-0.01389,-0.017222,-0.023146,-0.032455,-0.046338,-0.066347,-0.093389,-0.12613,-0.1595,-0.18552,-0.19834,-0.19745,-0.18702,-0.17452,-0.16732,-0.16883,-0.17744,-0.18759,-0.19302,-0.19137,-0.18634,-0.18586,-0.19638,-0.21207,-0.20161,-0.13602,-0.060589,-0.027353,-0.01568,-0.013502,-0.008641,0,0,0,0,0,0,0,0,0,-0.091204,-0.096829,-0.14877,-0.20472,-0.21962,-0.21184,-0.18643,-0.1592,-0.039678,-0.2964,-0.45528,-0.555,-0.6027,-0.63848,-0.65796,-0.67258,-0.69798,-0.70479,-0.66536,-0.58149,-0.48489,-0.4037,-0.35035,-0.32545,-0.31213,-0.28953,-0.25108,-0.20418,-0.15806,-0.117,-0.089407,-0.057577,0,0,0,0,0,0,0,0,0,0,0,0,0,0,0,0,0,0,0,0,0,0,0,0,0,0,-0.0025019,-0.0030926,-0.00095597,-0.0042872,-0.01429,-0.030677,-0.049013,-0.066018,-0.079351,-0.087016,-0.092631,-0.095896,-0.090053,-0.075599,-0.062803,-0.050842,0,0,0,0,0,0,0,0,0,0,-0.073611,-0.096479,-0.12276,-0.12138,-0.10076,-0.076031,-0.051136,-0.023109,-0.0028132,0.0016751,-0.0014729,0,0,0,0,0,0,0,0.0078694,0.013288,0.0087897,0.0049167,0.0042538,0.0081088,0.014529,0.018236,0.0086873,0,0,0,0,0,0,0,0,0,0,0,0,0,-0.02894,-0.048372,-0.058424,-0.059093,-0.059761,0,0,0,0,0,0,0,-0.080452,-0.13409,-0.16301,-0.1672,-0.17138,-0.17764,-0.18599,-0.19435,-0.20344,-0.21327,-0.2231,-0.23322,-0.24363,-0.25404,-0.26431,-0.27445,-0.28458,-0.2986,-0.31649,-0.33439,-0.35963,-0.3922,-0.42478,-0.45392,-0.47962,-0.50533,-0.52647,-0.54304,-0.55961,-0.57222,-0.58085,-0.58949,-0.59451,-0.59592,-0.59733,-0.59521,-0.58957,-0.58393,-0.57535,-0.56386,-0.55236,-0.5393,-0.52469,-0.51007,-0.49528,-0.48029,-0.46531,-0.45031,-0.4353,-0.42028,-0.40473,-0.38863,-0.37253,-0.35317,-0.33055,-0.30794,-0.27903,-0.24384,-0.20865,-0.17109,-0.13116,-0.091236,-0.052814,-0.015891,0.021036,0.052195,0.077585,0.10297,0.1212,0.13226,0.14331,0.14891,0.14904,0.14917,0.14693,0.14233,0.13773,0.13352,0.12972,0.12591,0.12421,0.12461,0.12501,0.12788,0.13322,0.13856,0.14558,0.15429,0.163,0.17205,0.18144,0.19082,0.19961,0.20778,0.21596,0.22375,0.23115,0.23855,0.24667,0.25551,0.26435,0.2748,0.28686,0.29893,0.31224,0.32682,0.34139,0.35561,0.3695,0.38338,0.39539,0.40551,0.41562,0.42364,0.42955,0.43546,0.44055,0.44484,0.44913,0.45427,0.46027,0.46628,0.47343,0.48174,0.49005,0.49814,0.50601,0.51388,0.5201,0.52466,0.52923,0.53185,0.53252,0.5332,0.53268,0.53095,0.52922,0.52716,0.52476,0.52237,0.51991,0.51738,0.51486,0.512,0.50881,0.50563,0.50183,0.49741,0.49299,0.48355,0.4691,0.45463,0.44429,0.43806,0.43183,0.42537,0.41867,0.41197,0.40518,0.3983,0.39142,0.38744,0.38636,0.38527,0.38024,0.37126,0.36228,0.35115,0.33788,0.32461,0.30884,0.29057,0.27229,0.25332,0.23363,0.21395,0.1965,0.18126,0.16603,0.15487,0.14781,0.14074,0.13742,0.13785,0.13829,0.1404,0.14419,0.14798,0.15128,0.15408,0.15688,0.15819,0.158,0.15781,0.1568,0.15497,0.15314,0.15167,0.15058,0.14948,0.14934,0.15014,0.15094,0.15144,0.15162,0.1518,0.12659,0.075968,0.025332
0,0,0,0,-0.53401,-0.54224,-0.54505,-0.54244,-0.53982,-0.54012,-0.54334,-0.54657,-0.55076,-0.55593,-0.5611,-0.5612,-0.55622,-0.55123,-0.54265,-0.53046,-0.51827,-0.50295,-0.48452,-0.46608,-0.4453,-0.42218,-0.39906,-0.37648,-0.35446,-0.33243,-0.31361,-0.29799,-0.28237,-0.26584,-0.24841,-0.23099,-0.21916,-0.21294,-0.20672,-0.19974,-0.19199,-0.18423,-0.17551,-0.16581,-0.15612,-0.14669,-0.13754,-0.12838,-0.12212,-0.11875,-0.11539,-0.11264,-0.1105,-0.10836,-0.1048,-0.099813,-0.094829,-0.088353,-0.080384,-0.072415,-0.064617,-0.05699,-0.049363,-0.044228,-0.041589,-0.03895,-0.037051,-0.035891,-0.034732,-0.033154,-0.031156,-0.029159,-0.025461,-0.020061,-0.01466,-0.0076356,0.0010137,0.0096643,0.018498,0.027516,0.036533,0.045328,0.053899,0.062471,0.071171,0.079998,0.088824,0.09722,0.10519,0.11316,0.12091,0.12843,0.13596,0.14574,0.15778,0.16982,0.18591,0.20604,0.22618,0.24879,0.27387,0.29896,0.32435,0.35002,0.3757,0.40176,0.42821,0.45466,0.47818,0.49877,0.51935,0.53968,0.55976,0.57985,0.59865,0.61615,0.63365,0.65195,0.67104,0.69013,0.70075,0.70289,0.70502,0.70266,0.69578,0.68891,0.6806,0.67086,0.66111,0.64355,0.61815,0.59275,0.56356,0.53059,0.49761,0.46332,0.42772,0.39211,0.35749,0.32386,0.29024,0.25816,0.22763,0.1971,0.17012,0.1467,0.12328,0.10194,0.082676,0.063412,0.045807,0.029868,0.013932,0.00065084,-0.0099744,-0.020602,-0.026761,-0.028448,-0.030135,-0.029678,-0.027076,-0.024472,-0.019394,-0.012998,-0.0079471,-0.0042954,-0.0022594,-0.00080501,0.00027017,0.00066809,-0.00028015,-0.0032997,-0.0090121,-0.018135,-0.031616,-0.05047,-0.075388,-0.10515,-0.13512,-0.15949,-0.17443,-0.17847,-0.17299,-0.16276,-0.15431,-0.1523,-0.15715,-0.16518,-0.17057,-0.16957,-0.16416,-0.16037,-0.16186,-0.16245,-0.1481,-0.11791,-0.083364,-0.053244,-0.033224,-0.023099,-0.010028,0,0,0,0,0,0,0,0,0,-0.12348,-0.13911,-0.1614,-0.18121,-0.19274,-0.19048,-0.16746,-0.12177,-0.13528,-0.28139,-0.45392,-0.55107,-0.60486,-0.64065,-0.66219,-0.68389,-0.70284,-0.69718,-0.64642,-0.55771,-0.46065,-0.38309,-0.34152,-0.33209,-0.3317,-0.31636,-0.27837,-0.22427,-0.17294,-0.13355,-0.10011,-0.061535,0,0,0,0,0,0,0,0,0,0,0,0,0,0,0,0,0,0,0,0,0,0,0,0,0,0,0,-0.0042286,-0.0038804,-0.0048882,-0.021919,-0.032844,-0.046816,-0.059914,-0.07115,-0.081399,-0.093772,-0.10415,-0.099725,-0.083637,-0.066559,-0.026096,0,0,0,0,0,0,0,0,0,0,-0.067792,-0.090403,-0.12417,-0.1453,-0.13389,-0.10486,-0.069936,-0.040336,-0.019162,0,0,0,0,0,0,0,0,0,0.013588,0.01121,0.0070761,0.0047019,0.0050184,0.0084231,0.013574,0.015106,0,0,0,0,0,0,0,0,0,0,0,0,0,0,-0.015886,-0.056905,-0.067724,-0.066597,-0.065468,0,0,0,0,0,0,0,-0.092899,-0.14538,-0.17493,-0.18153,-0.18812,-0.19578,-0.20453,-0.21328,-0.22259,-0.23247,-0.24235,-0.25263,-0.26329,-0.27396,-0.2845,-0.2949,-0.30531,-0.31949,-0.33746,-0.35543,-0.37972,-0.41034,-0.44097,-0.4679,-0.49113,-0.51438,-0.53355,-0.54864,-0.56374,-0.57552,-0.58397,-0.59241,-0.59754,-0.59934,-0.60114,-0.59948,-0.59438,-0.58927,-0.58116,-0.57003,-0.5589,-0.54611,-0.53165,-0.51718,-0.50267,-0.48811,-0.47355,-0.45912,-0.44484,-0.43055,-0.41599,-0.40116,-0.38632,-0.36779,-0.34557,-0.32334,-0.29461,-0.25939,-0.22416,-0.1859,-0.14461,-0.10333,-0.063387,-0.024784,0.013826,0.046575,0.073456,0.10033,0.11978,0.13179,0.1438,0.15008,0.15064,0.15119,0.14931,0.14501,0.1407,0.1369,0.13361,0.13033,0.12921,0.13025,0.1313,0.13476,0.14062,0.14649,0.15393,0.16295,0.17197,0.18132,0.191,0.20069,0.20992,0.21871,0.22749,0.23604,0.24436,0.25269,0.26169,0.27136,0.28104,0.29203,0.30432,0.31662,0.3297,0.34359,0.35747,0.37065,0.38313,0.39561,0.40617,0.41481,0.42345,0.43026,0.43526,0.44026,0.44488,0.44912,0.45337,0.4588,0.46543,0.47205,0.47986,0.48884,0.49783,0.50635,0.51441,0.52247,0.52857,0.53271,0.53685,0.53885,0.53872,0.53859,0.53732,0.53489,0.53246,0.52994,0.52734,0.52473,0.5223,0.52004,0.51779,0.51531,0.51261,0.5099,0.50574,0.50012,0.4945,0.48524,0.47231,0.45939,0.44992,0.4439,0.43788,0.4317,0.42536,0.41902,0.41256,0.40596,0.39937,0.3955,0.39435,0.39321,0.38776,0.37799,0.36823,0.35606,0.3415,0.32694,0.31002,0.29071,0.27141,0.25181,0.23192,0.21204,0.19473,0.17999,0.16526,0.15466,0.14822,0.14177,0.1389,0.1396,0.1403,0.1425,0.1462,0.1499,0.15302,0.15556,0.1581,0.15915,0.1587,0.15825,0.15698,0.15487,0.15277,0.15104,0.14969,0.14835,0.14795,0.14849,0.14904,0.14946,0.14977,0.15007,0.1252,0.075133,0.025054
0,0,0,0,-0.53011,-0.53773,-0.54214,-0.54336,-0.54457,-0.54675,-0.54991,-0.55306,-0.55766,-0.56369,-0.56973,-0.57099,-0.5675,-0.564,-0.55519,-0.54109,-0.52699,-0.51022,-0.49077,-0.47131,-0.44876,-0.42311,-0.39746,-0.37427,-0.35354,-0.3328,-0.31389,-0.2968,-0.27971,-0.26345,-0.24802,-0.2326,-0.22117,-0.21374,-0.20631,-0.19816,-0.18928,-0.18041,-0.17139,-0.16221,-0.15304,-0.14365,-0.13403,-0.12442,-0.11771,-0.1139,-0.11009,-0.10682,-0.10409,-0.10136,-0.09714,-0.09143,-0.085719,-0.07918,-0.071813,-0.064445,-0.057402,-0.050681,-0.043961,-0.03955,-0.037447,-0.035345,-0.034149,-0.033858,-0.033567,-0.032904,-0.031867,-0.030831,-0.028085,-0.02363,-0.019173,-0.013315,-0.0060562,0.0012041,0.0089704,0.017242,0.025514,0.034085,0.042954,0.051821,0.060879,0.07013,0.079379,0.088202,0.096604,0.10501,0.11291,0.12029,0.12768,0.13673,0.14746,0.15819,0.17235,0.18993,0.20751,0.22812,0.25175,0.27538,0.30039,0.32676,0.35314,0.38002,0.4074,0.43477,0.46048,0.48455,0.5086,0.5311,0.55206,0.57302,0.59343,0.6133,0.63317,0.65312,0.67318,0.69323,0.70604,0.71162,0.71719,0.71728,0.71186,0.70645,0.69959,0.6913,0.683,0.66668,0.64236,0.61803,0.58945,0.55661,0.52377,0.48918,0.45286,0.41655,0.38111,0.34656,0.31201,0.27888,0.24717,0.21547,0.18711,0.16212,0.13713,0.11439,0.093914,0.073437,0.055195,0.039192,0.023191,0.010041,-0.00026164,-0.010562,-0.016973,-0.019497,-0.022018,-0.021873,-0.019062,-0.01625,-0.012257,-0.0054182,0.0011195,0.0048085,0.0069124,0.0084795,0.010242,0.011622,0.011711,0.0097123,0.0050454,-0.0029437,-0.015007,-0.031665,-0.053301,-0.079166,-0.10632,-0.13092,-0.14925,-0.15837,-0.1576,-0.14964,-0.14003,-0.13396,-0.13371,-0.1381,-0.14275,-0.14341,-0.13952,-0.13354,-0.12702,-0.11865,-0.10851,-0.0976,-0.083985,-0.066592,-0.047234,-0.014527,-0.0048436,0,0,0,0,0,0,0,0,0,-0.13688,-0.15647,-0.16708,-0.17111,-0.17357,-0.17285,-0.16571,-0.1721,-0.22206,-0.31655,-0.4274,-0.51693,-0.56922,-0.60236,-0.63881,-0.67702,-0.70026,-0.69048,-0.63614,-0.55121,-0.46374,-0.39633,-0.36016,-0.35036,-0.34791,-0.33375,-0.30014,-0.25268,-0.20175,-0.14838,-0.099645,-0.061996,0,0,0,0,0,0,0,0,0,0,0,0,0,0,0,0,0,0,0,0,0,0,0,0,0,0,0,0,0,0,-0.033956,-0.037689,-0.046301,-0.056835,-0.066118,-0.077581,-0.093843,-0.10804,-0.10492,-0.091055,-0.072965,0,0,0,0,0,0,0,0,0,0,0,-0.030306,-0.091233,-0.13485,-0.16144,-0.15382,-0.12615,-0.089979,-0.056767,-0.031868,0,0,0,0,0,0,0,0,0,0.010398,0.0084321,0.0057441,0.0044811,0.0056999,0.0091643,0.013458,0.015061,0,0,0,0,0,0,0,0,0,0,0,0,0,0,0,-0.064793,-0.076248,-0.073234,-0.070216,-0.031977,-0.025323,0,0,0,0,0,-0.10935,-0.1539,-0.18168,-0.19266,-0.20364,-0.21385,-0.22328,-0.23271,-0.24246,-0.25253,-0.26259,-0.27295,-0.28359,-0.29424,-0.30467,-0.31491,-0.32514,-0.33916,-0.35698,-0.37479,-0.39785,-0.42615,-0.45446,-0.47909,-0.50005,-0.52101,-0.53852,-0.55258,-0.56664,-0.57795,-0.5865,-0.59505,-0.60046,-0.60271,-0.60495,-0.6037,-0.59893,-0.59417,-0.5863,-0.57532,-0.56434,-0.55161,-0.53712,-0.52263,-0.50827,-0.49405,-0.47983,-0.46598,-0.45251,-0.43905,-0.4256,-0.41218,-0.39875,-0.38119,-0.35949,-0.33778,-0.3093,-0.27404,-0.23878,-0.19981,-0.15715,-0.11449,-0.073048,-0.032814,0.0074203,0.041695,0.070007,0.098313,0.11894,0.1319,0.14484,0.15179,0.15273,0.15367,0.15212,0.14809,0.14407,0.14069,0.13796,0.13524,0.13476,0.13652,0.13828,0.14239,0.14884,0.15529,0.16318,0.17251,0.18184,0.19146,0.20136,0.21127,0.22086,0.23013,0.2394,0.2486,0.25774,0.26687,0.27663,0.28702,0.29741,0.30875,0.32105,0.33334,0.34594,0.35886,0.37177,0.38371,0.39469,0.40566,0.41481,0.42213,0.42945,0.43532,0.43975,0.44417,0.44864,0.45315,0.45767,0.46357,0.47086,0.47816,0.48652,0.49594,0.50537,0.51406,0.52202,0.52998,0.53571,0.53922,0.54273,0.54398,0.54298,0.54197,0.53993,0.53685,0.53377,0.53089,0.52821,0.52553,0.52331,0.52156,0.5198,0.51793,0.51595,0.51396,0.50884,0.50058,0.49232,0.48333,0.47361,0.46389,0.4561,0.45023,0.44437,0.43844,0.43244,0.42643,0.42025,0.41387,0.4075,0.40363,0.40226,0.40089,0.39484,0.38412,0.37339,0.3601,0.34424,0.32838,0.31037,0.2902,0.27003,0.25003,0.23018,0.21034,0.19335,0.17922,0.16509,0.15503,0.14902,0.14302,0.14032,0.14092,0.14153,0.14349,0.14681,0.15013,0.15288,0.15506,0.15724,0.15807,0.15754,0.15702,0.1557,0.15358,0.15147,0.14974,0.14839,0.14704,0.14646,0.14664,0.14683,0.14707,0.14736,0.14765,0.12317,0.073914,0.024649
0,0,0,0,-0.52622,-0.53321,-0.53923,-0.54427,-0.54932,-0.55338,-0.55647,-0.55956,-0.56455,-0.57145,-0.57835,-0.58079,-0.57877,-0.57676,-0.56774,-0.55173,-0.53572,-0.51748,-0.49701,-0.47654,-0.45222,-0.42405,-0.39588,-0.37206,-0.35261,-0.33317,-0.31417,-0.29561,-0.27705,-0.26106,-0.24764,-0.23422,-0.22318,-0.21454,-0.20589,-0.19658,-0.18658,-0.17659,-0.16727,-0.15861,-0.14996,-0.1406,-0.13053,-0.12047,-0.1133,-0.10905,-0.1048,-0.10101,-0.097687,-0.094364,-0.089484,-0.083047,-0.07661,-0.070008,-0.063242,-0.056476,-0.050187,-0.044374,-0.038561,-0.034871,-0.033305,-0.03174,-0.031247,-0.031825,-0.032403,-0.032654,-0.032578,-0.032503,-0.03071,-0.027199,-0.023687,-0.018996,-0.013127,-0.0072559,-0.00055631,0.0069698,0.014497,0.022843,0.032009,0.041174,0.050589,0.060262,0.069935,0.079186,0.088019,0.096853,0.1049,0.11215,0.1194,0.12773,0.13715,0.14657,0.15879,0.17382,0.18885,0.20745,0.22963,0.25181,0.27643,0.30352,0.3306,0.35828,0.38658,0.41487,0.44278,0.47032,0.49784,0.52252,0.54436,0.56619,0.58821,0.61044,0.63267,0.65429,0.6753,0.69632,0.71133,0.72034,0.72936,0.73189,0.72794,0.72399,0.71859,0.71173,0.70487,0.68982,0.66656,0.64331,0.61533,0.58263,0.54992,0.51505,0.47801,0.44098,0.40473,0.36925,0.33377,0.2996,0.26672,0.23384,0.20412,0.17754,0.15097,0.12684,0.10516,0.083463,0.064581,0.048515,0.032447,0.019424,0.009449,-0.00052227,-0.007187,-0.010546,-0.013901,-0.014069,-0.011049,-0.0080284,-0.0046936,0.0012057,0.0068258,0.011016,0.014589,0.016157,0.017932,0.020241,0.021869,0.021529,0.018474,0.012168,0.0020294,-0.012198,-0.030757,-0.05356,-0.078907,-0.10373,-0.12448,-0.13749,-0.14047,-0.13454,-0.12406,-0.11415,-0.10853,-0.10831,-0.11128,-0.11366,-0.11303,-0.10854,-0.10016,-0.089926,-0.081382,-0.075759,-0.070319,-0.063607,-0.047386,0,0,0,0,0,0,0,0,0,-0.060036,-0.06208,-0.14007,-0.15691,-0.16533,-0.16749,-0.16764,-0.1687,-0.17878,-0.20977,-0.26505,-0.33594,-0.40809,-0.47684,-0.53467,-0.59086,-0.64682,-0.68112,-0.69385,-0.68065,-0.63249,-0.55782,-0.48048,-0.4196,-0.38176,-0.36387,-0.35452,-0.34257,-0.32043,-0.28804,-0.23956,-0.07686,-0.04735,-0.030218,0,0,0,0,0,0,0,0,0,0,0,0,0,0,0,0,0,0,0,0,0,0,0,0,0,0,0,0,0,0,-0.047031,-0.046313,-0.048847,-0.055962,-0.064007,-0.075151,-0.091556,-0.10602,-0.10477,-0.093348,-0.080447,0,0,0,0,0,0,0,0,0,0,0,0,-0.094285,-0.15063,-0.1828,-0.1785,-0.15196,-0.10902,-0.03174,-0.018712,0,0,0,0,0,0,0,0,0,0.0086582,0.0064323,0.0045866,0.0044384,0.0065938,0.01012,0.013287,0.014408,0,0,0,0,0,0,0,0,0,0,0,0,0,0,0,-0.072683,-0.084773,-0.079871,-0.074965,-0.066819,-0.055432,0,0,0,0,0,-0.12581,-0.16243,-0.18843,-0.2038,-0.21917,-0.23192,-0.24203,-0.25215,-0.26233,-0.27258,-0.28284,-0.29327,-0.30389,-0.31451,-0.32485,-0.33491,-0.34497,-0.35883,-0.37649,-0.39415,-0.41598,-0.44196,-0.46795,-0.49028,-0.50896,-0.52763,-0.54349,-0.55652,-0.56955,-0.58039,-0.58904,-0.5977,-0.60337,-0.60607,-0.60877,-0.60791,-0.60349,-0.59907,-0.59145,-0.58061,-0.56978,-0.55711,-0.54259,-0.52807,-0.51387,-0.49999,-0.48611,-0.47284,-0.46019,-0.44755,-0.43521,-0.42319,-0.41118,-0.39458,-0.3734,-0.35222,-0.32399,-0.28869,-0.25338,-0.21371,-0.16968,-0.12566,-0.082712,-0.040848,0.0010145,0.036818,0.066561,0.096295,0.11811,0.132,0.14589,0.1535,0.15482,0.15615,0.15494,0.15118,0.14743,0.14448,0.14232,0.14016,0.14031,0.14279,0.14526,0.15002,0.15705,0.16408,0.17242,0.18207,0.19172,0.2016,0.21173,0.22185,0.23179,0.24156,0.25132,0.26117,0.27111,0.28105,0.29157,0.30268,0.31378,0.32548,0.33777,0.35006,0.36218,0.37412,0.38607,0.39678,0.40624,0.4157,0.42344,0.42944,0.43545,0.44038,0.44423,0.44809,0.4524,0.45719,0.46197,0.46834,0.4763,0.48426,0.49318,0.50305,0.51292,0.52178,0.52963,0.53749,0.54285,0.54573,0.54861,0.54911,0.54723,0.54535,0.54254,0.53881,0.53507,0.53183,0.52908,0.52633,0.52433,0.52307,0.52181,0.52055,0.51928,0.51802,0.51194,0.50104,0.49013,0.48142,0.4749,0.46838,0.46227,0.45657,0.45087,0.44519,0.43952,0.43385,0.42794,0.42178,0.41563,0.41176,0.41016,0.40856,0.40192,0.39024,0.37856,0.36414,0.34698,0.32982,0.31073,0.28969,0.26866,0.24824,0.22844,0.20864,0.19198,0.17845,0.16493,0.15539,0.14983,0.14427,0.14174,0.14225,0.14276,0.14449,0.14743,0.15037,0.15274,0.15456,0.15637,0.15698,0.15638,0.15578,0.15442,0.1523,0.15017,0.14843,0.14708,0.14573,0.14497,0.1448,0.14462,0.14468,0.14495,0.14523,0.12115,0.072701,0.024245
0,0,0,0,-0.52136,-0.52823,-0.53504,-0.54179,-0.54854,-0.55364,-0.55708,-0.56053,-0.56616,-0.57398,-0.5818,-0.58495,-0.58345,-0.58195,-0.57318,-0.55715,-0.54112,-0.52249,-0.50127,-0.48004,-0.4554,-0.42733,-0.39927,-0.37466,-0.3535,-0.33235,-0.3125,-0.29396,-0.27542,-0.26013,-0.24808,-0.23604,-0.22486,-0.21455,-0.20424,-0.19389,-0.1835,-0.17311,-0.16357,-0.15487,-0.14618,-0.13677,-0.12666,-0.11655,-0.10924,-0.10472,-0.1002,-0.09595,-0.091961,-0.087973,-0.082591,-0.075815,-0.069039,-0.062591,-0.05647,-0.050349,-0.04478,-0.039763,-0.034746,-0.031668,-0.030531,-0.029394,-0.029354,-0.03041,-0.031467,-0.032344,-0.033041,-0.033739,-0.032912,-0.03056,-0.028209,-0.02485,-0.020484,-0.016117,-0.010414,-0.0033797,0.0036542,0.012036,0.021765,0.031496,0.04146,0.051658,0.061857,0.071447,0.080426,0.089408,0.097431,0.10449,0.11155,0.1192,0.12745,0.13571,0.1463,0.15925,0.17219,0.189,0.20966,0.23033,0.25414,0.28109,0.30805,0.33603,0.36504,0.39404,0.42336,0.45298,0.4826,0.50947,0.5336,0.55772,0.5815,0.60495,0.62838,0.6512,0.67339,0.69558,0.71232,0.72362,0.73492,0.73978,0.73822,0.73666,0.7331,0.72755,0.72199,0.70858,0.68732,0.66605,0.63932,0.6071,0.57489,0.54017,0.50293,0.46568,0.4287,0.39198,0.35527,0.3201,0.28649,0.25288,0.22205,0.19399,0.16593,0.1403,0.11709,0.093866,0.073883,0.05714,0.040394,0.027099,0.017262,0.0074254,0.00076464,-0.0027155,-0.0061958,-0.0064313,-0.0034207,-0.00040914,0.0025969,0.0065801,0.011657,0.015991,0.019706,0.022164,0.023624,0.026329,0.029614,0.031534,0.030615,0.026286,0.018258,0.0063516,-0.0097101,-0.030244,-0.054295,-0.079233,-0.10145,-0.1168,-0.12219,-0.11771,-0.10667,-0.093702,-0.083166,-0.077961,-0.078162,-0.081201,-0.083851,-0.083405,-0.078314,-0.069672,-0.060957,-0.055081,-0.051893,-0.048021,-0.034238,0,0,0,0,0,0,0,0,0,-0.11844,-0.12176,-0.13093,-0.14434,-0.15628,-0.16307,-0.16641,-0.17253,-0.19013,-0.22495,-0.27447,-0.32918,-0.38745,-0.45068,-0.52317,-0.59832,-0.65527,-0.68344,-0.68949,-0.67448,-0.62968,-0.5622,-0.48864,-0.42633,-0.38355,-0.35892,-0.3479,-0.34675,-0.34503,-0.32795,-0.27679,0,0,0,0,0,0,0,0,0,0,0,0,0,0,0,0,0,0,0,0,0,0,0,0,0,0,0,0,0,0,0,0,0,-0.056063,-0.055489,-0.053749,-0.055379,-0.062569,-0.073784,-0.088643,-0.10215,-0.10258,-0.092702,-0.082423,0,0,0,0,0,0,0,0,0,0,0,0,-0.10251,-0.17468,-0.21831,-0.21264,-0.17996,-0.059024,0,0,0,0,0,0,0,0,0,0,0,0.0039791,0.0029419,0.0040759,0.004544,0.0078718,0.0052963,0.0066375,0.0063163,0,0,0,0,0,0,0,0,0,0,0,0,0,0,0,-0.079862,-0.093193,-0.0879,-0.082603,-0.075936,-0.067896,-0.034479,-0.035936,-0.042155,-0.048375,-0.058813,-0.14048,-0.17146,-0.19619,-0.21468,-0.23316,-0.24806,-0.25937,-0.27069,-0.28162,-0.29217,-0.30271,-0.31322,-0.3237,-0.33417,-0.34425,-0.35394,-0.36363,-0.3778,-0.39646,-0.41511,-0.43599,-0.45911,-0.48222,-0.50168,-0.51746,-0.53325,-0.54723,-0.55939,-0.57156,-0.58205,-0.59086,-0.59967,-0.60566,-0.60882,-0.61199,-0.61153,-0.60745,-0.60338,-0.59594,-0.58515,-0.57436,-0.56162,-0.54694,-0.53226,-0.51808,-0.50439,-0.4907,-0.47809,-0.46654,-0.455,-0.44373,-0.43274,-0.42174,-0.40592,-0.38526,-0.36459,-0.33656,-0.30113,-0.26569,-0.22534,-0.18007,-0.1348,-0.090556,-0.047349,-0.0041382,0.032897,0.063756,0.094608,0.11737,0.13203,0.1467,0.15493,0.15672,0.15852,0.15778,0.1545,0.15122,0.14887,0.14744,0.14602,0.14697,0.1503,0.15363,0.15913,0.16682,0.17451,0.18333,0.19327,0.20322,0.21331,0.22356,0.2338,0.24395,0.254,0.26405,0.27381,0.2833,0.29278,0.30327,0.31477,0.32626,0.33802,0.35004,0.36206,0.37349,0.38432,0.39514,0.40517,0.41438,0.4236,0.43067,0.43558,0.44049,0.44471,0.44824,0.45177,0.45612,0.46127,0.46643,0.47325,0.48173,0.49021,0.49946,0.50947,0.51949,0.52824,0.53573,0.54322,0.54806,0.55022,0.55239,0.55216,0.54954,0.54691,0.54352,0.53936,0.53521,0.53181,0.52916,0.52651,0.52484,0.52415,0.52346,0.52285,0.52232,0.52178,0.51552,0.50354,0.49156,0.48319,0.47845,0.4737,0.46859,0.46311,0.45762,0.45218,0.44679,0.44139,0.43566,0.42959,0.42352,0.41947,0.41745,0.41543,0.408,0.39515,0.38231,0.36669,0.34829,0.32989,0.30991,0.28834,0.26677,0.24624,0.22673,0.20723,0.191,0.17805,0.16509,0.15595,0.15063,0.14531,0.14276,0.14297,0.1432,0.14449,0.14686,0.14922,0.15112,0.15255,0.15398,0.15442,0.15387,0.15332,0.15212,0.15027,0.14841,0.14687,0.14562,0.14438,0.14363,0.14337,0.14311,0.14281,0.14249,0.14217,0.11835,0.071023,0.023682
0,0,0,0,-0.51553,-0.52278,-0.52957,-0.53591,-0.54225,-0.54753,-0.55175,-0.55597,-0.56248,-0.57127,-0.58007,-0.58349,-0.58153,-0.57957,-0.57151,-0.55735,-0.54319,-0.52525,-0.50354,-0.48182,-0.45829,-0.43296,-0.40763,-0.38204,-0.35619,-0.33034,-0.3089,-0.29186,-0.27482,-0.26066,-0.24936,-0.23806,-0.2262,-0.21378,-0.20136,-0.19011,-0.18004,-0.16997,-0.16029,-0.15099,-0.14169,-0.13217,-0.12243,-0.11269,-0.10552,-0.10091,-0.096305,-0.09164,-0.086914,-0.082187,-0.07646,-0.069734,-0.063007,-0.056927,-0.051494,-0.046062,-0.041179,-0.036847,-0.032516,-0.029941,-0.029123,-0.028306,-0.02847,-0.029615,-0.03076,-0.031974,-0.033256,-0.034538,-0.034691,-0.033715,-0.03274,-0.030877,-0.028127,-0.025377,-0.020605,-0.013809,-0.0070141,0.0016653,0.012228,0.022792,0.033489,0.044319,0.055147,0.064983,0.073828,0.082673,0.090499,0.097307,0.10412,0.11114,0.11838,0.12561,0.13489,0.14622,0.15755,0.17276,0.19185,0.21095,0.2335,0.2595,0.28552,0.31328,0.34278,0.37229,0.40221,0.43254,0.46287,0.49196,0.5198,0.54763,0.5733,0.59681,0.62031,0.64385,0.66744,0.69102,0.70902,0.72145,0.73387,0.74096,0.74272,0.74448,0.74315,0.73875,0.73435,0.72297,0.70461,0.68625,0.6614,0.63004,0.59868,0.56454,0.5276,0.49066,0.45305,0.41478,0.3765,0.34041,0.30649,0.27258,0.2409,0.21146,0.18201,0.15476,0.1297,0.10465,0.083103,0.065071,0.047035,0.033067,0.023174,0.013282,0.0068874,0.0039944,0.0011002,0.0010428,0.0038247,0.0066075,0.0097611,0.013676,0.018175,0.020206,0.02254,0.026488,0.028277,0.030383,0.03434,0.038543,0.04059,0.038785,0.032781,0.022807,0.0086794,-0.01013,-0.033131,-0.057881,-0.080625,-0.096961,-0.10345,-0.099717,-0.088335,-0.073248,-0.05874,-0.048696,-0.045112,-0.047142,-0.051934,-0.055878,-0.055825,-0.050877,-0.043251,-0.036644,-0.033132,-0.028764,-0.020036,0,0,0,0,0,0,0,0,0,-0.10877,-0.10812,-0.10967,-0.12273,-0.14071,-0.15605,-0.16688,-0.17814,-0.1973,-0.22808,-0.26777,-0.31455,-0.37421,-0.44642,-0.527,-0.60198,-0.65176,-0.67137,-0.67337,-0.65765,-0.61498,-0.5499,-0.4777,-0.42114,-0.38216,-0.35613,-0.3483,-0.35738,-0.37036,-0.36243,-0.30458,0,0,0,0,0,0,0,0,0,0,0,0,0,0,0,0,0,0,0,0,0,0,0,0,0,0,0,0,0,0,0,0,0,-0.060404,-0.060919,-0.057086,-0.054863,-0.061666,-0.073305,-0.087025,-0.099143,-0.1011,-0.093073,-0.082752,0,0,0,0,0,0,0,0,0,0,0,0,-0.11593,-0.2068,-0.26606,-0.25708,-0.096756,0,0,0,0,0,0,0,0,0,0,0,0,0,0,0.0043279,0.0048979,0.0086318,0,0,0,0,0,0,0,0,0,0,0,0,0,0,0,0,0,0,-0.041548,-0.048676,-0.09732,-0.093128,-0.088439,-0.083253,-0.078066,-0.081548,-0.093698,-0.10585,-0.12574,-0.15338,-0.18101,-0.20499,-0.2253,-0.24561,-0.26228,-0.27531,-0.28834,-0.30033,-0.31128,-0.32223,-0.33281,-0.34301,-0.3532,-0.36286,-0.37199,-0.38111,-0.39607,-0.41686,-0.43765,-0.4579,-0.4776,-0.49729,-0.51329,-0.52557,-0.53785,-0.54973,-0.56121,-0.57268,-0.58293,-0.59196,-0.60098,-0.60732,-0.61096,-0.6146,-0.61456,-0.61082,-0.60709,-0.59979,-0.58893,-0.57807,-0.56515,-0.55018,-0.5352,-0.52089,-0.50725,-0.49361,-0.48172,-0.47157,-0.46142,-0.45117,-0.44081,-0.43046,-0.4152,-0.39505,-0.37489,-0.347,-0.31136,-0.27571,-0.23469,-0.1883,-0.14191,-0.096586,-0.052315,-0.008041,0.029932,0.0616,0.093259,0.11673,0.132,0.14727,0.15608,0.15843,0.16078,0.16065,0.15805,0.15544,0.15387,0.15335,0.15282,0.15472,0.15905,0.16337,0.16974,0.17816,0.18657,0.19589,0.20612,0.21635,0.22659,0.23685,0.24712,0.25732,0.26745,0.27759,0.28654,0.2943,0.30206,0.31173,0.32329,0.33485,0.34638,0.35787,0.36936,0.37988,0.38944,0.39899,0.40889,0.41912,0.42936,0.4365,0.44054,0.44459,0.44833,0.45178,0.45524,0.45978,0.46541,0.47105,0.47829,0.48714,0.496,0.50536,0.51522,0.52508,0.53345,0.54032,0.54719,0.55132,0.55269,0.55407,0.55314,0.5499,0.54667,0.54288,0.53853,0.53417,0.53081,0.52843,0.52605,0.52485,0.52481,0.52477,0.52484,0.52504,0.52523,0.51958,0.50809,0.49659,0.48864,0.48425,0.47985,0.47505,0.46984,0.46463,0.45944,0.45425,0.44907,0.44341,0.43729,0.43116,0.42678,0.42413,0.42149,0.41306,0.39887,0.38467,0.36777,0.34818,0.32859,0.30791,0.28614,0.26438,0.24401,0.22506,0.2061,0.19042,0.178,0.16558,0.15673,0.15143,0.14614,0.14336,0.14309,0.14283,0.1435,0.1451,0.1467,0.14802,0.14904,0.15007,0.15039,0.15001,0.14963,0.1488,0.1475,0.14621,0.14505,0.14402,0.14299,0.14244,0.14236,0.14228,0.14149,0.13999,0.13849,0.11479,0.068878,0.022961
0,0,0,0,-0.5097,-0.51733,-0.5241,-0.53003,-0.53595,-0.54142,-0.54642,-0.55142,-0.5588,-0.56857,-0.57834,-0.58202,-0.57961,-0.5772,-0.56985,-0.55755,-0.54526,-0.52801,-0.5058,-0.48359,-0.46119,-0.43858,-0.41598,-0.38942,-0.35888,-0.32834,-0.3053,-0.28976,-0.27423,-0.26119,-0.25064,-0.24009,-0.22755,-0.21301,-0.19847,-0.18633,-0.17658,-0.16684,-0.15701,-0.14711,-0.1372,-0.12756,-0.11819,-0.10882,-0.10179,-0.097099,-0.092408,-0.08733,-0.081866,-0.076402,-0.070331,-0.063654,-0.056977,-0.051265,-0.04652,-0.041775,-0.037579,-0.033932,-0.030285,-0.028212,-0.027715,-0.027218,-0.027586,-0.028819,-0.030053,-0.031604,-0.033471,-0.035337,-0.036471,-0.03687,-0.03727,-0.036903,-0.03577,-0.034636,-0.030791,-0.024235,-0.017679,-0.0087026,0.0026936,0.014091,0.02552,0.036981,0.04844,0.058524,0.067232,0.075935,0.083567,0.090127,0.096689,0.10308,0.1093,0.11552,0.12348,0.13319,0.14291,0.15652,0.17404,0.19156,0.21286,0.23792,0.26299,0.29053,0.32054,0.35054,0.38107,0.41211,0.44314,0.47444,0.50599,0.53753,0.56509,0.58866,0.61223,0.6365,0.66147,0.68644,0.70571,0.71927,0.73283,0.74214,0.74722,0.75229,0.7532,0.74996,0.74671,0.73736,0.7219,0.70645,0.68348,0.65298,0.62248,0.58892,0.55228,0.51563,0.47739,0.43756,0.39772,0.3607,0.32649,0.29228,0.25976,0.22892,0.19808,0.16921,0.14232,0.11543,0.092325,0.073,0.053677,0.039037,0.029086,0.019139,0.013011,0.010702,0.0083943,0.008516,0.011069,0.013838,0.017023,0.020361,0.022746,0.023175,0.025537,0.030238,0.033167,0.034346,0.036794,0.041969,0.047155,0.048888,0.045132,0.036411,0.02353,0.006049,-0.01603,-0.040282,-0.06253,-0.078444,-0.084856,-0.081176,-0.069502,-0.053146,-0.035757,-0.021449,-0.01366,-0.013291,-0.018499,-0.025615,-0.030442,-0.030345,-0.025878,-0.020225,-0.016226,-0.014112,-0.013764,0,0,0,0,0,0,0,0,0,-0.094467,-0.083835,-0.083254,-0.099172,-0.12537,-0.15131,-0.17203,-0.18987,-0.21055,-0.23757,-0.26961,-0.31567,-0.37794,-0.45243,-0.53496,-0.60826,-0.65034,-0.65423,-0.64182,-0.6181,-0.57284,-0.51052,-0.45302,-0.41404,-0.38564,-0.36338,-0.3583,-0.37187,-0.38712,-0.3785,-0.31672,0,0,0,0,0,0,0,0,0,0,0,0,0,0,0,0,0,0,0,0,0,0,0,0,0,0,0,0,0,0,0,0,-0.028116,-0.062106,-0.062779,-0.060112,-0.056274,-0.060673,-0.073061,-0.087018,-0.098791,-0.10202,-0.096564,-0.084207,0,0,0,0,0,0,0,0,0,0,0,0,-0.14699,-0.25599,-0.31187,-0.30109,0,0,0,0,0,0,0,0,0,0,0,0,0,0,0,0.0022985,0.0054346,0.0082899,0,0,0,0,0,0,0,0,0,0,0,0,0,0,0,0,0,0,0,0,-0.10674,-0.10365,-0.10094,-0.098611,-0.096279,-0.1009,-0.11247,-0.12405,-0.14198,-0.16627,-0.19056,-0.21378,-0.23593,-0.25807,-0.27651,-0.29125,-0.30598,-0.31903,-0.33039,-0.34175,-0.35239,-0.36232,-0.37224,-0.38148,-0.39004,-0.3986,-0.41434,-0.43726,-0.4602,-0.4798,-0.49608,-0.51236,-0.52489,-0.53368,-0.54246,-0.55224,-0.56302,-0.57381,-0.58382,-0.59305,-0.60229,-0.60897,-0.6131,-0.61722,-0.61758,-0.61419,-0.6108,-0.60364,-0.59271,-0.58178,-0.56868,-0.55341,-0.53814,-0.5237,-0.51011,-0.49652,-0.48535,-0.47659,-0.46784,-0.45861,-0.44889,-0.43917,-0.42449,-0.40484,-0.3852,-0.35745,-0.32158,-0.28571,-0.24403,-0.19653,-0.14903,-0.10261,-0.057273,-0.011941,0.026966,0.059446,0.091917,0.11609,0.13197,0.14784,0.15723,0.16014,0.16304,0.16353,0.16159,0.15966,0.15888,0.15926,0.15963,0.16248,0.1678,0.17312,0.18035,0.18949,0.19863,0.20846,0.21897,0.22948,0.23987,0.25015,0.26043,0.27069,0.28091,0.29114,0.29927,0.30531,0.31135,0.32018,0.33181,0.34344,0.35474,0.36569,0.37665,0.38627,0.39456,0.40284,0.41261,0.42386,0.43511,0.44232,0.4455,0.44868,0.45195,0.45533,0.4587,0.46344,0.46955,0.47566,0.48333,0.49256,0.50179,0.51126,0.52097,0.53068,0.53866,0.54491,0.55116,0.55458,0.55516,0.55574,0.55411,0.55027,0.54642,0.54223,0.53768,0.53314,0.52982,0.52771,0.5256,0.52485,0.52546,0.52607,0.52684,0.52776,0.52868,0.52364,0.51263,0.50162,0.49409,0.49004,0.48599,0.4815,0.47657,0.47164,0.46669,0.46172,0.45674,0.45117,0.44499,0.43881,0.43408,0.43081,0.42755,0.41813,0.40258,0.38702,0.36885,0.34806,0.32728,0.30591,0.28394,0.26198,0.24179,0.22338,0.20497,0.18983,0.17795,0.16608,0.1575,0.15224,0.14697,0.14396,0.14321,0.14246,0.14251,0.14335,0.14418,0.14491,0.14553,0.14615,0.14636,0.14615,0.14595,0.14547,0.14474,0.144,0.14323,0.14241,0.1416,0.14125,0.14135,0.14145,0.14016,0.13748,0.1348,0.11123,0.066745,0.02225
0,0,0,0,-0.50281,-0.50901,-0.51502,-0.52083,-0.52663,-0.53253,-0.53852,-0.54451,-0.55314,-0.56442,-0.5757,-0.57954,-0.57595,-0.57236,-0.56482,-0.55332,-0.54182,-0.52542,-0.50412,-0.48282,-0.46154,-0.44028,-0.41902,-0.39306,-0.36239,-0.33171,-0.30827,-0.29207,-0.27586,-0.2623,-0.25137,-0.24045,-0.22724,-0.21176,-0.19627,-0.18333,-0.17295,-0.16257,-0.15228,-0.14209,-0.1319,-0.12237,-0.11351,-0.10464,-0.097979,-0.093521,-0.089062,-0.083899,-0.078032,-0.072164,-0.065857,-0.059109,-0.052362,-0.046803,-0.042433,-0.038065,-0.034317,-0.031191,-0.028064,-0.0263,-0.025899,-0.025498,-0.025978,-0.027339,-0.0287,-0.030637,-0.03315,-0.035663,-0.037702,-0.039266,-0.040829,-0.04167,-0.041787,-0.041904,-0.03868,-0.032118,-0.025558,-0.016385,-0.0045996,0.0071888,0.01896,0.030711,0.042461,0.052642,0.061254,0.069864,0.077285,0.083517,0.089748,0.095623,0.10114,0.10666,0.11376,0.12245,0.13113,0.14352,0.1596,0.17568,0.1956,0.21937,0.24314,0.2699,0.29964,0.32938,0.35998,0.39142,0.42286,0.45548,0.48927,0.52306,0.55268,0.57811,0.60354,0.62896,0.65438,0.6798,0.70055,0.71662,0.73269,0.74448,0.75198,0.75949,0.7616,0.7583,0.75501,0.74721,0.73489,0.72256,0.70167,0.67219,0.64271,0.61021,0.57468,0.53915,0.50104,0.46037,0.4197,0.382,0.34724,0.31248,0.27901,0.24682,0.21464,0.18446,0.15628,0.12811,0.10363,0.082845,0.06207,0.046427,0.035922,0.025422,0.01906,0.01684,0.014621,0.014725,0.017153,0.019796,0.021783,0.023416,0.024998,0.025843,0.029916,0.035982,0.039408,0.040529,0.040356,0.043212,0.049823,0.054802,0.053906,0.046417,0.034304,0.017996,-0.0030922,-0.02648,-0.047302,-0.061624,-0.067019,-0.062863,-0.050869,-0.033776,-0.014481,0.0031671,0.014944,0.018443,0.014305,0.0058275,-0.0025394,-0.0072308,-0.0073019,-0.0046252,-0.0024537,-0.0037111,-0.0077291,-0.0043093,-0.0023357,-0.00064518,0,0,0,0,0,-0.042252,-0.077782,-0.059592,-0.05955,-0.080791,-0.11553,-0.15231,-0.18397,-0.21035,-0.23522,-0.26163,-0.28942,-0.3331,-0.39042,-0.45573,-0.53237,-0.60252,-0.63709,-0.62706,-0.59837,-0.5638,-0.51622,-0.46376,-0.42743,-0.40487,-0.39059,-0.3825,-0.37922,-0.38332,-0.38355,-0.36458,-0.30873,-0.10804,0,0,0,0,0,0,0,0,0,0,0,0,0,0,0,0,0,0,0,0,0,0,0,0,0,0,0,0,0,0,0,-0.059396,-0.062666,-0.062278,-0.061196,-0.057837,-0.060393,-0.072625,-0.086789,-0.098541,-0.1031,-0.10072,-0.087315,0,0,0,0,0,0,0,0,0,0,0,0,-0.18852,-0.29215,-0.3366,-0.3226,0,0,0,0,0,0,0,0,0,0,0,0,0,0,0,0,0.0056878,0.0070649,0,0,0,0,0,0,0,0,0,0,0,0,0,0,0,0,0,0,0,0,-0.11648,-0.11468,-0.11396,-0.11429,-0.11463,-0.12054,-0.13203,-0.14351,-0.16017,-0.182,-0.20384,-0.22599,-0.24846,-0.27093,-0.29007,-0.30587,-0.32167,-0.3354,-0.34705,-0.3587,-0.36931,-0.37889,-0.38847,-0.39721,-0.40513,-0.41304,-0.42869,-0.45207,-0.47545,-0.49397,-0.5076,-0.52124,-0.53158,-0.53863,-0.54567,-0.55436,-0.56468,-0.57501,-0.58488,-0.59429,-0.60371,-0.61068,-0.6152,-0.61972,-0.62042,-0.61731,-0.6142,-0.60703,-0.5958,-0.58457,-0.57118,-0.55564,-0.54009,-0.5255,-0.51187,-0.49824,-0.48744,-0.47946,-0.47147,-0.46284,-0.45357,-0.44429,-0.42999,-0.41069,-0.39138,-0.36373,-0.32773,-0.29173,-0.24965,-0.20149,-0.15334,-0.10634,-0.060499,-0.014665,0.024685,0.057551,0.090421,0.11503,0.13139,0.14775,0.15775,0.16137,0.16499,0.16631,0.16532,0.16433,0.16459,0.16608,0.16758,0.17154,0.17798,0.18442,0.19259,0.2025,0.21241,0.22274,0.23351,0.24427,0.25476,0.26495,0.27515,0.28477,0.29381,0.30285,0.31034,0.31628,0.32222,0.3309,0.34231,0.35373,0.36462,0.37499,0.38535,0.39418,0.40147,0.40876,0.41746,0.42759,0.43771,0.44399,0.44641,0.44882,0.45238,0.45709,0.46179,0.46733,0.47371,0.48008,0.4879,0.49717,0.50644,0.51573,0.52503,0.53434,0.54176,0.54731,0.55285,0.55556,0.55544,0.55532,0.55314,0.54892,0.54469,0.54034,0.53587,0.53139,0.52833,0.52667,0.52501,0.5248,0.52605,0.52729,0.52867,0.53019,0.53171,0.52718,0.5166,0.50602,0.4989,0.49523,0.49157,0.4874,0.48273,0.47805,0.47326,0.46835,0.46344,0.45834,0.45304,0.44774,0.44248,0.43727,0.43206,0.42102,0.40414,0.38726,0.36798,0.3463,0.32462,0.30285,0.281,0.25914,0.23936,0.22165,0.20394,0.18939,0.17799,0.16658,0.15819,0.15281,0.14744,0.14406,0.14269,0.14131,0.14066,0.14073,0.1408,0.14097,0.14122,0.14147,0.14162,0.14166,0.14171,0.14164,0.14145,0.14127,0.14096,0.14053,0.14009,0.13992,0.14001,0.1401,0.13869,0.13578,0.13287,0.10952,0.065721,0.021912
0,0,0,0,-0.49486,-0.49784,-0.50232,-0.50831,-0.51429,-0.52087,-0.52806,-0.53525,-0.5455,-0.55882,-0.57214,-0.57605,-0.57056,-0.56506,-0.55642,-0.54465,-0.53287,-0.51748,-0.49849,-0.4795,-0.45935,-0.43804,-0.41673,-0.39296,-0.36671,-0.34046,-0.31782,-0.29876,-0.27972,-0.26398,-0.25155,-0.23913,-0.22529,-0.21002,-0.19474,-0.18112,-0.16915,-0.15717,-0.14611,-0.13595,-0.1258,-0.1166,-0.10838,-0.10015,-0.094081,-0.090174,-0.086267,-0.081346,-0.07541,-0.069473,-0.063037,-0.0561,-0.049162,-0.04354,-0.039235,-0.034931,-0.031394,-0.028624,-0.025855,-0.024205,-0.023676,-0.023147,-0.023646,-0.025173,-0.026699,-0.029074,-0.032295,-0.035516,-0.038385,-0.040901,-0.043418,-0.045176,-0.046178,-0.047179,-0.044274,-0.037463,-0.030654,-0.021383,-0.0096471,0.0020879,0.013806,0.025506,0.037205,0.047336,0.055898,0.06446,0.071651,0.077474,0.083295,0.08877,0.0939,0.099028,0.10572,0.11398,0.12223,0.13375,0.14852,0.16329,0.18174,0.20385,0.22597,0.25138,0.28009,0.30881,0.33894,0.37049,0.40204,0.4351,0.46967,0.50424,0.53607,0.56515,0.59423,0.62123,0.64615,0.67108,0.69352,0.71348,0.73345,0.74796,0.75702,0.76607,0.76833,0.76379,0.75926,0.75251,0.74356,0.73461,0.71598,0.68768,0.65938,0.62842,0.59482,0.56121,0.52401,0.48323,0.44245,0.40429,0.36873,0.33317,0.29864,0.26516,0.23168,0.20048,0.17157,0.14266,0.11701,0.094613,0.072215,0.055237,0.043682,0.032126,0.025034,0.022408,0.019782,0.019671,0.022076,0.024482,0.025038,0.02695,0.030046,0.031455,0.035193,0.041284,0.045091,0.045677,0.045179,0.045383,0.049231,0.054681,0.056153,0.051188,0.040787,0.025784,0.0059854,-0.015835,-0.034543,-0.046669,-0.046875,-0.033943,-0.015901,0.0032321,0.022103,0.03256,0.039895,0.046562,0.044478,0.036343,0.026305,0.018007,0.013299,0.011551,0.0099595,0.0059083,-0.00040018,-0.0045275,-0.0026429,0.00048782,0.00062558,0,0,0,-0.02294,-0.077075,-0.054879,-0.036712,-0.039565,-0.066838,-0.11035,-0.15834,-0.20141,-0.23684,-0.267,-0.29414,-0.31867,-0.35671,-0.40306,-0.45434,-0.52309,-0.58682,-0.61113,-0.59067,-0.55095,-0.51095,-0.47294,-0.43525,-0.40615,-0.39184,-0.39879,-0.41409,-0.41138,-0.38894,-0.35608,-0.32163,-0.27923,-0.21112,0,0,0,0,0,0,0,0,0,0,0,0,0,0,0,0,0,0,0,0,0,0,0,0,0,0,0,0,0,0,0,-0.065812,-0.063107,-0.059718,-0.05843,-0.057237,-0.059726,-0.070867,-0.082792,-0.093192,-0.10214,-0.10314,-0.094825,0,0,0,0,0,0,0,0,0,0,0,0,-0.25321,-0.31442,-0.33778,-0.32013,0,0,0,0,0,0,0,0,0,0,0,0,0,0,0,0,0.0054189,0.0031354,0,0,0,0,0,0,0,0,0,0,0,0,0,0,0,0,0,0,0,0,-0.12655,-0.12623,-0.12748,-0.1303,-0.13312,-0.14047,-0.15236,-0.16424,-0.18032,-0.20057,-0.22083,-0.24161,-0.26291,-0.28421,-0.30297,-0.31919,-0.3354,-0.34943,-0.36125,-0.37307,-0.38356,-0.39273,-0.4019,-0.41007,-0.41726,-0.42445,-0.43912,-0.46128,-0.48343,-0.5004,-0.51217,-0.52394,-0.53336,-0.54043,-0.5475,-0.55608,-0.56619,-0.5763,-0.58613,-0.59568,-0.60523,-0.61242,-0.61726,-0.6221,-0.62307,-0.62018,-0.61729,-0.60996,-0.5982,-0.58643,-0.57265,-0.55685,-0.54104,-0.52627,-0.51252,-0.49878,-0.48799,-0.48016,-0.47233,-0.46389,-0.45485,-0.44581,-0.43173,-0.41259,-0.39346,-0.36587,-0.32981,-0.29375,-0.25154,-0.2032,-0.15485,-0.10778,-0.062,-0.01622,0.023092,0.055932,0.088775,0.11356,0.13028,0.147,0.15762,0.16213,0.16664,0.16901,0.16924,0.16947,0.171,0.17383,0.17666,0.18191,0.18959,0.19727,0.20647,0.21718,0.22789,0.23875,0.24974,0.26073,0.27124,0.28125,0.29127,0.29957,0.30615,0.31273,0.31976,0.32722,0.33469,0.34388,0.35479,0.3657,0.37602,0.38575,0.39547,0.40362,0.41018,0.41674,0.42345,0.43031,0.43717,0.44149,0.44326,0.44502,0.44963,0.45707,0.46452,0.47145,0.47788,0.4843,0.492,0.50098,0.50996,0.51877,0.52742,0.53607,0.54277,0.54751,0.55226,0.55426,0.55353,0.5528,0.55024,0.54586,0.54147,0.53721,0.53307,0.52893,0.52634,0.52531,0.52428,0.5247,0.52657,0.52844,0.53036,0.53234,0.53431,0.5302,0.51999,0.50978,0.50306,0.49982,0.49658,0.49274,0.48831,0.48387,0.47915,0.47416,0.46916,0.46492,0.46144,0.45795,0.45198,0.4435,0.43503,0.42172,0.40356,0.3854,0.36517,0.34288,0.32058,0.29873,0.2773,0.25588,0.23674,0.21987,0.20301,0.18909,0.17809,0.1671,0.15879,0.15317,0.14754,0.14366,0.14151,0.13937,0.13795,0.13726,0.13657,0.13618,0.1361,0.13602,0.13617,0.13654,0.13692,0.13729,0.13765,0.13802,0.13826,0.13836,0.13846,0.13846,0.13834,0.13822,0.13707,0.13488,0.13269,0.10966,0.065803,0.021945
0,0,0,0,-0.4869,-0.48666,-0.48962,-0.49578,-0.50194,-0.50922,-0.5176,-0.52598,-0.53785,-0.55321,-0.56857,-0.57255,-0.56516,-0.55776,-0.54803,-0.53597,-0.52391,-0.50954,-0.49286,-0.47618,-0.45716,-0.4358,-0.41445,-0.39286,-0.37104,-0.34922,-0.32736,-0.30546,-0.28357,-0.26566,-0.25174,-0.23783,-0.22334,-0.20828,-0.19322,-0.1789,-0.16534,-0.15177,-0.13993,-0.12981,-0.11969,-0.11083,-0.10324,-0.095653,-0.090181,-0.086826,-0.083472,-0.078792,-0.072787,-0.066781,-0.060215,-0.053089,-0.045962,-0.040277,-0.036037,-0.031797,-0.02847,-0.026057,-0.023645,-0.02211,-0.021453,-0.020796,-0.021314,-0.023007,-0.024699,-0.02751,-0.03144,-0.035369,-0.039068,-0.042537,-0.046005,-0.048682,-0.050567,-0.052453,-0.049866,-0.042807,-0.035748,-0.026378,-0.014694,-0.0030131,0.0086527,0.020301,0.031949,0.042031,0.050544,0.059054,0.066017,0.07143,0.076842,0.081919,0.086661,0.091402,0.097685,0.10551,0.11334,0.12398,0.13745,0.15091,0.16787,0.18834,0.2088,0.23286,0.26055,0.28823,0.3179,0.34956,0.38121,0.41471,0.45006,0.48541,0.51945,0.55219,0.58492,0.6135,0.63793,0.66235,0.68649,0.71034,0.7342,0.75144,0.76205,0.77265,0.77507,0.76928,0.7635,0.75781,0.75223,0.74665,0.7303,0.70317,0.67603,0.64663,0.61495,0.58327,0.54699,0.5061,0.46521,0.42658,0.39022,0.35386,0.31828,0.2835,0.24872,0.21649,0.18686,0.15722,0.13039,0.10638,0.082365,0.064052,0.051441,0.03883,0.031009,0.027976,0.024943,0.024617,0.026999,0.029382,0.029869,0.031395,0.034351,0.03594,0.036796,0.039947,0.043677,0.045105,0.046933,0.046194,0.045664,0.048386,0.050405,0.048911,0.042199,0.029712,0.011518,-0.0084409,-0.021936,-0.02599,-0.01943,-0.00083824,0.021693,0.043083,0.06108,0.065696,0.06538,0.07006,0.070649,0.064259,0.054346,0.044124,0.035658,0.029258,0.02345,0.016548,0.0090705,0.0040685,0.0029784,0.004836,0.0022565,0,0,0,-0.054303,-0.058239,-0.03067,-0.015232,-0.022961,-0.055808,-0.10716,-0.16535,-0.21941,-0.26374,-0.29857,-0.32662,-0.34881,-0.3837,-0.42116,-0.45659,-0.51393,-0.57047,-0.58827,-0.56109,-0.51556,-0.47496,-0.44635,-0.41665,-0.38612,-0.3798,-0.40372,-0.43037,-0.42655,-0.38465,-0.32359,-0.27051,-0.2333,-0.19391,0,0,0,0,0,0,0,0,0,0,0,0,0,0,0,0,0,0,0,0,0,0,0,0,0,0,0,0,0,0,0,-0.070811,-0.06318,-0.056495,-0.054614,-0.055585,-0.058514,-0.065899,-0.073885,-0.084045,-0.096665,-0.10157,-0.1009,-0.048587,0,0,0,0,0,0,0,0,0,0,0,-0.31696,-0.34232,-0.33443,-0.30661,-0.13571,-0.11019,0,0,0,0,0,0,0,0,0,0,0,0,0,0,0.0044374,0,0,0,0,0,0,0,0,0,0,0,0,0,0,0,0,0,0,0,0,-0.06987,-0.13661,-0.13777,-0.141,-0.14631,-0.15161,-0.16041,-0.17269,-0.18498,-0.20046,-0.21914,-0.23782,-0.25722,-0.27735,-0.29748,-0.31586,-0.3325,-0.34913,-0.36345,-0.37545,-0.38744,-0.39781,-0.40657,-0.41532,-0.42293,-0.4294,-0.43586,-0.44956,-0.47049,-0.49142,-0.50683,-0.51673,-0.52663,-0.53513,-0.54223,-0.54932,-0.55781,-0.56769,-0.57758,-0.58737,-0.59706,-0.60675,-0.61417,-0.61933,-0.62448,-0.62572,-0.62305,-0.62038,-0.6129,-0.60059,-0.58829,-0.57411,-0.55806,-0.542,-0.52704,-0.51318,-0.49932,-0.48854,-0.48086,-0.47318,-0.46494,-0.45614,-0.44734,-0.43346,-0.41449,-0.39553,-0.368,-0.33189,-0.29577,-0.25344,-0.2049,-0.15635,-0.10922,-0.063499,-0.017774,0.021499,0.054319,0.087138,0.11209,0.12918,0.14626,0.15749,0.16289,0.16829,0.17171,0.17316,0.1746,0.17741,0.18157,0.18574,0.19228,0.2012,0.21013,0.22035,0.23186,0.24338,0.25475,0.26597,0.27719,0.28772,0.29755,0.30739,0.31437,0.31849,0.32262,0.32918,0.33817,0.34716,0.35686,0.36727,0.37768,0.38743,0.39651,0.40559,0.41305,0.41889,0.42472,0.42944,0.43304,0.43664,0.43899,0.44011,0.44122,0.44687,0.45706,0.46725,0.47558,0.48205,0.48853,0.49611,0.50479,0.51347,0.52181,0.52981,0.53781,0.54378,0.54772,0.55166,0.55296,0.55162,0.55028,0.54733,0.54279,0.53825,0.53408,0.53027,0.52646,0.52435,0.52395,0.52355,0.52459,0.52709,0.52958,0.53204,0.53448,0.53692,0.53322,0.52339,0.51355,0.50722,0.50441,0.50159,0.49809,0.49389,0.48969,0.48505,0.47996,0.47488,0.4715,0.46983,0.46817,0.46147,0.44973,0.438,0.42241,0.40297,0.38353,0.36236,0.33945,0.31655,0.29461,0.27361,0.25262,0.23411,0.21809,0.20208,0.18878,0.1782,0.16761,0.15939,0.15352,0.14765,0.14326,0.14034,0.13743,0.13524,0.13378,0.13233,0.13139,0.13098,0.13057,0.13071,0.13142,0.13213,0.13294,0.13385,0.13477,0.13555,0.13619,0.13683,0.13699,0.13667,0.13635,0.13545,0.13398,0.1325,0.10981,0.065894,0.021977
0,0,0,0,-0.47757,-0.47473,-0.4763,-0.48228,-0.48825,-0.49591,-0.50527,-0.51462,-0.52726,-0.5432,-0.55915,-0.56359,-0.55652,-0.54945,-0.54021,-0.52879,-0.51737,-0.50398,-0.48861,-0.47323,-0.45535,-0.43495,-0.41456,-0.39442,-0.37455,-0.35467,-0.33336,-0.31063,-0.2879,-0.26863,-0.25282,-0.23702,-0.22156,-0.20646,-0.19135,-0.17653,-0.16201,-0.14749,-0.13482,-0.12401,-0.11319,-0.10398,-0.096387,-0.088789,-0.083461,-0.080402,-0.077344,-0.073055,-0.067534,-0.062013,-0.055876,-0.049121,-0.042366,-0.036875,-0.032648,-0.028422,-0.025208,-0.023008,-0.020809,-0.019386,-0.018742,-0.018098,-0.018751,-0.020702,-0.022653,-0.025876,-0.03037,-0.034865,-0.039115,-0.043121,-0.047126,-0.050134,-0.052145,-0.054155,-0.051794,-0.04506,-0.038327,-0.029271,-0.017892,-0.0065121,0.0048283,0.016131,0.027432,0.037303,0.045745,0.054185,0.061164,0.066678,0.072193,0.077273,0.081919,0.086565,0.092613,0.10006,0.10751,0.11734,0.12954,0.14174,0.15735,0.17637,0.19539,0.21805,0.24434,0.27062,0.2994,0.33067,0.36194,0.39554,0.43146,0.46738,0.50272,0.53748,0.57224,0.60249,0.62825,0.65401,0.6795,0.70472,0.72994,0.74848,0.76031,0.77215,0.77521,0.76949,0.76376,0.75939,0.75638,0.75336,0.7398,0.7157,0.6916,0.66411,0.63322,0.60233,0.56673,0.52639,0.48605,0.44735,0.41029,0.37324,0.33687,0.30119,0.26551,0.23248,0.20212,0.17176,0.14395,0.11869,0.093439,0.073917,0.060128,0.046345,0.037564,0.033783,0.030004,0.029202,0.03138,0.03356,0.03415,0.033568,0.034018,0.034733,0.035485,0.037593,0.039763,0.041534,0.0425,0.041727,0.039465,0.037788,0.038867,0.040124,0.037547,0.028277,0.013586,0.000859,-0.0030231,0.00038202,0.0084128,0.023875,0.043757,0.063834,0.081066,0.08915,0.090188,0.093206,0.094082,0.088407,0.08002,0.069427,0.058521,0.048388,0.038755,0.029093,0.020396,0.014444,0.012181,0.011816,0.0081148,0,0,0,-0.04612,-0.033201,-0.010453,-5.0776e-05,-0.012217,-0.048958,-0.10525,-0.17019,-0.23175,-0.28335,-0.32452,-0.35614,-0.37812,-0.41313,-0.44592,-0.46657,-0.50722,-0.55443,-0.57389,-0.54997,-0.49972,-0.45017,-0.41687,-0.3952,-0.38042,-0.38529,-0.40761,-0.42734,-0.42196,-0.3752,-0.30014,-0.22902,-0.18638,-0.162,0,0,0,0,0,0,0,0,0,0,0,0,0,0,0,0,0,0,0,0,0,0,0,0,0,0,0,0,0,0,0,-0.072269,-0.061567,-0.053373,-0.05109,-0.053636,-0.057873,-0.06087,-0.065,-0.074411,-0.086637,-0.096971,-0.10109,-0.094499,0,0,0,0,0,0,0,0,-0.092241,-0.1355,-0.17367,-0.35578,-0.35871,-0.33188,-0.29027,-0.26046,-0.21169,0,0,0,0,0,0,0,0,0,0,0,0,0,0,0.0018584,0,0,0,0,0,0,0,0,0,0,0,0,0,0,0,0,0,0,0,0,-0.14405,-0.14648,-0.14891,-0.15375,-0.16101,-0.16828,-0.17827,-0.191,-0.20373,-0.21881,-0.23624,-0.25367,-0.27182,-0.2907,-0.30958,-0.32721,-0.34359,-0.35996,-0.37407,-0.38591,-0.39774,-0.40779,-0.41604,-0.42428,-0.43219,-0.43975,-0.4473,-0.46029,-0.47872,-0.49715,-0.51041,-0.51851,-0.52661,-0.53421,-0.5413,-0.5484,-0.55695,-0.56695,-0.57694,-0.58687,-0.59674,-0.60661,-0.61419,-0.61946,-0.62473,-0.62597,-0.62317,-0.62037,-0.61282,-0.6005,-0.58818,-0.574,-0.55794,-0.54189,-0.5269,-0.513,-0.49909,-0.488,-0.47974,-0.47149,-0.46303,-0.45438,-0.44574,-0.43164,-0.41209,-0.39255,-0.36479,-0.32882,-0.29284,-0.25079,-0.2027,-0.1546,-0.10801,-0.062921,-0.017826,0.020982,0.053506,0.08603,0.11101,0.12845,0.14589,0.15782,0.16423,0.17064,0.17527,0.17811,0.18095,0.18518,0.19079,0.19641,0.20428,0.21443,0.22457,0.23527,0.24652,0.25776,0.26903,0.28032,0.29162,0.30201,0.31151,0.32101,0.32756,0.33115,0.33474,0.3412,0.35054,0.35987,0.36938,0.37904,0.38871,0.39767,0.40593,0.41418,0.4209,0.42607,0.43123,0.43481,0.43681,0.4388,0.44026,0.44119,0.44212,0.44762,0.45767,0.46773,0.4766,0.48428,0.49196,0.49987,0.50801,0.51614,0.52382,0.53104,0.53826,0.54347,0.54668,0.54988,0.55061,0.54887,0.54712,0.54402,0.53955,0.53509,0.53119,0.52785,0.5245,0.52293,0.52312,0.52331,0.52488,0.52783,0.53078,0.53361,0.53631,0.53901,0.53634,0.5283,0.52025,0.5149,0.51226,0.50962,0.5062,0.50199,0.49778,0.49295,0.4875,0.48206,0.47813,0.47572,0.47331,0.46517,0.45129,0.43741,0.42031,0.39999,0.37968,0.358,0.33496,0.31193,0.2902,0.26976,0.24934,0.23147,0.21618,0.20088,0.1881,0.17783,0.16756,0.15934,0.15317,0.14699,0.14211,0.1385,0.1349,0.13207,0.13001,0.12796,0.12662,0.12602,0.12541,0.12555,0.12643,0.12731,0.12838,0.12963,0.13088,0.13194,0.13283,0.13371,0.13399,0.13368,0.13336,0.13251,0.13111,0.12972,0.10753,0.064525,0.021515
0,0,0,0,-0.46686,-0.46205,-0.46236,-0.46778,-0.47321,-0.48097,-0.49106,-0.50115,-0.51373,-0.52881,-0.54388,-0.54916,-0.54465,-0.54014,-0.53296,-0.5231,-0.51324,-0.50079,-0.48573,-0.47067,-0.45393,-0.43549,-0.41705,-0.39763,-0.37722,-0.35681,-0.33583,-0.31427,-0.29272,-0.27289,-0.25481,-0.23672,-0.21997,-0.20455,-0.18914,-0.174,-0.15916,-0.14431,-0.13077,-0.11854,-0.1063,-0.09606,-0.087808,-0.079557,-0.073922,-0.070904,-0.067886,-0.064136,-0.059654,-0.055171,-0.050019,-0.044197,-0.038375,-0.033332,-0.029069,-0.024806,-0.021608,-0.019477,-0.017346,-0.016035,-0.015543,-0.015052,-0.015957,-0.018259,-0.020561,-0.02417,-0.029087,-0.034004,-0.038527,-0.042654,-0.046781,-0.049533,-0.050911,-0.052287,-0.050059,-0.044226,-0.038393,-0.030063,-0.019236,-0.0084084,0.0023352,0.012994,0.023653,0.033156,0.041505,0.049854,0.057092,0.063219,0.069346,0.074832,0.079674,0.084518,0.090503,0.097633,0.10476,0.11382,0.12479,0.13576,0.15015,0.16795,0.18576,0.20693,0.23145,0.25597,0.28344,0.31383,0.34423,0.37757,0.41387,0.45017,0.48588,0.52102,0.55616,0.58819,0.61713,0.64607,0.67256,0.69661,0.72067,0.73908,0.75182,0.76457,0.76877,0.76441,0.76006,0.75725,0.75599,0.75473,0.7445,0.72529,0.70608,0.68086,0.64963,0.6184,0.58322,0.5441,0.50498,0.46659,0.42895,0.39131,0.3544,0.31823,0.28207,0.24845,0.21736,0.18627,0.15767,0.13155,0.10543,0.08483,0.069747,0.054666,0.044693,0.039827,0.034963,0.033427,0.03522,0.037015,0.038052,0.03776,0.03762,0.034687,0.032853,0.034739,0.036042,0.036915,0.035539,0.035523,0.032559,0.026535,0.0254,0.02663,0.024574,0.018758,0.014116,0.014681,0.019407,0.024342,0.032196,0.046792,0.064185,0.08113,0.095988,0.1043,0.10886,0.11367,0.1158,0.11095,0.10218,0.092237,0.080174,0.067681,0.055372,0.043671,0.034011,0.027948,0.025177,0.022738,0.016564,0.0016728,-0.005946,-0.0081756,-0.020159,-0.010453,0.0025319,0.0062713,-0.0091329,-0.047081,-0.10447,-0.1714,-0.23547,-0.28992,-0.33587,-0.37423,-0.40228,-0.43861,-0.46626,-0.4736,-0.49656,-0.53417,-0.56028,-0.54947,-0.50027,-0.43975,-0.39894,-0.38788,-0.3916,-0.39951,-0.40907,-0.41476,-0.40478,-0.35778,-0.27623,-0.19829,-0.15159,-0.12364,-0.034848,-0.019448,0,0,0,0,0,0,0,0,0,0,0,0,0,0,0,0,0,0,0,0,0,0,0,0,0,0,0,0,-0.035365,-0.069763,-0.058736,-0.051309,-0.049572,-0.051565,-0.054375,-0.056296,-0.0581,-0.064129,-0.075994,-0.089244,-0.09612,-0.092793,-0.044222,-0.04231,-0.03129,0,0,0,-0.044654,-0.07249,-0.20836,-0.29023,-0.35742,-0.3852,-0.36976,-0.32501,-0.27097,-0.23449,-0.19258,0,0,0,0,0,0,0,0,0,0,0,0,0,0,0,0,0,0,0,0,0,0,0,0,0,0,0,0,0,0,0,0,0,0,0,-0.15268,-0.15616,-0.15964,-0.16573,-0.17442,-0.18312,-0.19407,-0.20729,-0.22051,-0.23537,-0.25187,-0.26837,-0.2854,-0.30296,-0.32051,-0.33701,-0.35245,-0.36789,-0.38128,-0.39263,-0.40398,-0.41348,-0.42114,-0.42879,-0.43785,-0.44831,-0.45877,-0.47133,-0.48598,-0.50064,-0.51114,-0.5175,-0.52385,-0.53058,-0.53767,-0.54476,-0.55352,-0.56395,-0.57438,-0.58464,-0.59473,-0.60482,-0.61247,-0.61766,-0.62286,-0.62382,-0.62055,-0.61727,-0.60973,-0.59792,-0.58611,-0.5723,-0.55651,-0.5407,-0.52586,-0.51197,-0.49809,-0.48637,-0.47681,-0.46726,-0.45818,-0.4496,-0.44101,-0.42627,-0.4054,-0.38452,-0.35625,-0.3206,-0.28495,-0.24361,-0.19661,-0.1496,-0.10415,-0.060265,-0.016375,0.021544,0.053497,0.085451,0.11032,0.12812,0.14591,0.15859,0.16615,0.1737,0.17969,0.18411,0.18852,0.19432,0.20149,0.20867,0.21793,0.22927,0.24061,0.25124,0.26114,0.27105,0.2816,0.29281,0.30401,0.31412,0.32313,0.33214,0.33913,0.34411,0.34909,0.35583,0.36434,0.37285,0.38144,0.39012,0.39879,0.40675,0.414,0.42125,0.42716,0.43172,0.43628,0.43958,0.44162,0.44365,0.44528,0.4465,0.44772,0.45186,0.45891,0.46596,0.47451,0.48456,0.4946,0.50329,0.51063,0.51797,0.52479,0.53111,0.53743,0.54185,0.54438,0.54691,0.54721,0.54527,0.54333,0.54028,0.53613,0.53198,0.52853,0.52579,0.52305,0.52206,0.52281,0.52356,0.52556,0.5288,0.53204,0.53505,0.53783,0.5406,0.53957,0.53473,0.52989,0.52611,0.52339,0.52067,0.51707,0.5126,0.50813,0.50285,0.49678,0.49071,0.48482,0.4791,0.47339,0.46308,0.44817,0.43325,0.41541,0.39462,0.37384,0.3521,0.3294,0.30671,0.2855,0.26577,0.24604,0.22882,0.21412,0.19942,0.18704,0.17699,0.16693,0.15864,0.15211,0.14558,0.14021,0.136,0.13179,0.12844,0.12595,0.12345,0.12187,0.12121,0.12054,0.12066,0.12156,0.12246,0.1236,0.12497,0.12633,0.12744,0.12827,0.1291,0.12946,0.12936,0.12925,0.12823,0.12628,0.12434,0.10281,0.061695,0.010521
0,0,0,0,-0.45615,-0.44937,-0.44842,-0.4533,-0.45817,-0.46603,-0.47686,-0.48769,-0.50021,-0.51441,-0.52861,-0.53473,-0.53279,-0.53083,-0.52571,-0.51741,-0.50911,-0.4976,-0.48285,-0.46811,-0.4525,-0.43603,-0.41955,-0.40084,-0.37989,-0.35895,-0.33829,-0.31791,-0.29753,-0.27715,-0.25679,-0.23642,-0.21837,-0.20265,-0.18692,-0.17148,-0.1563,-0.14113,-0.12672,-0.11306,-0.099413,-0.088134,-0.079229,-0.070324,-0.064382,-0.061405,-0.058428,-0.055217,-0.051773,-0.048328,-0.044161,-0.039272,-0.034384,-0.029789,-0.025489,-0.02119,-0.018009,-0.015947,-0.013884,-0.012684,-0.012345,-0.012007,-0.013164,-0.015817,-0.01847,-0.022465,-0.027804,-0.033144,-0.037937,-0.042186,-0.046434,-0.048931,-0.049675,-0.050418,-0.048323,-0.04339,-0.038457,-0.030853,-0.020579,-0.010303,-0.00015679,0.0098567,0.019872,0.029009,0.037265,0.045522,0.053021,0.059761,0.066501,0.072391,0.07743,0.08247,0.088395,0.095205,0.10201,0.11029,0.12004,0.12978,0.14295,0.15954,0.17613,0.1958,0.21857,0.24133,0.26747,0.297,0.32652,0.35961,0.39628,0.43295,0.46904,0.50456,0.54008,0.57389,0.606,0.63811,0.66561,0.68851,0.71141,0.72968,0.74333,0.75699,0.76232,0.75934,0.75635,0.75511,0.7556,0.7561,0.74919,0.73488,0.72056,0.69761,0.66603,0.63445,0.59971,0.56181,0.52391,0.48584,0.44761,0.40938,0.37193,0.33528,0.29863,0.2644,0.23259,0.20078,0.17139,0.14441,0.11743,0.095744,0.079367,0.062987,0.051824,0.045872,0.039921,0.03765,0.03906,0.04047,0.04174,0.041604,0.040775,0.036488,0.030594,0.029505,0.03099,0.031639,0.029308,0.028177,0.025041,0.017744,0.012847,0.0089712,0.0057907,0.0055722,0.012324,0.022879,0.033766,0.044306,0.054103,0.067261,0.082251,0.096588,0.10855,0.11659,0.12331,0.12776,0.13138,0.13169,0.12285,0.11101,0.098919,0.085645,0.072343,0.059856,0.050041,0.044225,0.040993,0.03648,0.025906,0.0093984,-0.0051371,-0.010339,-0.0062547,0.0015962,0.0074768,0.0051651,-0.012458,-0.049463,-0.10412,-0.16803,-0.23011,-0.28346,-0.3294,-0.37288,-0.41151,-0.44463,-0.47051,-0.47633,-0.48295,-0.51201,-0.54046,-0.54186,-0.50714,-0.45225,-0.41077,-0.39861,-0.40235,-0.40573,-0.40306,-0.3933,-0.3722,-0.32578,-0.25219,-0.182,-0.13306,-0.093707,-0.057884,-0.03396,0,0,0,0,0,0,0,0,0,0,0,0,0,0,0,0,0,0,0,0,0,0,0,0,0,0,0,-0.035693,-0.071231,-0.0658,-0.057082,-0.05178,-0.051206,-0.051822,-0.051471,-0.051173,-0.052547,-0.057166,-0.065953,-0.077855,-0.088119,-0.089985,-0.088798,-0.085942,-0.067433,0,0,0,-0.097332,-0.16611,-0.24025,-0.30699,-0.3584,-0.38074,-0.36577,-0.31561,-0.246,-0.10975,-0.091075,0,0,0,0,0,0,0,0,0,0,0,0,0,0,0,0,0,0,0,0,0,0,0,0,0,0,0,0,0,0,0,0,0,-0.040773,-0.067953,-0.16131,-0.16584,-0.17037,-0.1777,-0.18783,-0.19796,-0.20988,-0.22358,-0.23729,-0.25193,-0.2675,-0.28307,-0.29898,-0.31521,-0.33144,-0.34681,-0.36132,-0.37582,-0.3885,-0.39936,-0.41021,-0.41917,-0.42624,-0.4333,-0.44351,-0.45687,-0.47024,-0.48236,-0.49324,-0.50412,-0.51187,-0.51649,-0.5211,-0.52695,-0.53403,-0.54111,-0.55008,-0.56095,-0.57183,-0.58241,-0.59272,-0.60303,-0.61074,-0.61587,-0.62099,-0.62168,-0.61792,-0.61417,-0.60664,-0.59534,-0.58403,-0.57061,-0.55506,-0.53952,-0.52482,-0.51096,-0.4971,-0.48474,-0.47388,-0.46303,-0.45333,-0.44481,-0.43628,-0.42091,-0.3987,-0.37648,-0.34771,-0.31238,-0.27705,-0.23643,-0.19052,-0.1446,-0.1003,-0.057611,-0.014928,0.022104,0.053484,0.084864,0.10963,0.12778,0.14594,0.15936,0.16807,0.17676,0.18411,0.1901,0.19609,0.20345,0.21219,0.22093,0.23157,0.24411,0.25665,0.26721,0.27577,0.28433,0.29417,0.30529,0.31641,0.32624,0.33475,0.34327,0.35071,0.35707,0.36343,0.37046,0.37814,0.38582,0.3935,0.40119,0.40888,0.41584,0.42208,0.42832,0.43342,0.43738,0.44133,0.44435,0.44643,0.44851,0.4503,0.45181,0.45332,0.4561,0.46015,0.4642,0.47243,0.48484,0.49725,0.50672,0.51325,0.51979,0.52577,0.53118,0.53659,0.54023,0.54209,0.54395,0.54381,0.54167,0.53954,0.53655,0.53271,0.52887,0.52588,0.52374,0.5216,0.52119,0.5225,0.52381,0.52623,0.52977,0.53331,0.5365,0.53934,0.54219,0.54279,0.54116,0.53952,0.5373,0.53451,0.53172,0.52795,0.52321,0.51848,0.51276,0.50606,0.49935,0.4915,0.48248,0.47346,0.46099,0.44504,0.4291,0.4105,0.38925,0.368,0.34619,0.32384,0.3015,0.28081,0.26178,0.24275,0.22618,0.21207,0.19796,0.18598,0.17615,0.16631,0.15794,0.15105,0.14416,0.13831,0.1335,0.12868,0.12481,0.12188,0.11895,0.11712,0.1164,0.11567,0.11577,0.11669,0.11762,0.11882,0.12031,0.12179,0.12293,0.12371,0.12449,0.12493,0.12504,0.12515,0.12395,0.12146,0.11896,0.098103,0.058873,0
0,0,0,0,-0.44425,-0.43761,-0.43633,-0.44042,-0.44451,-0.45274,-0.46512,-0.4775,-0.49028,-0.50345,-0.51663,-0.52359,-0.52433,-0.52507,-0.52141,-0.51334,-0.50528,-0.49397,-0.47941,-0.46485,-0.44984,-0.43438,-0.41891,-0.40089,-0.3803,-0.35971,-0.33944,-0.3195,-0.29956,-0.279,-0.25784,-0.23667,-0.21792,-0.2016,-0.18528,-0.16927,-0.15359,-0.1379,-0.12273,-0.10807,-0.093402,-0.081129,-0.071247,-0.061363,-0.054824,-0.051629,-0.048436,-0.045529,-0.042908,-0.040287,-0.037075,-0.033269,-0.029463,-0.025664,-0.021871,-0.018078,-0.015306,-0.013554,-0.011803,-0.010873,-0.010765,-0.010657,-0.011856,-0.014362,-0.016867,-0.020621,-0.025623,-0.030625,-0.035013,-0.038787,-0.042561,-0.044818,-0.045556,-0.046295,-0.044663,-0.04066,-0.036656,-0.029995,-0.020674,-0.011351,-0.0019845,0.0074246,0.016834,0.025673,0.033938,0.042205,0.04985,0.056872,0.063891,0.070026,0.075275,0.080525,0.086512,0.093238,0.099962,0.10769,0.11641,0.12513,0.13718,0.15256,0.16794,0.18623,0.20745,0.22866,0.25344,0.28178,0.31012,0.34212,0.3778,0.41348,0.44918,0.48492,0.52065,0.55536,0.58906,0.62277,0.65143,0.67504,0.69865,0.71767,0.7321,0.74652,0.75283,0.75103,0.74923,0.74931,0.75128,0.75325,0.74883,0.738,0.72718,0.70669,0.67653,0.64636,0.61277,0.57575,0.53874,0.50101,0.46255,0.4241,0.38658,0.35001,0.31344,0.27915,0.24713,0.21511,0.18528,0.15761,0.12995,0.10727,0.089598,0.071926,0.059529,0.052407,0.045285,0.042188,0.043118,0.043338,0.04285,0.041523,0.039204,0.035652,0.029661,0.026377,0.02654,0.024832,0.023638,0.020783,0.012807,0.0063707,0.00027044,-0.0088922,-0.011447,-0.0048634,0.0070217,0.021712,0.039074,0.057572,0.072222,0.083517,0.094305,0.1061,0.11699,0.12694,0.13536,0.13928,0.14139,0.14482,0.14334,0.13482,0.11859,0.10108,0.08835,0.07642,0.067148,0.061425,0.057427,0.050985,0.038912,0.022973,0.0087701,0.0012999,0.0013433,0.0048933,0.0060723,-0.00050307,-0.019614,-0.054463,-0.10396,-0.16125,-0.21708,-0.26666,-0.31143,-0.35787,-0.39899,-0.42734,-0.45946,-0.4734,-0.47076,-0.49033,-0.51662,-0.5245,-0.50478,-0.46633,-0.43234,-0.41579,-0.41233,-0.40675,-0.38973,-0.36383,-0.33105,-0.28811,-0.23463,-0.18005,-0.12834,-0.079062,-0.040953,-0.024881,-0.01097,0,0,0,0,0,0,0,0,0,0,0,0,0,0,0,0,0,0,0,0,0,0,0,0,0,0,-0.070265,-0.071932,-0.06512,-0.058551,-0.055422,-0.055694,-0.055496,-0.052035,-0.046614,-0.044718,-0.047505,-0.054105,-0.068371,-0.08264,-0.088738,-0.09021,-0.08709,-0.076505,-0.035028,-0.032779,-0.039382,-0.11118,-0.18115,-0.23949,-0.28917,-0.32662,-0.34331,-0.33182,-0.29115,-0.11619,0,0,0,0,0,0,0,0,0,0,0,0,0,0,0,0,0,0,0,0,0,0,0,0,0,0,0,0,0,0,0,0,0,0,0,-0.08284,-0.13806,-0.16837,-0.17375,-0.17914,-0.18754,-0.19895,-0.21037,-0.22303,-0.23695,-0.25087,-0.2652,-0.27995,-0.2947,-0.30958,-0.32459,-0.3396,-0.35385,-0.36734,-0.38082,-0.39265,-0.40282,-0.413,-0.4213,-0.42773,-0.43415,-0.44486,-0.45985,-0.47484,-0.48633,-0.49432,-0.5023,-0.50807,-0.51164,-0.5152,-0.52076,-0.52832,-0.53589,-0.54546,-0.55706,-0.56865,-0.5797,-0.59021,-0.60072,-0.60837,-0.61315,-0.61793,-0.61827,-0.61417,-0.61006,-0.60257,-0.59167,-0.58077,-0.56765,-0.55231,-0.53697,-0.5224,-0.50859,-0.49479,-0.48189,-0.46992,-0.45794,-0.44706,-0.43729,-0.42751,-0.41107,-0.38796,-0.36484,-0.33568,-0.30046,-0.26525,-0.22545,-0.18108,-0.13671,-0.094027,-0.053053,-0.012085,0.023673,0.05422,0.084763,0.10923,0.12761,0.146,0.16008,0.16986,0.17964,0.18868,0.19699,0.20531,0.21456,0.22474,0.23493,0.24627,0.25876,0.27124,0.28195,0.29089,0.29983,0.30979,0.32078,0.33177,0.34127,0.34927,0.35727,0.36458,0.3712,0.37783,0.38453,0.39129,0.39806,0.40478,0.41146,0.41813,0.4241,0.42938,0.43466,0.43902,0.44245,0.44589,0.4487,0.4509,0.4531,0.45513,0.45698,0.45884,0.46104,0.46358,0.46612,0.47328,0.48505,0.49683,0.50632,0.51353,0.52073,0.52666,0.5313,0.53594,0.53893,0.54027,0.54161,0.5412,0.53904,0.53689,0.53411,0.53073,0.52734,0.52486,0.5233,0.52174,0.5218,0.52349,0.52518,0.52784,0.53147,0.5351,0.53828,0.54101,0.54373,0.54501,0.54484,0.54467,0.54311,0.54017,0.53722,0.53317,0.52803,0.52289,0.51657,0.50907,0.50158,0.49223,0.48103,0.46983,0.45588,0.43917,0.42245,0.40348,0.38224,0.361,0.33956,0.31794,0.29631,0.27637,0.25812,0.23987,0.22391,0.21024,0.19657,0.18481,0.17497,0.16512,0.15656,0.14928,0.14201,0.13574,0.13049,0.12524,0.12106,0.11795,0.11485,0.11291,0.11215,0.11138,0.11138,0.11213,0.11288,0.11383,0.11497,0.11611,0.11688,0.11728,0.11767,0.11785,0.11782,0.11779,0.11652,0.114,0.11149,0.091867,0.055134,0
0,0,0,0,-0.43118,-0.42677,-0.42609,-0.42915,-0.43222,-0.44111,-0.45584,-0.47057,-0.48394,-0.49594,-0.50794,-0.51573,-0.51929,-0.52286,-0.52005,-0.51089,-0.50173,-0.4899,-0.4754,-0.4609,-0.44595,-0.43055,-0.41515,-0.39777,-0.37843,-0.35908,-0.33929,-0.31905,-0.29881,-0.27844,-0.25796,-0.23748,-0.21863,-0.20141,-0.1842,-0.1674,-0.15102,-0.13463,-0.11881,-0.10354,-0.088271,-0.075045,-0.063861,-0.052675,-0.045247,-0.041578,-0.037909,-0.03507,-0.03306,-0.031049,-0.028759,-0.026187,-0.023616,-0.020958,-0.018214,-0.015471,-0.013499,-0.012299,-0.0111,-0.0106,-0.0108,-0.011,-0.012031,-0.013892,-0.015753,-0.018637,-0.022544,-0.02645,-0.029755,-0.032458,-0.035162,-0.037194,-0.038556,-0.039918,-0.039078,-0.036035,-0.032991,-0.027486,-0.019518,-0.01155,-0.0031454,0.0056973,0.014541,0.02315,0.031527,0.039905,0.04758,0.054548,0.061516,0.067736,0.073208,0.078681,0.084855,0.091732,0.09861,0.106,0.1139,0.1218,0.13284,0.14701,0.16119,0.17822,0.1981,0.21797,0.24133,0.26817,0.29501,0.32509,0.35842,0.39175,0.42632,0.46209,0.49786,0.5326,0.56632,0.60004,0.63001,0.65621,0.68241,0.70305,0.71811,0.73317,0.74029,0.73949,0.73869,0.73987,0.74302,0.74618,0.7434,0.73468,0.72596,0.70811,0.68111,0.65411,0.62239,0.58593,0.54946,0.51208,0.47378,0.43548,0.39837,0.36242,0.32649,0.29267,0.26097,0.22926,0.19932,0.17115,0.14299,0.11942,0.10045,0.081481,0.067809,0.05943,0.051051,0.047039,0.047395,0.047043,0.047377,0.04418,0.038263,0.033986,0.030549,0.02634,0.021034,0.019165,0.018647,0.011832,0.0017509,-0.0024058,-0.0091584,-0.020793,-0.023039,-0.011777,0.001624,0.01556,0.035874,0.059516,0.079696,0.091715,0.10055,0.11089,0.12379,0.13633,0.14391,0.14725,0.15023,0.15549,0.16127,0.16107,0.14678,0.12883,0.11274,0.098105,0.09024,0.08476,0.075899,0.064758,0.053006,0.037841,0.023202,0.012981,0.0080457,0.0059708,0.0022171,-0.0081784,-0.028792,-0.061191,-0.10437,-0.15341,-0.20117,-0.24463,-0.29003,-0.34012,-0.37929,-0.40915,-0.43906,-0.44627,-0.44686,-0.47004,-0.49657,-0.50546,-0.49211,-0.46908,-0.45086,-0.43782,-0.42678,-0.40666,-0.37107,-0.33019,-0.29109,-0.25637,-0.22234,-0.18111,-0.12825,-0.072891,-0.032081,-0.015508,-0.015623,0,0,0,0,0,0,0,0,0,0,0,0,0,0,0,0,0,0,0,0,0,0,0,0,0,0,-0.07382,-0.074054,-0.068605,-0.06374,-0.06221,-0.062221,-0.060218,-0.053273,-0.042167,-0.033602,-0.031539,-0.040129,-0.058283,-0.076854,-0.088736,-0.092675,-0.089687,-0.082904,-0.076811,-0.075631,-0.089528,-0.12318,-0.17063,-0.21776,-0.25562,-0.28141,-0.28997,-0.27742,-0.24084,0,0,0,0,0,0,0,0,0,0,0,0,0,0,0,0,0,0,0,0,0,0,0,0,0,0,0,0,0,0,0,0,0,0,0,0,-0.085414,-0.14237,-0.17386,-0.1799,-0.18594,-0.19524,-0.20779,-0.22035,-0.23355,-0.2474,-0.26125,-0.27519,-0.28922,-0.30324,-0.3172,-0.3311,-0.345,-0.35814,-0.37052,-0.3829,-0.39374,-0.40304,-0.41235,-0.41987,-0.42561,-0.43135,-0.44189,-0.45724,-0.4726,-0.48325,-0.48921,-0.49517,-0.49975,-0.50295,-0.50615,-0.51202,-0.52056,-0.5291,-0.53967,-0.55226,-0.56486,-0.57651,-0.58721,-0.59791,-0.60534,-0.60951,-0.61367,-0.6136,-0.60928,-0.60497,-0.59751,-0.58691,-0.57632,-0.56343,-0.54825,-0.53307,-0.51861,-0.50488,-0.49116,-0.47784,-0.46491,-0.45198,-0.43936,-0.42703,-0.41471,-0.39675,-0.37317,-0.34958,-0.32014,-0.28484,-0.24954,-0.21069,-0.16831,-0.12592,-0.085348,-0.046592,-0.0078423,0.026256,0.055708,0.085155,0.10912,0.12761,0.1461,0.16074,0.17153,0.18232,0.19341,0.20479,0.21617,0.22763,0.23915,0.25068,0.26203,0.2732,0.28438,0.29548,0.30651,0.31753,0.32845,0.33927,0.35009,0.35923,0.36668,0.37412,0.38073,0.3865,0.39227,0.39804,0.40381,0.40958,0.41528,0.42092,0.42655,0.43155,0.43591,0.44027,0.44395,0.44695,0.44995,0.45264,0.45503,0.45743,0.45976,0.46202,0.46428,0.46667,0.4692,0.47173,0.47706,0.4852,0.49335,0.50209,0.51145,0.5208,0.52747,0.53146,0.53546,0.53794,0.53892,0.53989,0.53938,0.53737,0.53537,0.53297,0.53018,0.52738,0.52548,0.52447,0.52346,0.5239,0.52578,0.52767,0.53037,0.5339,0.53742,0.5404,0.54282,0.54524,0.54623,0.54579,0.54534,0.54353,0.54036,0.53718,0.53275,0.52707,0.52138,0.5143,0.50584,0.49738,0.48701,0.47476,0.4625,0.44776,0.43054,0.41332,0.39434,0.37359,0.35285,0.33221,0.31168,0.29115,0.27219,0.2548,0.23741,0.22202,0.20863,0.19524,0.18351,0.17344,0.16338,0.15449,0.1468,0.1391,0.13249,0.12698,0.12147,0.1172,0.11417,0.11115,0.10924,0.10846,0.10768,0.10748,0.10787,0.10826,0.10862,0.10896,0.1093,0.10931,0.10897,0.10864,0.10821,0.1077,0.10718,0.10592,0.10392,0.10192,0.084102,0.050469,0
0,0,0,0,-0.41811,-0.41593,-0.41585,-0.41789,-0.41992,-0.42948,-0.44656,-0.46364,-0.47759,-0.48843,-0.49926,-0.50787,-0.51425,-0.52064,-0.5187,-0.50844,-0.49818,-0.48583,-0.47139,-0.45695,-0.44206,-0.42673,-0.41139,-0.39467,-0.37656,-0.35845,-0.33913,-0.31859,-0.29805,-0.27788,-0.25808,-0.23828,-0.21933,-0.20122,-0.18311,-0.16552,-0.14844,-0.13136,-0.11489,-0.099015,-0.08314,-0.06896,-0.056473,-0.043988,-0.035672,-0.031527,-0.027384,-0.024612,-0.023212,-0.021812,-0.020444,-0.019106,-0.017769,-0.016252,-0.014558,-0.012863,-0.011692,-0.011044,-0.010397,-0.010327,-0.010835,-0.011343,-0.012205,-0.013422,-0.014639,-0.016653,-0.019464,-0.022277,-0.024498,-0.026129,-0.027761,-0.02957,-0.031555,-0.033541,-0.033492,-0.031408,-0.029325,-0.024976,-0.018362,-0.011748,-0.0043039,0.0039714,0.012248,0.02063,0.029117,0.037607,0.045311,0.052225,0.05914,0.065446,0.071141,0.076837,0.083199,0.090228,0.097257,0.10431,0.11139,0.11847,0.12849,0.14147,0.15445,0.17021,0.18875,0.20728,0.22922,0.25457,0.27991,0.30807,0.33906,0.37005,0.40344,0.43925,0.47506,0.50984,0.54358,0.57732,0.60859,0.63739,0.66618,0.68843,0.70412,0.71981,0.72776,0.72796,0.72815,0.73042,0.73477,0.73911,0.73798,0.73136,0.72474,0.70952,0.68569,0.66186,0.632,0.5961,0.56019,0.52316,0.48501,0.44687,0.41015,0.37485,0.33955,0.3062,0.2748,0.2434,0.21337,0.18469,0.15603,0.13157,0.11131,0.091043,0.076093,0.066453,0.056816,0.05189,0.051673,0.051458,0.052216,0.048779,0.042699,0.038483,0.034186,0.025278,0.017595,0.016683,0.012097,0.0054802,-0.0010488,-0.0087056,-0.018223,-0.026585,-0.024667,-0.012738,0.00052894,0.013536,0.031721,0.054546,0.075339,0.089405,0.10076,0.11226,0.1269,0.1404,0.14702,0.15151,0.15831,0.16949,0.18027,0.18438,0.17737,0.16138,0.14284,0.12902,0.12205,0.11695,0.10555,0.088884,0.075312,0.056943,0.037846,0.026051,0.016928,0.0090071,-0.00070151,-0.015871,-0.039174,-0.070767,-0.10839,-0.14856,-0.18763,-0.22822,-0.27635,-0.32449,-0.35889,-0.38204,-0.39372,-0.39559,-0.41596,-0.45508,-0.48206,-0.48937,-0.48157,-0.4707,-0.46535,-0.45674,-0.43875,-0.40577,-0.35817,-0.30826,-0.26714,-0.24038,-0.21796,-0.18064,-0.12357,-0.064422,-0.022772,-0.0033987,-0.0035103,0,0,0,0,0,0,0,0,0,0,0,0,0,0,0,0,0,0,0,0,0,0,0,0,0,0,-0.089165,-0.081754,-0.075264,-0.072503,-0.072456,-0.071635,-0.066609,-0.055172,-0.038493,-0.023263,-0.016955,-0.024532,-0.043281,-0.067639,-0.0868,-0.096884,-0.096,-0.088961,-0.087553,-0.091811,-0.1059,-0.13098,-0.16222,-0.19452,-0.22212,-0.24071,-0.24302,-0.22179,-0.10486,0,0,0,0,0,0,0,0,0,0,0,0,0,0,0,0,0,0,0,0,0,0,0,0,0,0,0,0,0,0,0,0,0,0,0,0,-0.087992,-0.14666,-0.17935,-0.18605,-0.19274,-0.20293,-0.21663,-0.23033,-0.24407,-0.25785,-0.27164,-0.28518,-0.29848,-0.31178,-0.32482,-0.33761,-0.35039,-0.36242,-0.3737,-0.38497,-0.39482,-0.40326,-0.41169,-0.41843,-0.42349,-0.42855,-0.43893,-0.45464,-0.47035,-0.48017,-0.4841,-0.48804,-0.49142,-0.49426,-0.4971,-0.50328,-0.5128,-0.52232,-0.53387,-0.54747,-0.56107,-0.57332,-0.58421,-0.5951,-0.60232,-0.60587,-0.60941,-0.60892,-0.60439,-0.59986,-0.59245,-0.58216,-0.57186,-0.55921,-0.54418,-0.52916,-0.51482,-0.50118,-0.48754,-0.47378,-0.4599,-0.44603,-0.43165,-0.41678,-0.4019,-0.38243,-0.35838,-0.33432,-0.3046,-0.26921,-0.23382,-0.19593,-0.15553,-0.11513,-0.076665,-0.040131,-0.0035976,0.028845,0.057196,0.085546,0.10902,0.12761,0.14621,0.1614,0.17321,0.185,0.19813,0.21258,0.22704,0.2407,0.25356,0.26642,0.27778,0.28765,0.29751,0.30901,0.32212,0.33524,0.34712,0.35777,0.36841,0.37718,0.38408,0.39098,0.39689,0.4018,0.40672,0.41156,0.41632,0.42109,0.42578,0.43038,0.43498,0.439,0.44244,0.44588,0.44889,0.45144,0.454,0.45658,0.45917,0.46175,0.46438,0.46704,0.46971,0.4723,0.47481,0.47733,0.48084,0.48535,0.48987,0.49787,0.50936,0.52086,0.52828,0.53163,0.53497,0.53695,0.53756,0.53817,0.53756,0.53571,0.53386,0.53184,0.52963,0.52743,0.5261,0.52564,0.52518,0.52599,0.52807,0.53016,0.53291,0.53633,0.53975,0.54252,0.54464,0.54675,0.54745,0.54674,0.54602,0.54395,0.54055,0.53715,0.53233,0.5261,0.51987,0.51203,0.5026,0.49317,0.4818,0.46848,0.45516,0.43964,0.42191,0.40419,0.3852,0.36495,0.3447,0.32485,0.30542,0.28599,0.26801,0.25147,0.23495,0.22013,0.20702,0.19392,0.18222,0.17192,0.16163,0.15242,0.14431,0.13619,0.12925,0.12347,0.1177,0.11334,0.11039,0.10744,0.10557,0.10477,0.10397,0.10358,0.1036,0.10363,0.10341,0.10295,0.10249,0.10173,0.10067,0.099608,0.098578,0.097579,0.09658,0.095332,0.093838,0.092343,0.076337,0.045808,0.007247
0,0,0,0,-0.40757,-0.40449,-0.40424,-0.40681,-0.40938,-0.41983,-0.43814,-0.45645,-0.47088,-0.48144,-0.492,-0.50094,-0.50827,-0.51559,-0.51436,-0.50455,-0.49475,-0.48303,-0.46941,-0.45579,-0.44107,-0.42525,-0.40943,-0.39281,-0.37538,-0.35795,-0.33879,-0.3179,-0.29701,-0.2767,-0.25699,-0.23728,-0.21826,-0.19993,-0.18159,-0.16362,-0.146,-0.12838,-0.11146,-0.095228,-0.078997,-0.064342,-0.051265,-0.038191,-0.029277,-0.024525,-0.019775,-0.016832,-0.015699,-0.014566,-0.013818,-0.013457,-0.013096,-0.012511,-0.011702,-0.010892,-0.010345,-0.010059,-0.0097741,-0.0099102,-0.010468,-0.011025,-0.011613,-0.01223,-0.012847,-0.014057,-0.01586,-0.017664,-0.019003,-0.019877,-0.020752,-0.022196,-0.024209,-0.026222,-0.026583,-0.025293,-0.024002,-0.020739,-0.015504,-0.010269,-0.003892,0.0036279,0.011148,0.01902,0.027242,0.035465,0.042942,0.049669,0.056398,0.062666,0.068472,0.074278,0.08076,0.087917,0.095075,0.10209,0.10897,0.11585,0.12524,0.13713,0.14902,0.16365,0.18103,0.19841,0.2191,0.24311,0.26712,0.29343,0.32205,0.35067,0.38237,0.41715,0.45193,0.4863,0.52026,0.55423,0.58629,0.61642,0.64656,0.67026,0.68754,0.70482,0.71446,0.71644,0.71843,0.72153,0.72573,0.72993,0.72958,0.72466,0.71975,0.70655,0.68506,0.66357,0.63573,0.60156,0.56739,0.5316,0.4942,0.4568,0.42081,0.38622,0.35162,0.31881,0.28781,0.2568,0.22697,0.19833,0.1697,0.14456,0.12289,0.10123,0.085057,0.074387,0.063723,0.057976,0.057148,0.056321,0.054668,0.051415,0.047358,0.042709,0.034837,0.02363,0.016426,0.012162,0.0060245,0.001535,-0.0038577,-0.013601,-0.023409,-0.025594,-0.017419,-0.0057362,0.006091,0.019204,0.034269,0.051313,0.067165,0.080655,0.094461,0.10975,0.12726,0.14204,0.15094,0.15728,0.1649,0.1786,0.1938,0.20238,0.19842,0.18174,0.1662,0.15841,0.15392,0.15102,0.14317,0.12826,0.11602,0.097424,0.071541,0.047699,0.028784,0.015503,-0.00069207,-0.021893,-0.049353,-0.082265,-0.11731,-0.15052,-0.18306,-0.21981,-0.2623,-0.30169,-0.32663,-0.33557,-0.33468,-0.34823,-0.39245,-0.4449,-0.47309,-0.4769,-0.46981,-0.46503,-0.46632,-0.46054,-0.44046,-0.404,-0.35353,-0.30082,-0.26265,-0.24131,-0.21796,-0.17336,-0.11174,-0.052103,-0.0098634,0.010387,0.0072441,0,0,0,0,0,0,0,0,0,0,0,0,0,0,0,0,0,0,0,0,0,0,0,0,0,-0.060786,-0.11247,-0.096174,-0.086285,-0.084432,-0.085939,-0.083834,-0.074324,-0.056171,-0.033374,-0.012915,-0.0024259,-0.0064354,-0.02467,-0.05441,-0.082308,-0.095876,-0.09599,-0.092431,-0.093557,-0.10035,-0.11261,-0.13038,-0.15156,-0.17287,-0.19109,-0.20172,-0.20018,-0.097561,0,0,0,0,0,0,0,0,0,0,0,0,0,0,0,0,0,0,0,0,0,0,0,0,0,0,0,0,0,0,0,0,0,0,0,0,-0.027732,-0.095249,-0.14789,-0.17864,-0.1875,-0.19636,-0.2079,-0.22213,-0.23636,-0.25029,-0.26392,-0.27754,-0.29075,-0.30354,-0.31633,-0.32869,-0.34062,-0.35255,-0.36368,-0.37401,-0.38433,-0.3933,-0.40092,-0.40855,-0.4153,-0.4212,-0.4271,-0.43699,-0.45088,-0.46477,-0.47299,-0.47553,-0.47807,-0.48091,-0.48403,-0.48716,-0.49405,-0.50469,-0.51533,-0.52784,-0.54221,-0.55658,-0.5691,-0.57978,-0.59045,-0.59715,-0.59986,-0.60257,-0.60153,-0.59675,-0.59197,-0.58467,-0.57483,-0.565,-0.55281,-0.53825,-0.5237,-0.50962,-0.496,-0.48239,-0.46809,-0.45312,-0.43814,-0.42203,-0.40477,-0.38752,-0.36631,-0.34114,-0.31598,-0.28586,-0.25079,-0.21571,-0.17906,-0.14084,-0.10261,-0.066201,-0.031611,0.0029791,0.034026,0.061526,0.089024,0.11223,0.13114,0.15005,0.16597,0.17891,0.19185,0.20621,0.22199,0.23777,0.25256,0.26636,0.28016,0.29215,0.30235,0.31255,0.32463,0.3386,0.35257,0.3647,0.37501,0.38532,0.39363,0.39995,0.40626,0.41085,0.41371,0.41657,0.4199,0.42369,0.42747,0.43122,0.43493,0.43863,0.44189,0.44469,0.44749,0.45003,0.45228,0.45454,0.45696,0.45955,0.46213,0.46479,0.46754,0.47029,0.47287,0.47527,0.47767,0.48084,0.48479,0.48874,0.49616,0.50707,0.51798,0.52482,0.52759,0.53037,0.53264,0.53441,0.53618,0.53623,0.53457,0.53291,0.53127,0.52965,0.52804,0.52728,0.52736,0.52744,0.5286,0.53083,0.53306,0.53579,0.53901,0.54223,0.54472,0.54648,0.54825,0.5486,0.54753,0.54646,0.54399,0.54012,0.53625,0.53077,0.5237,0.51662,0.50779,0.4972,0.48661,0.47416,0.45986,0.44557,0.42947,0.41157,0.39367,0.37501,0.35557,0.33613,0.31731,0.29912,0.28093,0.26402,0.2484,0.23278,0.21852,0.20564,0.19275,0.18101,0.17041,0.15981,0.15023,0.14168,0.13314,0.12586,0.11987,0.11388,0.10941,0.10649,0.10356,0.10165,0.10075,0.099862,0.099162,0.098656,0.09815,0.09721,0.095833,0.094457,0.092773,0.090781,0.088788,0.087057,0.085587,0.084119,0.082817,0.081682,0.080549,0.066657,0.040002,0.01334
0,0,0,0,-0.39957,-0.39246,-0.39124,-0.39592,-0.4006,-0.41215,-0.43058,-0.44901,-0.46382,-0.47499,-0.48617,-0.49495,-0.50134,-0.50772,-0.50702,-0.49922,-0.49142,-0.4815,-0.46946,-0.45741,-0.44297,-0.42613,-0.40928,-0.3922,-0.37489,-0.35758,-0.33827,-0.31696,-0.29566,-0.2749,-0.25469,-0.23447,-0.21542,-0.19753,-0.17964,-0.16169,-0.14369,-0.12569,-0.10852,-0.09218,-0.075841,-0.061192,-0.048235,-0.035282,-0.02606,-0.02057,-0.015081,-0.01173,-0.010519,-0.0093074,-0.0088805,-0.0092386,-0.0095973,-0.0097332,-0.0096458,-0.0095585,-0.0094582,-0.0093449,-0.0092315,-0.0093494,-0.0096987,-0.010048,-0.010254,-0.010316,-0.010378,-0.01085,-0.011731,-0.012613,-0.01327,-0.0137,-0.014131,-0.015069,-0.016517,-0.017964,-0.018356,-0.01769,-0.017023,-0.014775,-0.010945,-0.0071151,-0.0019122,0.0046635,0.011239,0.018319,0.0259,0.03348,0.040476,0.046883,0.053289,0.059397,0.065201,0.071006,0.07754,0.084804,0.092068,0.099353,0.10666,0.11396,0.12307,0.13399,0.1449,0.15856,0.17495,0.19134,0.21096,0.23379,0.25663,0.28116,0.30739,0.33363,0.36308,0.39577,0.42846,0.462,0.49639,0.53079,0.5631,0.59332,0.62354,0.64856,0.66838,0.68819,0.70039,0.70496,0.70953,0.71318,0.71591,0.71864,0.7182,0.71459,0.71099,0.69919,0.67921,0.65921,0.63359,0.60233,0.57106,0.53739,0.50133,0.46528,0.43035,0.39652,0.36271,0.33052,0.29998,0.26943,0.24012,0.21207,0.184,0.15838,0.13521,0.11203,0.094705,0.083237,0.071771,0.065297,0.063819,0.06234,0.061023,0.057871,0.052832,0.047427,0.038578,0.028623,0.01805,0.0086475,0.0037894,-0.0011418,-0.0065456,-0.013452,-0.018989,-0.016674,-0.0069233,0.0035611,0.012488,0.023074,0.035374,0.047715,0.058751,0.070917,0.086849,0.1065,0.12634,0.14344,0.1571,0.16458,0.17004,0.18043,0.19417,0.20461,0.20347,0.19128,0.18182,0.18094,0.18291,0.18352,0.17861,0.16921,0.1622,0.14686,0.11616,0.081355,0.049491,0.02524,0.0032806,-0.023984,-0.056181,-0.091088,-0.12545,-0.15614,-0.18705,-0.21422,-0.24043,-0.26606,-0.28287,-0.29101,-0.29684,-0.3224,-0.37526,-0.43309,-0.46404,-0.46286,-0.44851,-0.44187,-0.44581,-0.44486,-0.43134,-0.40187,-0.35489,-0.30442,-0.26994,-0.24715,-0.21254,-0.15734,-0.093622,-0.037101,0.0027159,0.021167,0.018064,0,0,0,0,0,0,0,0,0,0,0,0,0,0,0,0,0,0,0,0,0,0,0,0,0,-0.14729,-0.1351,-0.11244,-0.099799,-0.09868,-0.10061,-0.096995,-0.082079,-0.05667,-0.028272,-0.0036476,0.011421,0.011191,-0.0070085,-0.039411,-0.072425,-0.087271,-0.088999,-0.091661,-0.095776,-0.10203,-0.11087,-0.12242,-0.136,-0.1496,-0.15921,-0.16138,-0.15207,0,0,0,0,0,0,0,0,0,0,0,0,0,0,0,0,0,0,0,0,0,0,0,0,0,0,0,0,0,0,0,0,0,0,0,0,0,-0.06831,-0.10717,-0.14604,-0.17174,-0.18428,-0.19681,-0.21015,-0.22429,-0.23844,-0.25221,-0.2656,-0.27899,-0.29192,-0.30441,-0.31689,-0.3288,-0.34015,-0.35149,-0.36192,-0.37145,-0.38098,-0.38918,-0.39604,-0.40291,-0.41048,-0.41874,-0.427,-0.43608,-0.44597,-0.45587,-0.46171,-0.4635,-0.46528,-0.4682,-0.47226,-0.47632,-0.48431,-0.49623,-0.50815,-0.52156,-0.53647,-0.55137,-0.56386,-0.57392,-0.58398,-0.58983,-0.59148,-0.59313,-0.59142,-0.58636,-0.5813,-0.57416,-0.56494,-0.55572,-0.54423,-0.53046,-0.51669,-0.50299,-0.48936,-0.47572,-0.46079,-0.44456,-0.42832,-0.41048,-0.39102,-0.37156,-0.34837,-0.32147,-0.29457,-0.26393,-0.22957,-0.1952,-0.16008,-0.12422,-0.088354,-0.053959,-0.021033,0.011893,0.041801,0.068693,0.095584,0.11875,0.13819,0.15762,0.17444,0.18865,0.20286,0.21765,0.23301,0.24838,0.26323,0.27756,0.29189,0.30514,0.31731,0.32947,0.34235,0.35593,0.36952,0.38121,0.39102,0.40083,0.40858,0.41427,0.41996,0.42261,0.42223,0.42185,0.42307,0.4259,0.42873,0.43162,0.43457,0.43752,0.44021,0.44266,0.4451,0.44737,0.44947,0.45156,0.4538,0.45618,0.45855,0.461,0.46352,0.46604,0.46839,0.47058,0.47277,0.47708,0.48351,0.48995,0.49696,0.50456,0.51215,0.51708,0.51936,0.52163,0.525,0.52945,0.53391,0.53541,0.53396,0.53251,0.53127,0.53024,0.52922,0.52901,0.52963,0.53025,0.53173,0.53406,0.53639,0.53901,0.54193,0.54486,0.547,0.54836,0.54973,0.54966,0.54817,0.54667,0.54363,0.53906,0.53448,0.52809,0.51987,0.51165,0.50157,0.48962,0.47768,0.46411,0.44891,0.43371,0.41725,0.39952,0.38178,0.36376,0.34545,0.32714,0.30958,0.29277,0.27596,0.26023,0.24556,0.23089,0.2172,0.20447,0.19175,0.17989,0.1689,0.15791,0.14791,0.13892,0.12993,0.12235,0.11618,0.11001,0.10544,0.10246,0.099488,0.097471,0.096412,0.095353,0.094223,0.093023,0.091823,0.090019,0.087611,0.085203,0.082435,0.079307,0.076179,0.073652,0.071727,0.069803,0.06838,0.067456,0.066535,0.055065,0.033046,0.011025
0,0,0,0,-0.39157,-0.38043,-0.37825,-0.38503,-0.39181,-0.40447,-0.42302,-0.44158,-0.45675,-0.46855,-0.48034,-0.48896,-0.49441,-0.49986,-0.49969,-0.4939,-0.4881,-0.47997,-0.4695,-0.45903,-0.44486,-0.427,-0.40913,-0.39159,-0.37439,-0.3572,-0.33774,-0.31603,-0.29431,-0.2731,-0.25239,-0.23167,-0.21259,-0.19513,-0.17768,-0.15976,-0.14138,-0.123,-0.10558,-0.089134,-0.072686,-0.058042,-0.045209,-0.032376,-0.022844,-0.016616,-0.010389,-0.0066292,-0.0053393,-0.0040495,-0.0039435,-0.0050211,-0.006099,-0.0069556,-0.0075902,-0.0082248,-0.0085715,-0.0086301,-0.0086887,-0.0087884,-0.0089292,-0.0090702,-0.0088945,-0.0084019,-0.0079094,-0.0076428,-0.0076028,-0.0075633,-0.0075367,-0.0075228,-0.0075084,-0.0079424,-0.0088252,-0.0097085,-0.010129,-0.010086,-0.010044,-0.0088105,-0.0063858,-0.0039609,6.7202e-05,0.0056987,0.01133,0.017617,0.024558,0.031496,0.038011,0.044096,0.050181,0.056127,0.06193,0.067734,0.074321,0.081691,0.089062,0.096612,0.10434,0.11207,0.1209,0.13084,0.14079,0.15346,0.16887,0.18427,0.2028,0.22447,0.24614,0.26889,0.29274,0.31659,0.3438,0.37439,0.40499,0.4377,0.47252,0.50735,0.53993,0.57023,0.60053,0.62686,0.64921,0.67157,0.68632,0.69347,0.70062,0.70483,0.70608,0.70734,0.70682,0.70452,0.70223,0.69183,0.67335,0.65486,0.63144,0.60309,0.57473,0.54319,0.50848,0.47377,0.43989,0.40684,0.37379,0.34222,0.31214,0.28207,0.25328,0.22579,0.1983,0.17221,0.14752,0.12283,0.10435,0.092088,0.079821,0.072619,0.07049,0.06836,0.067332,0.064442,0.058801,0.052731,0.045373,0.035448,0.023386,0.014194,0.0089969,0.0031421,-0.0036971,-0.0096106,-0.010992,-0.0046437,0.0055739,0.012549,0.016024,0.021146,0.030186,0.042375,0.054789,0.067143,0.083106,0.10337,0.12294,0.13956,0.15376,0.16398,0.17104,0.17899,0.18919,0.19721,0.19743,0.19304,0.19631,0.20631,0.21161,0.20959,0.20723,0.20573,0.20144,0.1831,0.14624,0.1071,0.072136,0.043394,0.013933,-0.020687,-0.056285,-0.0928,-0.12679,-0.1612,-0.19166,-0.20648,-0.21484,-0.22422,-0.23606,-0.25042,-0.26764,-0.30158,-0.35622,-0.41282,-0.44316,-0.44083,-0.42587,-0.41707,-0.41752,-0.41812,-0.41193,-0.39409,-0.3607,-0.32061,-0.28464,-0.24805,-0.1995,-0.13903,-0.07595,-0.02399,0.0098833,0.026508,0.028174,0,0,0,0,0,0,0,0,0,0,0,0,0,0,0,0,0,0,0,0,0,0,0,0,0,-0.18015,-0.15224,-0.12529,-0.11298,-0.11188,-0.11332,-0.10807,-0.089077,-0.059391,-0.027591,0.00078867,0.019834,0.02283,0.0051647,-0.028476,-0.061649,-0.075885,-0.079908,-0.088075,-0.095506,-0.10043,-0.10506,-0.11109,-0.119,-0.12738,-0.13106,-0.1249,-0.063528,0,0,0,0,0,0,0,0,0,0,0,0,0,0,0,0,0,0,0,0,0,0,0,0,0,0,0,0,0,0,0,0,0,0,0,0,-0.04072,-0.093997,-0.11909,-0.14419,-0.16484,-0.18105,-0.19726,-0.10563,-0.22645,-0.24051,-0.25412,-0.26728,-0.28043,-0.2931,-0.30528,-0.31745,-0.32891,-0.33967,-0.35042,-0.36016,-0.36889,-0.37762,-0.38504,-0.39116,-0.39728,-0.40565,-0.41628,-0.4269,-0.43516,-0.44106,-0.44697,-0.45043,-0.45146,-0.45249,-0.4555,-0.4605,-0.46549,-0.47458,-0.48777,-0.50096,-0.51528,-0.53072,-0.54617,-0.55862,-0.56806,-0.5775,-0.58252,-0.5831,-0.58368,-0.58131,-0.57596,-0.57062,-0.56365,-0.55505,-0.54644,-0.53565,-0.52267,-0.50968,-0.49636,-0.48271,-0.46905,-0.45348,-0.43599,-0.4185,-0.39893,-0.37726,-0.35559,-0.33044,-0.3018,-0.27315,-0.242,-0.20834,-0.17468,-0.1411,-0.1076,-0.074095,-0.041715,-0.010454,0.020807,0.049578,0.075862,0.10215,0.12528,0.14524,0.1652,0.18292,0.19839,0.21387,0.22909,0.24404,0.25899,0.27389,0.28876,0.30362,0.31812,0.33226,0.3464,0.36007,0.37327,0.38647,0.39772,0.40703,0.41633,0.42352,0.42859,0.43365,0.43438,0.43075,0.42713,0.42625,0.42812,0.42999,0.43202,0.43421,0.4364,0.43854,0.44063,0.44272,0.44472,0.44665,0.44858,0.45064,0.45281,0.45498,0.45721,0.45949,0.46178,0.46391,0.46588,0.46786,0.47331,0.48224,0.49116,0.49776,0.50205,0.50633,0.50935,0.51113,0.5129,0.51736,0.5245,0.53163,0.53459,0.53335,0.53211,0.53127,0.53083,0.53039,0.53075,0.53191,0.53307,0.53486,0.53729,0.53971,0.54224,0.54486,0.54748,0.54928,0.55024,0.55121,0.55073,0.5488,0.54688,0.54328,0.538,0.53272,0.5254,0.51604,0.50668,0.49535,0.48205,0.46875,0.45405,0.43796,0.42186,0.40503,0.38746,0.36989,0.35252,0.33534,0.31816,0.30185,0.28643,0.271,0.25643,0.24272,0.22901,0.21587,0.20331,0.19074,0.17877,0.16739,0.156,0.14559,0.13616,0.12672,0.11883,0.11248,0.10614,0.10146,0.098437,0.095417,0.093295,0.092069,0.090843,0.089283,0.087389,0.085494,0.082827,0.079388,0.075948,0.072096,0.067832,0.063568,0.060246,0.057867,0.055488,0.053943,0.053231,0.05252,0.043473,0.026088,0.0087016
0,0,0,0,-0.38162,-0.36916,-0.36673,-0.37434,-0.38195,-0.39569,-0.41557,-0.43544,-0.45191,-0.46497,-0.47803,-0.48698,-0.49182,-0.49666,-0.49657,-0.49155,-0.48654,-0.47917,-0.46947,-0.45977,-0.44588,-0.4278,-0.40973,-0.39196,-0.3745,-0.35705,-0.3372,-0.31495,-0.2927,-0.27141,-0.25107,-0.23073,-0.21166,-0.19385,-0.17604,-0.15796,-0.13958,-0.12121,-0.10376,-0.087254,-0.070745,-0.05616,-0.043499,-0.030835,-0.021188,-0.01456,-0.0079311,-0.0037909,-0.0021406,-0.00049059,-0.00040179,-0.0018749,-0.003348,-0.0046704,-0.0058431,-0.0070156,-0.0076333,-0.0076965,-0.0077596,-0.0076844,-0.007471,-0.0072577,-0.0066518,-0.0056534,-0.0046549,-0.0037644,-0.0029825,-0.0022007,-0.0016776,-0.0014127,-0.0011474,-0.0014441,-0.0023039,-0.0031639,-0.0036927,-0.003892,-0.0040918,-0.0034199,-0.0018762,-0.00033231,0.0027583,0.0073963,0.012035,0.017394,0.023473,0.029553,0.035443,0.041141,0.046839,0.05257,0.058334,0.064099,0.070708,0.078164,0.085622,0.093499,0.1018,0.1101,0.11889,0.12817,0.13745,0.14927,0.16363,0.17799,0.19523,0.21533,0.23544,0.25672,0.27917,0.30161,0.32735,0.35639,0.38543,0.41709,0.45138,0.48566,0.51815,0.54883,0.57951,0.60663,0.63019,0.65375,0.66985,0.67846,0.68708,0.69177,0.69254,0.69331,0.69346,0.693,0.69253,0.68374,0.66663,0.64952,0.62765,0.60103,0.57442,0.54475,0.512,0.47926,0.44692,0.41496,0.38301,0.35223,0.32263,0.29303,0.26458,0.23727,0.20997,0.18395,0.15923,0.1345,0.11548,0.10218,0.088875,0.080753,0.077818,0.074883,0.071431,0.068741,0.064782,0.057562,0.049568,0.039728,0.029952,0.021218,0.014766,0.0096776,0.0026458,-0.0028108,-0.002365,0.0070836,0.018767,0.021763,0.016795,0.012596,0.018482,0.035758,0.055884,0.072821,0.088432,0.10505,0.12129,0.13324,0.14245,0.1538,0.16474,0.17422,0.1835,0.19049,0.19537,0.20224,0.21689,0.23133,0.23303,0.22446,0.22253,0.22999,0.22975,0.21068,0.17169,0.12511,0.088757,0.063245,0.033604,-0.0040385,-0.045751,-0.086389,-0.1215,-0.15488,-0.17677,-0.18172,-0.18365,-0.19125,-0.20594,-0.22335,-0.24389,-0.27676,-0.32564,-0.37668,-0.40846,-0.41413,-0.40636,-0.40006,-0.39784,-0.39575,-0.39177,-0.38118,-0.36038,-0.33048,-0.2903,-0.24011,-0.18281,-0.12091,-0.061594,-0.016443,0.0092576,0.023309,0.029328,0,0,0,0,0,0,0,0,0,0,0,0,0,0,0,0,0,0,0,0,0,0,0,0,-0.12626,-0.19938,-0.1608,-0.13569,-0.12559,-0.12362,-0.12386,-0.1157,-0.092079,-0.060907,-0.028355,0.0017978,0.022707,0.026796,0.010084,-0.020028,-0.044109,-0.05409,-0.063613,-0.078507,-0.090893,-0.097145,-0.099233,-0.10079,-0.10402,-0.10755,-0.10798,-0.09706,0,0,0,0,0,0,0,0,0,0,0,0,0,0,0,0,0,0,0,0,0,0,0,0,0,0,0,0,0,0,0,0,0,0,0,0,0,-0.085849,-0.11118,-0.12751,-0.14383,-0.16088,-0.17865,-0.098738,0,-0.22612,-0.23999,-0.25328,-0.26597,-0.27866,-0.29087,-0.3026,-0.31433,-0.32534,-0.33564,-0.34595,-0.35521,-0.36344,-0.37167,-0.37904,-0.38556,-0.39207,-0.40028,-0.41019,-0.4201,-0.42677,-0.43019,-0.43361,-0.43597,-0.43725,-0.43854,-0.44247,-0.44906,-0.45564,-0.46607,-0.48034,-0.49462,-0.50943,-0.52476,-0.5401,-0.55196,-0.56037,-0.56877,-0.57281,-0.57248,-0.57215,-0.56922,-0.5637,-0.55818,-0.55147,-0.54358,-0.53568,-0.52572,-0.5137,-0.50167,-0.48863,-0.47456,-0.46049,-0.44394,-0.42491,-0.40588,-0.38458,-0.361,-0.33743,-0.31077,-0.28102,-0.25127,-0.21999,-0.18716,-0.15434,-0.12206,-0.090332,-0.058609,-0.027811,0.0020609,0.031934,0.059537,0.084872,0.11021,0.13302,0.1533,0.17358,0.1919,0.20827,0.22465,0.24029,0.25521,0.27013,0.28511,0.30014,0.31517,0.33006,0.34479,0.35953,0.37315,0.38565,0.39815,0.4087,0.41731,0.42592,0.43244,0.43688,0.44132,0.44139,0.43709,0.43279,0.43119,0.4323,0.43342,0.43478,0.43638,0.43799,0.43971,0.44155,0.44339,0.4452,0.44697,0.44875,0.45056,0.45241,0.45425,0.45612,0.45802,0.45992,0.46176,0.46353,0.4653,0.4706,0.47941,0.48822,0.49453,0.49835,0.50216,0.50477,0.50617,0.50757,0.51174,0.51868,0.52562,0.52933,0.52979,0.53025,0.53052,0.53059,0.53067,0.53152,0.53315,0.53478,0.53686,0.53939,0.54192,0.54436,0.54669,0.54902,0.55046,0.55102,0.55157,0.55062,0.54816,0.5457,0.54138,0.53519,0.529,0.52061,0.51002,0.49943,0.4869,0.47242,0.45794,0.44236,0.42567,0.40899,0.39208,0.37495,0.35782,0.34127,0.3253,0.30934,0.29429,0.28016,0.26604,0.25254,0.23967,0.2268,0.21417,0.20178,0.1894,0.17736,0.16567,0.15398,0.14322,0.13339,0.12356,0.11534,0.10872,0.1021,0.097162,0.093895,0.090628,0.088187,0.086573,0.084959,0.082882,0.080343,0.077803,0.074395,0.070122,0.065848,0.061177,0.05611,0.051042,0.047114,0.044323,0.041531,0.039824,0.0392,0.038575,0.031889,0.019137,0.0063805
0,0,0,0,-0.36971,-0.35864,-0.35668,-0.36385,-0.37102,-0.3858,-0.4082,-0.4306,-0.44929,-0.46426,-0.47923,-0.489,-0.49356,-0.49813,-0.49767,-0.49219,-0.48672,-0.47911,-0.46936,-0.45961,-0.44601,-0.42854,-0.41107,-0.39329,-0.37521,-0.35713,-0.33663,-0.31373,-0.29082,-0.26982,-0.25074,-0.23165,-0.21264,-0.19369,-0.17473,-0.15627,-0.1383,-0.12032,-0.10307,-0.086547,-0.070024,-0.055543,-0.043101,-0.030659,-0.021092,-0.0144,-0.0077085,-0.0032153,-0.00092219,0.0013702,0.0017449,0.00020059,-0.0013436,-0.0028779,-0.004404,-0.0059302,-0.0066435,-0.0065441,-0.0064443,-0.0060377,-0.0053243,-0.0046107,-0.0035262,-0.002071,-0.0006155,0.00078458,0.0021294,0.0034743,0.0043076,0.0046299,0.0049529,0.0044259,0.0030472,0.0016688,0.000951,0.00089276,0.00083446,0.0013978,0.002584,0.0037704,0.0061609,0.0097558,0.013351,0.017649,0.022649,0.027649,0.032773,0.038017,0.043263,0.048728,0.054414,0.060103,0.066705,0.074226,0.081747,0.090015,0.099033,0.10805,0.11703,0.12596,0.1349,0.14599,0.15925,0.1725,0.18821,0.20638,0.22455,0.24464,0.26667,0.2887,0.31372,0.34176,0.36979,0.40018,0.43294,0.4657,0.49777,0.52912,0.56047,0.58787,0.61131,0.63475,0.65096,0.65993,0.6689,0.67402,0.67529,0.67655,0.67813,0.68002,0.68191,0.67492,0.65905,0.64317,0.62221,0.59618,0.57014,0.54205,0.51191,0.48177,0.45143,0.42089,0.39036,0.36053,0.33142,0.30231,0.27401,0.24653,0.21904,0.19363,0.17032,0.14701,0.12807,0.1135,0.098933,0.089698,0.085804,0.081908,0.078752,0.076239,0.070895,0.06209,0.052831,0.042137,0.0319,0.02197,0.015874,0.014631,0.0095484,0.0035191,0.0052757,0.016352,0.027534,0.026198,0.012626,-0.00028499,0.0029145,0.026538,0.05713,0.081052,0.097469,0.10998,0.11942,0.12507,0.12992,0.14152,0.15768,0.17165,0.182,0.19078,0.20323,0.22,0.23633,0.24444,0.24132,0.23113,0.22715,0.23615,0.24362,0.23333,0.19802,0.14903,0.10747,0.079395,0.052735,0.016374,-0.027413,-0.069007,-0.10259,-0.12659,-0.13995,-0.14636,-0.15504,-0.17211,-0.19524,-0.21781,-0.23649,-0.25604,-0.28511,-0.32463,-0.36206,-0.38367,-0.38988,-0.39204,-0.39169,-0.38628,-0.37846,-0.36838,-0.35291,-0.32518,-0.28032,-0.22451,-0.16474,-0.10254,-0.048463,-0.015224,-0.00024256,0.011316,0.02169,0,0,0,0,0,0,0,0,0,0,0,0,0,0,0,0,0,0,0,0,0,0,0,0,-0.25036,-0.21161,-0.16894,-0.14472,-0.13523,-0.13055,-0.12816,-0.11747,-0.091579,-0.059802,-0.027772,0.00015223,0.019259,0.02268,0.0096185,-0.010442,-0.022602,-0.029477,-0.044287,-0.063225,-0.078477,-0.087808,-0.090951,-0.090433,-0.089361,-0.087695,-0.082663,-0.072155,0,0,0,0,0,0,0,0,0,0,0,0,0,0,0,0,0,0,0,0,0,0,0,0,0,0,0,0,0,0,0,0,0,0,0,-0.0099038,-0.029719,-0.094669,-0.11988,-0.13243,-0.14498,-0.15986,-0.17708,0,0,-0.22328,-0.23687,-0.24967,-0.26167,-0.27368,-0.28525,-0.29638,-0.30752,-0.31808,-0.32808,-0.33807,-0.34708,-0.3551,-0.36312,-0.37117,-0.37922,-0.38728,-0.39437,-0.4005,-0.40662,-0.41091,-0.41336,-0.41582,-0.41832,-0.42087,-0.42342,-0.42911,-0.43794,-0.44677,-0.45877,-0.47395,-0.48912,-0.504,-0.51857,-0.53315,-0.5439,-0.55085,-0.55779,-0.56071,-0.55961,-0.55852,-0.55517,-0.54957,-0.54398,-0.53763,-0.53054,-0.52344,-0.51445,-0.50355,-0.49266,-0.47978,-0.4649,-0.45003,-0.43217,-0.41131,-0.39046,-0.36744,-0.34225,-0.31706,-0.28936,-0.25915,-0.22893,-0.19789,-0.16603,-0.13416,-0.10296,-0.072425,-0.041891,-0.012242,0.016518,0.045279,0.071677,0.095714,0.11975,0.14197,0.16236,0.18276,0.2014,0.21829,0.23518,0.25127,0.26654,0.28181,0.29687,0.31171,0.32655,0.34094,0.3549,0.36886,0.38159,0.39308,0.40456,0.41416,0.42188,0.42959,0.43535,0.43916,0.44296,0.44366,0.44124,0.43882,0.4379,0.43846,0.43902,0.4399,0.44109,0.44228,0.44372,0.44542,0.44712,0.44879,0.45042,0.45205,0.45357,0.45497,0.45636,0.45774,0.45911,0.46047,0.46194,0.46352,0.46509,0.46893,0.47503,0.48112,0.48727,0.49346,0.49966,0.50333,0.50448,0.50564,0.50814,0.51201,0.51587,0.51963,0.52328,0.52694,0.52902,0.52953,0.53005,0.53132,0.53337,0.53541,0.53775,0.54039,0.54302,0.54537,0.54742,0.54946,0.55056,0.55069,0.55082,0.54934,0.54623,0.54313,0.53793,0.53063,0.52332,0.51372,0.50182,0.48992,0.47622,0.46073,0.44524,0.42902,0.41206,0.3951,0.37841,0.36198,0.34555,0.33001,0.31535,0.30069,0.2869,0.27399,0.26109,0.24856,0.23642,0.22427,0.2121,0.1999,0.1877,0.17565,0.16375,0.15184,0.14081,0.13063,0.12046,0.11188,0.10489,0.097904,0.092552,0.088836,0.085119,0.082149,0.079925,0.077701,0.075021,0.071885,0.068749,0.064725,0.059815,0.054905,0.04968,0.044141,0.038603,0.034254,0.031095,0.027935,0.026024,0.025363,0.0247,0.02031,0.012188,0.0040631
0,0,0,0,-0.35781,-0.34812,-0.34664,-0.35336,-0.36009,-0.37591,-0.40083,-0.42576,-0.44667,-0.46355,-0.48043,-0.49102,-0.4953,-0.49959,-0.49877,-0.49283,-0.4869,-0.47904,-0.46925,-0.45946,-0.44614,-0.42928,-0.41242,-0.39463,-0.37592,-0.3572,-0.33606,-0.31251,-0.28894,-0.26824,-0.25041,-0.23259,-0.21362,-0.19352,-0.17342,-0.15459,-0.13701,-0.11943,-0.10238,-0.085839,-0.069303,-0.054924,-0.042704,-0.030485,-0.020998,-0.014241,-0.0074854,-0.0026396,0.00029614,0.003231,0.0038916,0.0022764,0.00066121,-0.0010856,-0.0029649,-0.004844,-0.0056532,-0.0053914,-0.0051289,-0.0043909,-0.0031772,-0.0019635,-0.00040036,0.0015117,0.0034238,0.0053338,0.0072416,0.0091493,0.010293,0.010672,0.011053,0.010295,0.0083979,0.0065012,0.0055942,0.0056764,0.005759,0.0062144,0.0070433,0.0078721,0.0095624,0.012114,0.014666,0.017903,0.021825,0.025747,0.030103,0.034894,0.039685,0.044885,0.050495,0.056105,0.062702,0.070287,0.077873,0.086532,0.096269,0.10601,0.11517,0.12376,0.13234,0.14271,0.15486,0.16701,0.1812,0.19743,0.21366,0.23257,0.25418,0.27578,0.3001,0.32712,0.35414,0.38327,0.4145,0.44574,0.47738,0.5094,0.54143,0.56911,0.59243,0.61575,0.63207,0.6414,0.65072,0.65626,0.65803,0.6598,0.6628,0.66704,0.67128,0.66609,0.65146,0.63682,0.61678,0.59132,0.56586,0.53936,0.51181,0.48428,0.45595,0.42683,0.39771,0.36884,0.34022,0.31159,0.28345,0.25578,0.22811,0.20332,0.18142,0.15953,0.14066,0.12483,0.10899,0.098644,0.093789,0.088933,0.085607,0.080305,0.073574,0.065647,0.054661,0.04317,0.032273,0.023955,0.018075,0.014468,0.010453,0.0075055,0.012001,0.022717,0.031966,0.029025,0.011693,-0.0061087,-0.0059109,0.019073,0.05425,0.082939,0.1011,0.11176,0.11706,0.11752,0.1201,0.13366,0.15591,0.17673,0.19166,0.20357,0.21834,0.23403,0.24291,0.24345,0.24031,0.23553,0.23355,0.23912,0.24836,0.24534,0.21666,0.17217,0.13029,0.098999,0.069859,0.036153,-0.0014542,-0.03959,-0.069666,-0.090431,-0.10606,-0.11785,-0.1315,-0.15486,-0.18803,-0.22069,-0.2384,-0.24102,-0.24639,-0.27038,-0.31039,-0.34963,-0.37697,-0.39359,-0.39705,-0.38624,-0.36908,-0.35448,-0.34067,-0.3124,-0.2632,-0.20365,-0.1429,-0.085701,-0.042739,-0.021817,-0.013253,-0.00060055,0.014998,0,0,0,0,0,0,0,0,0,0,0,0,0,0,0,0,0,0,0,0,0,0,0,-0.13325,-0.24043,-0.21203,-0.18361,-0.15496,-0.13352,-0.12103,-0.11758,-0.11093,-0.087331,-0.029634,-0.013707,-0.00092717,0.0077534,0.013649,0.009816,0.0014372,-0.0038632,-0.011901,-0.028121,-0.045991,-0.061318,-0.072067,-0.07721,-0.077514,-0.073052,-0.065391,-0.0567,-0.049011,0,0,0,0,0,0,0,8.3981e-07,1.1481e-06,1.1392e-06,1.075e-06,0,0,0,0,0,0,0,0,0,0,0,0,0,0,0,0,0,0,0,0,0,0,0,0,-0.020696,-0.062083,-0.10348,-0.12857,-0.13735,-0.14612,-0.15884,-0.1755,0,0,-0.22045,-0.23375,-0.24606,-0.25738,-0.26869,-0.27963,-0.29017,-0.30071,-0.31082,-0.32051,-0.33019,-0.33894,-0.34676,-0.35458,-0.36329,-0.37289,-0.38249,-0.38846,-0.39079,-0.39313,-0.39505,-0.39653,-0.39802,-0.40067,-0.40449,-0.4083,-0.41575,-0.42683,-0.43791,-0.45148,-0.46755,-0.48363,-0.49857,-0.51238,-0.52619,-0.53584,-0.54132,-0.5468,-0.54861,-0.54675,-0.54489,-0.54112,-0.53545,-0.52978,-0.52379,-0.51749,-0.5112,-0.50317,-0.49341,-0.48365,-0.47093,-0.45525,-0.43957,-0.4204,-0.39772,-0.37503,-0.3503,-0.3235,-0.2967,-0.26796,-0.23727,-0.20659,-0.1758,-0.14489,-0.11399,-0.083862,-0.054518,-0.025171,0.0033274,0.030976,0.058626,0.083819,0.10656,0.1293,0.15092,0.17143,0.19195,0.21091,0.22832,0.24572,0.26224,0.27787,0.29349,0.30863,0.32327,0.33792,0.35183,0.36501,0.3782,0.39003,0.4005,0.41098,0.41962,0.42644,0.43326,0.43826,0.44143,0.44461,0.44593,0.44539,0.44486,0.4446,0.44461,0.44462,0.44502,0.44579,0.44656,0.44773,0.44929,0.45085,0.45238,0.45387,0.45535,0.45657,0.45752,0.45847,0.45936,0.46019,0.46101,0.46212,0.4635,0.46488,0.46727,0.47065,0.47403,0.48001,0.48858,0.49715,0.50189,0.50279,0.5037,0.50454,0.50533,0.50612,0.50994,0.51678,0.52362,0.52752,0.52847,0.52943,0.53113,0.53358,0.53603,0.53863,0.54137,0.54412,0.54638,0.54814,0.5499,0.55064,0.55035,0.55007,0.54805,0.54431,0.54056,0.53448,0.52606,0.51765,0.50683,0.49362,0.48041,0.46555,0.44905,0.43255,0.41568,0.39845,0.38122,0.36474,0.34902,0.3333,0.31875,0.30539,0.29203,0.27951,0.26782,0.25613,0.24458,0.23316,0.22174,0.21003,0.19802,0.18601,0.17395,0.16183,0.1497,0.13839,0.12787,0.11736,0.10842,0.10106,0.093705,0.087943,0.083776,0.07961,0.07611,0.073276,0.070442,0.067159,0.063426,0.059694,0.055055,0.049508,0.043961,0.038183,0.032173,0.026162,0.021394,0.017867,0.01434,0.012227,0.011527,0.010826,0.0087303,0.0052393,0.0017469
0,0,0,0,-0.34433,-0.33714,-0.33743,-0.34518,-0.35294,-0.36943,-0.39464,-0.41986,-0.4418,-0.46047,-0.47914,-0.49045,-0.49441,-0.49836,-0.49774,-0.49253,-0.48732,-0.47989,-0.47025,-0.46061,-0.44729,-0.43029,-0.41329,-0.39552,-0.37698,-0.35844,-0.33771,-0.31479,-0.29186,-0.27152,-0.25376,-0.236,-0.21667,-0.19576,-0.17485,-0.15543,-0.13748,-0.11953,-0.10239,-0.086067,-0.069741,-0.055541,-0.043468,-0.031396,-0.021789,-0.014645,-0.0075018,-0.0021174,0.0015092,0.0051356,0.0062088,0.0047282,0.0032474,0.0014339,-0.0007124,-0.0028583,-0.0037997,-0.0035354,-0.0032703,-0.0022593,-0.00050252,0.0012544,0.0032782,0.0055684,0.0078585,0.010011,0.012025,0.014039,0.015201,0.01551,0.015818,0.0148,0.012457,0.010114,0.0087887,0.0084804,0.0081727,0.0083368,0.008973,0.0096093,0.010912,0.012883,0.014853,0.017478,0.020759,0.02404,0.027898,0.032333,0.036769,0.041708,0.047151,0.052592,0.058987,0.066337,0.073688,0.082179,0.091816,0.10145,0.11063,0.11935,0.12807,0.13821,0.14979,0.16136,0.17451,0.18924,0.20396,0.22158,0.2421,0.26262,0.28581,0.31168,0.33755,0.36537,0.39513,0.4249,0.4556,0.48722,0.51885,0.54627,0.56949,0.59271,0.60964,0.62029,0.63095,0.63783,0.64092,0.64401,0.64792,0.65266,0.65738,0.65332,0.64046,0.6276,0.60891,0.5844,0.55988,0.53483,0.50925,0.48368,0.45701,0.42926,0.40151,0.37364,0.34567,0.31769,0.29014,0.26301,0.23588,0.21171,0.19048,0.16927,0.15081,0.13511,0.11941,0.10834,0.10191,0.095465,0.091331,0.085404,0.07737,0.067958,0.055641,0.044229,0.034473,0.026475,0.017087,0.0091993,0.0049457,0.00594,0.014279,0.025401,0.033312,0.029809,0.013888,-0.0016789,-0.00186,0.017979,0.048014,0.077036,0.098752,0.1107,0.11492,0.1147,0.11844,0.13313,0.15817,0.18563,0.20773,0.22324,0.23368,0.23857,0.2366,0.23251,0.23212,0.23583,0.24087,0.24642,0.25043,0.24409,0.22342,0.19167,0.15748,0.12666,0.096147,0.062975,0.0282,-0.0067622,-0.036429,-0.059072,-0.076885,-0.090343,-0.10649,-0.13441,-0.17593,-0.21758,-0.23836,-0.23206,-0.22036,-0.23101,-0.26987,-0.32121,-0.36638,-0.3943,-0.39863,-0.38155,-0.35622,-0.33754,-0.32384,-0.2958,-0.24388,-0.1797,-0.11929,-0.073979,-0.045771,-0.031298,-0.021259,-0.0050887,0.006424,0,0,0,0,0,0,0,0,0,0,0,0,0,0,0,0,0,0,-0.1342,-0.19856,-0.21665,-0.1558,-0.11168,-0.22475,-0.20408,-0.21325,-0.20369,-0.080671,-0.06416,-0.055321,-0.053885,-0.052887,-0.041759,0,0,0,0,0.011036,0.015316,0.01313,0.0095062,4.8637e-05,-0.015263,-0.031084,-0.045014,-0.055589,-0.061423,-0.062255,-0.057746,-0.049901,-0.042871,-0.035668,0,0,0,0,0,0,0.00097512,0.001626,0.001957,0.0019677,1.075e-06,0,0,0,0,0,0,0,0,0,0,0,0,0,0,0,0,0,0,0,0,-0.0018356,-0.0031996,-0.0055848,-0.0079704,-0.029083,-0.068911,-0.10875,-0.13259,-0.14042,-0.14825,-0.15981,-0.17508,-0.094808,0,-0.21688,-0.22946,-0.24102,-0.25158,-0.26213,-0.27234,-0.28222,-0.2921,-0.30167,-0.31093,-0.32019,-0.3288,-0.33677,-0.34473,-0.35284,-0.36109,-0.36934,-0.3737,-0.37418,-0.37466,-0.37585,-0.37775,-0.37965,-0.3834,-0.38902,-0.39463,-0.40386,-0.4167,-0.42955,-0.44406,-0.46025,-0.47643,-0.4908,-0.50334,-0.51589,-0.52431,-0.52859,-0.53288,-0.53395,-0.53179,-0.52963,-0.52599,-0.52086,-0.51573,-0.51033,-0.50467,-0.49901,-0.49158,-0.48238,-0.47318,-0.46025,-0.44359,-0.42693,-0.40652,-0.38237,-0.35822,-0.33211,-0.30404,-0.27598,-0.24658,-0.21584,-0.18511,-0.15464,-0.12443,-0.09422,-0.064829,-0.036265,-0.0077002,0.019767,0.046133,0.0725,0.09679,0.119,0.14121,0.1626,0.18317,0.20374,0.22289,0.24062,0.25834,0.2751,0.29091,0.30671,0.32179,0.33613,0.35048,0.36384,0.3762,0.38856,0.39948,0.40896,0.41844,0.42615,0.4321,0.43805,0.4423,0.44486,0.44742,0.44881,0.44903,0.44925,0.44914,0.4487,0.44825,0.4482,0.44855,0.4489,0.44972,0.45103,0.45233,0.45363,0.45492,0.45621,0.45717,0.4578,0.45842,0.45895,0.45939,0.45983,0.46062,0.46179,0.46295,0.46446,0.46633,0.46819,0.47389,0.48342,0.49295,0.49809,0.49884,0.49958,0.49966,0.49908,0.49849,0.50251,0.51112,0.51974,0.52471,0.52606,0.5274,0.52941,0.53211,0.53481,0.53685,0.53824,0.53963,0.54115,0.54278,0.54442,0.54493,0.54429,0.54366,0.54174,0.53853,0.53532,0.52899,0.51954,0.5101,0.49824,0.48397,0.4697,0.454,0.43685,0.41971,0.40253,0.3853,0.36808,0.35196,0.33694,0.32193,0.30827,0.29599,0.28371,0.27222,0.26151,0.25079,0.24003,0.22921,0.2184,0.2071,0.19531,0.18353,0.17154,0.15934,0.14715,0.13565,0.12485,0.11406,0.10476,0.096968,0.089177,0.082893,0.078116,0.07334,0.069175,0.065623,0.06207,0.05814,0.053834,0.049528,0.044437,0.038562,0.032686,0.026701,0.020607,0.014513,0.0096736,0.006088,0.0025028,0.00041274,-0.00018179,-0.00077695,-0.00089526,-0.0005372,-0.00017933
0,0,0,0,-0.32928,-0.3257,-0.32905,-0.33932,-0.34959,-0.36635,-0.38961,-0.41288,-0.43468,-0.45502,-0.47535,-0.4873,-0.49087,-0.49444,-0.49458,-0.49128,-0.48798,-0.48167,-0.47236,-0.46305,-0.44946,-0.43157,-0.41369,-0.39597,-0.37841,-0.36086,-0.34158,-0.32058,-0.29958,-0.27964,-0.26077,-0.24189,-0.22177,-0.2004,-0.17903,-0.1588,-0.13971,-0.12062,-0.10313,-0.087231,-0.071339,-0.057391,-0.045388,-0.033387,-0.023461,-0.01561,-0.0077594,-0.0016503,0.0027167,0.0070836,0.0086967,0.0075558,0.0064143,0.0046801,0.0023535,2.6985e-05,-0.0010833,-0.00097629,-0.00086856,0.00035678,0.0026994,0.0050425,0.007509,0.010098,0.012688,0.014815,0.01648,0.018145,0.019032,0.01914,0.019248,0.017943,0.015226,0.012509,0.010535,0.0093055,0.0080771,0.0077666,0.0083746,0.008983,0.010212,0.012062,0.013912,0.016375,0.019452,0.02253,0.026158,0.030337,0.034516,0.039197,0.04438,0.049563,0.055562,0.062376,0.06919,0.076957,0.085677,0.094397,0.10342,0.11274,0.12207,0.1325,0.14403,0.15555,0.16814,0.1818,0.19546,0.21167,0.23043,0.2492,0.27087,0.29544,0.32001,0.34648,0.37483,0.40319,0.43244,0.46258,0.49272,0.51935,0.54248,0.56561,0.58366,0.59663,0.6096,0.61871,0.62395,0.6292,0.6335,0.63686,0.64022,0.63662,0.62606,0.61551,0.59863,0.57542,0.55222,0.52849,0.50423,0.47997,0.45462,0.42818,0.40175,0.37494,0.34777,0.3206,0.29409,0.26823,0.24237,0.2188,0.19751,0.17623,0.15851,0.14435,0.1302,0.1188,0.11015,0.1015,0.096692,0.090258,0.080372,0.069645,0.057157,0.045739,0.034857,0.024802,0.014023,0.0050349,0.0015008,0.0041075,0.012245,0.022106,0.027037,0.02224,0.012273,0.0073719,0.010919,0.022346,0.042596,0.06824,0.091625,0.10614,0.11283,0.11735,0.12447,0.13833,0.16178,0.19186,0.2191,0.23705,0.24228,0.2372,0.22776,0.2216,0.22301,0.23194,0.24274,0.25032,0.25212,0.24226,0.22647,0.20835,0.18497,0.15739,0.12489,0.086244,0.050335,0.019893,-0.0083916,-0.032134,-0.050451,-0.06635,-0.086063,-0.11393,-0.15231,-0.19466,-0.22227,-0.22155,-0.20803,-0.21331,-0.25064,-0.30688,-0.35902,-0.38736,-0.38331,-0.35777,-0.33199,-0.31847,-0.30774,-0.27914,-0.22417,-0.15784,-0.10333,-0.070917,-0.054592,-0.041607,-0.02363,-0.0031583,0,0,0,0,0,0,0,0,0,0,0,0,0,0,0,0,0,0,0,-0.41424,-0.50165,-0.45243,-0.29867,-0.16387,-0.11203,-0.13512,-0.20697,-0.23559,0,0,0,0,0,0,0,0,0,0,0.012739,0.019165,0.018201,0.013998,0.0055388,-0.0061826,-0.019308,-0.03164,-0.041464,-0.04771,-0.048228,-0.044577,-0.039105,-0.020379,-0.015716,0,0,0,0,0,0,0.0029247,0.0048746,0.0019558,0.0019665,0,0,0.0036694,0,0,0,0,0,0,0,0,0,0,0,0,0,0,0,0,0,0,-0.0055062,-0.0095972,-0.016751,-0.023907,-0.044079,-0.077273,-0.11047,-0.13193,-0.14165,-0.15136,-0.16275,-0.17581,-0.18887,-0.099768,-0.21256,-0.22399,-0.23456,-0.24427,-0.25397,-0.2634,-0.27255,-0.28169,-0.29063,-0.29935,-0.30808,-0.31667,-0.32513,-0.33358,-0.33982,-0.34383,-0.34784,-0.35012,-0.35066,-0.35119,-0.35331,-0.357,-0.3607,-0.36652,-0.37446,-0.38241,-0.39344,-0.40756,-0.42169,-0.43651,-0.45203,-0.46755,-0.48069,-0.49146,-0.50223,-0.5093,-0.51266,-0.51602,-0.51671,-0.51473,-0.51275,-0.50977,-0.50581,-0.50184,-0.49726,-0.49206,-0.48687,-0.47967,-0.47047,-0.46127,-0.44776,-0.42992,-0.41209,-0.39054,-0.36527,-0.34,-0.31287,-0.28389,-0.25491,-0.22523,-0.19486,-0.16449,-0.13441,-0.10464,-0.074859,-0.045867,-0.017672,0.010523,0.03708,0.061991,0.086903,0.11059,0.13304,0.1555,0.17701,0.19758,0.21816,0.23736,0.2552,0.27304,0.28986,0.30566,0.32146,0.33634,0.35028,0.36423,0.37695,0.38846,0.39996,0.40996,0.41845,0.42694,0.43374,0.43884,0.44395,0.44748,0.44944,0.4514,0.4523,0.45215,0.45199,0.45151,0.45071,0.44991,0.44946,0.44937,0.44929,0.4497,0.45063,0.45155,0.45253,0.45358,0.45463,0.45536,0.45578,0.4562,0.45651,0.45671,0.45691,0.45746,0.45837,0.45928,0.46051,0.46206,0.46361,0.46892,0.47799,0.48707,0.49194,0.49261,0.49328,0.49349,0.49324,0.49299,0.49735,0.50631,0.51528,0.52061,0.52228,0.52396,0.52618,0.52897,0.53175,0.53243,0.53099,0.52956,0.52968,0.53135,0.53302,0.5334,0.53251,0.53161,0.53041,0.5289,0.5274,0.52145,0.51106,0.50068,0.48795,0.47288,0.45781,0.44157,0.42414,0.40672,0.38955,0.37262,0.3557,0.34008,0.32576,0.31144,0.29857,0.28715,0.27573,0.26503,0.25505,0.24507,0.23491,0.22458,0.21424,0.20331,0.19179,0.18026,0.16843,0.1563,0.14417,0.13259,0.12157,0.11055,0.10089,0.092606,0.084319,0.077402,0.071856,0.06631,0.061346,0.056965,0.052585,0.047966,0.043109,0.038252,0.032874,0.026976,0.021079,0.015235,0.009446,0.0036568,-0.00090606,-0.0042421,-0.0075774,-0.009418,-0.0097635,-0.010109,-0.0085684,-0.0051413,-0.0017143
0,0,0,0,-0.31422,-0.31427,-0.32068,-0.33346,-0.34624,-0.36328,-0.38459,-0.40591,-0.42756,-0.44956,-0.47157,-0.48416,-0.48734,-0.49052,-0.49141,-0.49002,-0.48863,-0.48345,-0.47447,-0.4655,-0.45162,-0.43286,-0.41409,-0.39642,-0.37985,-0.36327,-0.34545,-0.32637,-0.30729,-0.28776,-0.26777,-0.24779,-0.22687,-0.20504,-0.1832,-0.16217,-0.14193,-0.12171,-0.10386,-0.088397,-0.072935,-0.05924,-0.047308,-0.035378,-0.025133,-0.016574,-0.0080169,-0.0011845,0.0039235,0.0090312,0.011185,0.010383,0.0095809,0.0079267,0.0054199,0.0029129,0.0016339,0.0015834,0.0015337,0.0029731,0.0059016,0.0088307,0.01174,0.014628,0.017517,0.019619,0.020934,0.02225,0.022862,0.02277,0.022678,0.021086,0.017994,0.014902,0.012281,0.010132,0.0079824,0.0071975,0.0077775,0.0083578,0.0095124,0.011241,0.01297,0.015272,0.018146,0.02102,0.024418,0.02834,0.032263,0.036685,0.041609,0.046534,0.052136,0.058415,0.064693,0.071734,0.079539,0.087342,0.096209,0.10614,0.11607,0.12677,0.13826,0.14974,0.16178,0.17437,0.18696,0.20176,0.21877,0.23578,0.25592,0.2792,0.30248,0.32759,0.35453,0.38148,0.40928,0.43794,0.46658,0.49243,0.51547,0.53852,0.55768,0.57296,0.58825,0.59959,0.60698,0.61438,0.61907,0.62106,0.62305,0.61992,0.61167,0.60341,0.58834,0.56645,0.54456,0.52214,0.4992,0.47626,0.45223,0.42711,0.40199,0.37624,0.34987,0.32351,0.29803,0.27345,0.24886,0.22589,0.20454,0.18319,0.16621,0.15359,0.14098,0.12925,0.11839,0.10754,0.10176,0.094498,0.082833,0.073433,0.061274,0.049244,0.036184,0.023092,0.013157,0.0059713,0.0046638,0.0069519,0.011495,0.015977,0.017069,0.014782,0.013745,0.017889,0.023448,0.02857,0.041359,0.063411,0.085201,0.10141,0.1134,0.12366,0.13322,0.14546,0.16553,0.19367,0.22173,0.23975,0.24279,0.23601,0.22685,0.22146,0.22179,0.23032,0.24282,0.25295,0.25689,0.24804,0.23483,0.22211,0.20431,0.178,0.1442,0.10587,0.07395,0.048319,0.018573,-0.011528,-0.035648,-0.055543,-0.075754,-0.097079,-0.12278,-0.15648,-0.18802,-0.20218,-0.20237,-0.21116,-0.24747,-0.30353,-0.35201,-0.36878,-0.35024,-0.31894,-0.30066,-0.29915,-0.29416,-0.26277,-0.2053,-0.1429,-0.098656,-0.078074,-0.067831,-0.051822,-0.012035,-0.00066541,0,0,0,0,0,0,0,0,0,0,0,0,0,0,0,0,0,0,0,-0.73547,-0.66076,-0.23578,-0.14287,-0.052187,-0.070551,-0.064145,-0.17493,-0.12768,0,0,0,0,0,0,0,0,0,0,0.010533,0.015175,0.014974,0.012621,0.0075416,-0.00021433,-0.010299,-0.020889,-0.029215,-0.033987,-0.036542,-0.033447,-0.015914,0,0,0,0,0,0,0,0,0.0048737,0.0081225,0,0,0,0,0.0091719,0,0,0,0,0,0,0,0,0,0,0,0,0,0,0,0,0,-0.0044791,-0.0091778,-0.015995,-0.027916,-0.039837,-0.059074,-0.085631,-0.11219,-0.13127,-0.14288,-0.15448,-0.1657,-0.17654,-0.18739,-0.19795,-0.20824,-0.21853,-0.2281,-0.23696,-0.24582,-0.25445,-0.26287,-0.27129,-0.27959,-0.28778,-0.29596,-0.30453,-0.31348,-0.32243,-0.32679,-0.32657,-0.32635,-0.32654,-0.32713,-0.32773,-0.33077,-0.33626,-0.34175,-0.34963,-0.3599,-0.37018,-0.38302,-0.39842,-0.41383,-0.42896,-0.44381,-0.45866,-0.47058,-0.47958,-0.48857,-0.49429,-0.49672,-0.49916,-0.49948,-0.49767,-0.49587,-0.49356,-0.49076,-0.48795,-0.48418,-0.47946,-0.47473,-0.46777,-0.45857,-0.44936,-0.43526,-0.41626,-0.39725,-0.37455,-0.34817,-0.32178,-0.29364,-0.26374,-0.23383,-0.20388,-0.17387,-0.14387,-0.11419,-0.084845,-0.055495,-0.026903,0.00092341,0.02875,0.054393,0.077848,0.1013,0.12438,0.14708,0.16979,0.19142,0.21199,0.23257,0.25183,0.26978,0.28773,0.30461,0.32041,0.33622,0.35089,0.36443,0.37798,0.39007,0.40072,0.41136,0.42043,0.42794,0.43544,0.44133,0.44559,0.44985,0.45266,0.45402,0.45538,0.4558,0.45526,0.45473,0.45388,0.45272,0.45156,0.45072,0.4502,0.44968,0.44969,0.45023,0.45077,0.45144,0.45224,0.45305,0.45355,0.45377,0.45398,0.45406,0.45402,0.45399,0.4543,0.45496,0.45562,0.45656,0.45779,0.45903,0.46395,0.47257,0.48118,0.48579,0.48638,0.48697,0.48731,0.48739,0.48748,0.49218,0.50151,0.51083,0.5165,0.51851,0.52051,0.52295,0.52582,0.52869,0.528,0.52374,0.51949,0.51821,0.51991,0.52161,0.52188,0.52072,0.51956,0.51908,0.51928,0.51947,0.51391,0.50258,0.49125,0.47766,0.46179,0.44592,0.42913,0.41144,0.39374,0.37658,0.35995,0.34331,0.32819,0.31458,0.30096,0.28887,0.27831,0.26775,0.25785,0.24859,0.23934,0.22979,0.21994,0.21009,0.19953,0.18826,0.17699,0.16533,0.15326,0.14119,0.12954,0.11829,0.10704,0.097026,0.088243,0.079461,0.071912,0.065595,0.059279,0.053517,0.048308,0.043099,0.03779,0.032383,0.026975,0.021311,0.015391,0.0094726,0.0037706,-0.0017145,-0.0071995,-0.011485,-0.014572,-0.017657,-0.019247,-0.019343,-0.01944,-0.016241,-0.009745,-0.0032491
0,0,0,0,-0.30058,-0.30246,-0.31127,-0.32701,-0.34275,-0.36105,-0.3819,-0.40275,-0.42376,-0.44495,-0.46613,-0.47841,-0.48178,-0.48516,-0.48684,-0.48683,-0.48682,-0.48256,-0.47405,-0.46554,-0.4522,-0.43403,-0.41587,-0.39881,-0.38288,-0.36694,-0.34998,-0.332,-0.31403,-0.29475,-0.27418,-0.2536,-0.23223,-0.21003,-0.18784,-0.1663,-0.1454,-0.1245,-0.10627,-0.090702,-0.075133,-0.061483,-0.049753,-0.038023,-0.027624,-0.018556,-0.0094899,-0.0020667,0.0037144,0.0094948,0.01234,0.01225,0.01216,0.010954,0.0086323,0.0063097,0.0051287,0.0050903,0.0050524,0.0065932,0.0097128,0.012833,0.015788,0.01858,0.021371,0.023317,0.024418,0.025518,0.025965,0.025758,0.025552,0.023797,0.020494,0.01719,0.014347,0.011964,0.0095807,0.0085639,0.0089147,0.0092659,0.010153,0.011577,0.013001,0.014968,0.01748,0.019991,0.023006,0.026524,0.030042,0.034084,0.03865,0.043217,0.048409,0.054229,0.06005,0.066549,0.073724,0.0809,0.089545,0.099655,0.10977,0.12045,0.13171,0.14296,0.15451,0.16635,0.17819,0.19183,0.20728,0.22274,0.24136,0.26315,0.28495,0.30866,0.33428,0.35991,0.38642,0.4138,0.44117,0.46651,0.48979,0.51306,0.53299,0.54956,0.56613,0.57875,0.5874,0.59606,0.60141,0.60347,0.60552,0.60322,0.59659,0.58995,0.57643,0.55604,0.53564,0.5146,0.49294,0.47127,0.44845,0.42447,0.40048,0.37574,0.35026,0.32477,0.3001,0.27627,0.25245,0.22992,0.2087,0.18749,0.17092,0.15902,0.14711,0.13541,0.1239,0.11239,0.10521,0.098849,0.086754,0.077184,0.067085,0.053626,0.038245,0.023832,0.014353,0.0097998,0.010158,0.011109,0.011946,0.01214,0.013584,0.017242,0.021523,0.024353,0.025537,0.030147,0.04434,0.066025,0.086701,0.10346,0.11758,0.12975,0.14091,0.15233,0.16901,0.19276,0.2165,0.23261,0.23922,0.23914,0.23675,0.23382,0.22909,0.2286,0.23982,0.25615,0.26478,0.26034,0.24741,0.23121,0.21159,0.18609,0.15516,0.12467,0.10171,0.080199,0.048478,0.010843,-0.02289,-0.049551,-0.069956,-0.084514,-0.097926,-0.12011,-0.15076,-0.17774,-0.19435,-0.21228,-0.24864,-0.29876,-0.33513,-0.335,-0.30597,-0.27756,-0.26995,-0.27799,-0.27687,-0.24586,-0.19036,-0.13525,-0.10143,-0.088486,-0.078418,-0.057577,0,0,0,0,0,0,0,0,0,0,0,0,0,0,0,0,0,0,0,0,0,-0.86079,-0.87298,0,0,0,-0.13896,-0.062719,-0.075043,0,0,0,0,0,0,0,0,0,0,0.0010213,0.0074033,0.0095593,0.0095654,0.0089403,0.0067901,0.0027627,-0.0032272,-0.0080459,-0.011726,-0.013256,-0.015445,-0.023682,0,0,0,0,0,0,0,0,0,0.0063857,0.0096866,0,0,0,0.0045162,0.0096896,0,0,0,0,0,0,0,0,-0.00017571,0,0,0,0,0,0,0,-0.0080493,-0.014127,-0.016753,-0.024975,-0.038793,-0.052612,-0.070382,-0.092106,-0.11383,-0.13091,-0.14336,-0.15581,-0.16668,-0.17597,-0.18525,-0.19438,-0.20336,-0.21235,-0.2208,-0.22872,-0.23665,-0.24447,-0.25217,-0.25988,-0.26764,-0.27545,-0.28327,-0.29063,-0.29756,-0.30449,-0.30684,-0.30463,-0.30242,-0.30217,-0.30386,-0.30555,-0.31011,-0.31752,-0.32493,-0.33482,-0.34719,-0.35956,-0.37373,-0.3897,-0.40567,-0.42053,-0.43428,-0.44802,-0.45862,-0.46606,-0.47349,-0.47813,-0.47997,-0.4818,-0.48204,-0.48068,-0.47932,-0.47772,-0.47587,-0.47403,-0.47095,-0.46663,-0.46231,-0.4553,-0.4456,-0.4359,-0.42095,-0.40075,-0.38054,-0.3568,-0.32953,-0.30226,-0.2735,-0.24326,-0.21302,-0.18314,-0.15363,-0.12412,-0.09484,-0.065786,-0.036728,-0.008597,0.018603,0.045804,0.070943,0.094017,0.11709,0.13997,0.16267,0.18536,0.20687,0.22719,0.24752,0.26613,0.28304,0.29994,0.31655,0.33286,0.34917,0.36379,0.37672,0.38965,0.401,0.41079,0.42058,0.42878,0.43541,0.44203,0.4471,0.4506,0.45411,0.45625,0.45701,0.45778,0.45768,0.45671,0.45574,0.45449,0.45296,0.45143,0.45022,0.44933,0.44843,0.4481,0.44834,0.44857,0.449,0.44962,0.45023,0.45058,0.45066,0.45074,0.45065,0.45039,0.45013,0.45014,0.45041,0.45068,0.45119,0.45194,0.45269,0.45715,0.46531,0.47348,0.47783,0.47836,0.47889,0.47936,0.47978,0.48019,0.48452,0.49279,0.50105,0.50699,0.5106,0.51421,0.51678,0.51831,0.51983,0.51849,0.51428,0.51007,0.50886,0.51063,0.51241,0.51264,0.51131,0.50999,0.50915,0.5088,0.50845,0.50225,0.4902,0.47814,0.46443,0.44907,0.43371,0.41719,0.39951,0.38184,0.36488,0.34865,0.33242,0.31777,0.3047,0.29162,0.28007,0.27002,0.25998,0.25055,0.24174,0.23293,0.22378,0.21427,0.20477,0.19451,0.1835,0.17249,0.16104,0.14914,0.13725,0.12566,0.11436,0.10306,0.092796,0.083553,0.074312,0.06612,0.058981,0.051842,0.04525,0.039205,0.03316,0.027202,0.021334,0.015465,0.009606,0.003758,-0.0020897,-0.0075575,-0.012646,-0.017734,-0.02166,-0.024423,-0.027186,-0.028444,-0.028198,-0.027952,-0.023193,-0.013917,-0.00464
0,0,0,0,-0.28833,-0.29028,-0.30083,-0.31998,-0.33913,-0.35965,-0.38152,-0.4034,-0.42328,-0.44117,-0.45904,-0.47005,-0.4742,-0.47835,-0.48084,-0.48169,-0.48254,-0.479,-0.47109,-0.46319,-0.45119,-0.43511,-0.41903,-0.40316,-0.3875,-0.37185,-0.35517,-0.33747,-0.31978,-0.30061,-0.27998,-0.25935,-0.23782,-0.21539,-0.19296,-0.1712,-0.1501,-0.129,-0.11036,-0.094143,-0.077928,-0.064122,-0.052722,-0.041321,-0.030931,-0.021555,-0.012178,-0.0042955,0.0020896,0.0084742,0.012164,0.013158,0.014151,0.013762,0.01199,0.010217,0.0094015,0.0095441,0.0096873,0.011217,0.014132,0.017048,0.019655,0.021953,0.024252,0.02591,0.02693,0.027948,0.02834,0.028105,0.027869,0.026076,0.022725,0.019374,0.016733,0.014801,0.01287,0.011865,0.011785,0.011706,0.012134,0.013068,0.014003,0.015465,0.017454,0.019443,0.021922,0.024889,0.027856,0.031394,0.035502,0.03961,0.044383,0.049821,0.05526,0.061397,0.068232,0.075068,0.083422,0.093293,0.10316,0.11352,0.12437,0.13522,0.14634,0.15774,0.16914,0.18188,0.19597,0.21007,0.22717,0.2473,0.26743,0.28969,0.31409,0.33849,0.36386,0.39017,0.41649,0.44157,0.46541,0.48924,0.50958,0.52642,0.54325,0.55619,0.56521,0.57424,0.58053,0.58407,0.58761,0.58653,0.58083,0.57513,0.56291,0.54418,0.52545,0.50587,0.48544,0.46501,0.44328,0.42026,0.39724,0.37346,0.34891,0.32436,0.3003,0.27672,0.25314,0.2309,0.21001,0.18912,0.17266,0.16063,0.1486,0.13728,0.12668,0.11607,0.10772,0.099455,0.089801,0.080873,0.070049,0.056878,0.040644,0.0276,0.020444,0.016676,0.015447,0.01365,0.01219,0.012431,0.016924,0.02494,0.029188,0.024394,0.018756,0.025715,0.046567,0.072208,0.094667,0.112,0.12463,0.13437,0.14519,0.15672,0.17144,0.19076,0.20842,0.22203,0.23425,0.24476,0.25197,0.25246,0.24235,0.22885,0.23121,0.25044,0.2658,0.26772,0.25654,0.237,0.21533,0.19115,0.163,0.13818,0.12283,0.10789,0.081611,0.043026,-0.00030274,-0.037224,-0.061948,-0.074073,-0.080582,-0.094857,-0.12125,-0.15177,-0.17902,-0.20741,-0.24505,-0.28528,-0.3055,-0.29277,-0.26314,-0.24267,-0.24259,-0.25346,-0.25319,-0.22825,-0.18109,-0.13384,-0.1063,-0.094784,-0.083943,-0.061892,0,0,0,0,0,0,0,0,0,0,0,0,0,0,0,0,0,0,0,0,0,-0.85757,-0.93005,0,0,0,-0.16483,-0.098122,0,0,0,0,0,0,0,0,0,0,0,0.0010213,0.0045949,0.0037522,0.0034331,0.0032741,0.0028728,0.0017379,0,0,0,0,0,-0.0093398,0,0,0,0,0,0,0,0.0023891,0.0032446,0.0074609,0.0095672,0,0,0,0.0077528,0.007059,0,0,0,0,0,0,0,0,-0.0030181,0,0,0,0,0,0,0,-0.020697,-0.024463,-0.028231,-0.036537,-0.049384,-0.062233,-0.078002,-0.096692,-0.11538,-0.13085,-0.14311,-0.15537,-0.16569,-0.17408,-0.18246,-0.19041,-0.19793,-0.20545,-0.21266,-0.21956,-0.22647,-0.23343,-0.24045,-0.24748,-0.25479,-0.26239,-0.26999,-0.27498,-0.27737,-0.27976,-0.27998,-0.27802,-0.27607,-0.277,-0.28083,-0.28466,-0.2913,-0.30076,-0.31022,-0.32207,-0.33631,-0.35056,-0.36559,-0.38139,-0.39721,-0.41122,-0.42343,-0.43564,-0.44479,-0.45089,-0.457,-0.46083,-0.46238,-0.46394,-0.4644,-0.46375,-0.46311,-0.46224,-0.46116,-0.46007,-0.45754,-0.45357,-0.44961,-0.44228,-0.43158,-0.42089,-0.40483,-0.38339,-0.36196,-0.33728,-0.30935,-0.28142,-0.25246,-0.22246,-0.19246,-0.16301,-0.13413,-0.10525,-0.076356,-0.047458,-0.018558,0.0090537,0.035369,0.061686,0.086731,0.1105,0.13427,0.15737,0.1798,0.20223,0.22336,0.24318,0.26301,0.28027,0.29497,0.30967,0.32568,0.34301,0.36033,0.37505,0.38714,0.39924,0.40976,0.41868,0.42761,0.43501,0.44086,0.44671,0.45106,0.45389,0.45673,0.45824,0.45841,0.45859,0.45795,0.45649,0.45503,0.45334,0.45143,0.44952,0.44797,0.44677,0.44556,0.44496,0.44496,0.44496,0.4452,0.4457,0.44619,0.44645,0.44647,0.44649,0.44627,0.44581,0.44535,0.44498,0.44472,0.44446,0.44438,0.4445,0.44461,0.44852,0.45624,0.46395,0.46805,0.46855,0.46904,0.46965,0.47038,0.47111,0.47437,0.48016,0.48596,0.49209,0.49857,0.50505,0.50767,0.50643,0.50519,0.50392,0.50262,0.50132,0.50162,0.50351,0.5054,0.50566,0.50427,0.50289,0.50062,0.49747,0.49433,0.48647,0.47391,0.46134,0.44828,0.43473,0.42117,0.40572,0.38836,0.37101,0.35447,0.33875,0.32302,0.30882,0.29613,0.28343,0.27215,0.26229,0.25242,0.24315,0.2345,0.22584,0.21686,0.20758,0.19829,0.18826,0.17751,0.16675,0.15557,0.14395,0.13234,0.12095,0.10979,0.098622,0.088205,0.078536,0.068869,0.060027,0.052013,0.043999,0.036546,0.029657,0.022767,0.016202,0.0099628,0.0037226,-0.0022402,-0.0079243,-0.013608,-0.018749,-0.023348,-0.027946,-0.031429,-0.033797,-0.036165,-0.037009,-0.036328,-0.035647,-0.029424,-0.017657,-0.0058871
0,0,0,0,-0.27608,-0.2781,-0.29039,-0.31295,-0.3355,-0.35824,-0.38115,-0.40406,-0.4228,-0.43738,-0.45195,-0.4617,-0.46662,-0.47154,-0.47485,-0.47655,-0.47825,-0.47545,-0.46814,-0.46083,-0.45018,-0.43618,-0.42218,-0.4075,-0.39213,-0.37676,-0.36036,-0.34294,-0.32552,-0.30647,-0.28578,-0.26509,-0.24342,-0.22075,-0.19808,-0.1761,-0.1548,-0.13351,-0.11444,-0.097584,-0.080725,-0.06676,-0.055688,-0.044618,-0.034241,-0.024552,-0.014863,-0.006524,0.00046598,0.0074545,0.011987,0.014065,0.016142,0.016569,0.015347,0.014124,0.013674,0.013998,0.014323,0.015841,0.018552,0.021264,0.023522,0.025328,0.027133,0.028504,0.029442,0.030379,0.030716,0.030452,0.030187,0.028356,0.024957,0.021558,0.019119,0.01764,0.016161,0.015167,0.014656,0.014146,0.014114,0.01456,0.015006,0.015962,0.017429,0.018895,0.020837,0.023254,0.025671,0.028704,0.032354,0.036003,0.040356,0.045413,0.050469,0.056245,0.062739,0.069234,0.077297,0.08693,0.096561,0.1066,0.11703,0.12747,0.13817,0.14913,0.16009,0.17193,0.18466,0.19739,0.21299,0.23145,0.24991,0.27073,0.29391,0.31708,0.3413,0.36656,0.39181,0.41663,0.44103,0.46543,0.48618,0.50327,0.52037,0.53363,0.54303,0.55242,0.55964,0.56468,0.56971,0.56984,0.56508,0.56031,0.54939,0.53233,0.51526,0.49713,0.47793,0.45873,0.43811,0.41606,0.39401,0.37117,0.34756,0.32396,0.30048,0.27716,0.25383,0.23188,0.21132,0.19075,0.17439,0.16223,0.15008,0.13915,0.12945,0.11975,0.11056,0.10074,0.093053,0.083924,0.072261,0.060865,0.045851,0.034732,0.029447,0.025534,0.021335,0.01658,0.014103,0.015297,0.021864,0.03114,0.032844,0.02205,0.012641,0.021131,0.046416,0.0771,0.10364,0.12177,0.13096,0.13622,0.14482,0.15837,0.17449,0.19081,0.20427,0.21657,0.23213,0.25005,0.26589,0.26936,0.25907,0.23967,0.22762,0.23864,0.25682,0.26386,0.25748,0.24224,0.22403,0.20202,0.17529,0.15224,0.13877,0.1284,0.11008,0.076855,0.030222,-0.015977,-0.048175,-0.06365,-0.070638,-0.081717,-0.1023,-0.12855,-0.15843,-0.19368,-0.23237,-0.2622,-0.26765,-0.2506,-0.22858,-0.21686,-0.21906,-0.22682,-0.22603,-0.20921,-0.17427,-0.13507,-0.10946,-0.09697,-0.085274,-0.066234,0,0,0,0,0,0,0,0,0,0,0,0,0,0,0,0,0,0,0,0,0,-0.76423,-0.69178,-0.15888,-0.095405,0,-0.075889,-0.052181,0,0,0,0,0,0,0,0,0,0,0,0,0.0015314,0,0,0,0,0,0,0,0,0,0,0,0,0,0,0,0,0,0,0.0059714,0.0076227,0.0085355,0.0094475,0,0,0,0.0051935,0.0044288,0.0011568,0.0006533,4.6392e-05,-0.00056055,-0.0013053,0,0,0,-0.0083511,-0.0068398,-0.0082605,-0.0097709,-0.011281,-0.012677,-0.013957,-0.015236,-0.029893,-0.0348,-0.039708,-0.0481,-0.059976,-0.071853,-0.085619,-0.10128,-0.11693,-0.13079,-0.14286,-0.15493,-0.16471,-0.17219,-0.17967,-0.18644,-0.19249,-0.19855,-0.20452,-0.2104,-0.21629,-0.2224,-0.22873,-0.23507,-0.24193,-0.24932,-0.25671,-0.25933,-0.25718,-0.25503,-0.25311,-0.25141,-0.24971,-0.25184,-0.25781,-0.26377,-0.2725,-0.284,-0.29551,-0.30932,-0.32544,-0.34156,-0.35744,-0.37309,-0.38875,-0.40191,-0.41258,-0.42325,-0.43097,-0.43573,-0.4405,-0.44352,-0.4448,-0.44608,-0.44676,-0.44683,-0.4469,-0.44677,-0.44644,-0.44611,-0.44414,-0.44052,-0.4369,-0.42925,-0.41756,-0.40588,-0.3887,-0.36604,-0.34337,-0.31775,-0.28917,-0.26058,-0.23141,-0.20166,-0.1719,-0.14289,-0.11463,-0.086373,-0.057872,-0.02913,-0.00038654,0.026705,0.052138,0.077571,0.10252,0.12698,0.15144,0.17476,0.19693,0.2191,0.23985,0.25917,0.2785,0.29441,0.3069,0.3194,0.33481,0.35315,0.37149,0.3863,0.39757,0.40883,0.4185,0.42658,0.43465,0.44123,0.44631,0.45139,0.45502,0.45718,0.45935,0.46022,0.45981,0.4594,0.45822,0.45626,0.45431,0.45219,0.4499,0.44762,0.44572,0.4442,0.44269,0.44182,0.44158,0.44134,0.44141,0.44178,0.44215,0.44231,0.44228,0.44224,0.44189,0.44122,0.44056,0.43983,0.43904,0.43824,0.43758,0.43705,0.43652,0.43989,0.44716,0.45442,0.45828,0.45873,0.45918,0.45993,0.46098,0.46203,0.46422,0.46754,0.47086,0.47719,0.48654,0.49588,0.49855,0.49455,0.49054,0.48934,0.49096,0.49257,0.49438,0.49639,0.49839,0.49868,0.49723,0.49578,0.49209,0.48615,0.4802,0.47069,0.45762,0.44455,0.43213,0.42039,0.40864,0.39425,0.37722,0.36019,0.34406,0.32884,0.31362,0.29986,0.28755,0.27524,0.26424,0.25455,0.24486,0.23576,0.22725,0.21874,0.20995,0.20088,0.1918,0.18202,0.17151,0.16101,0.1501,0.13877,0.12743,0.11625,0.10521,0.094178,0.083614,0.073519,0.063428,0.053935,0.045044,0.036155,0.027843,0.020109,0.012374,0.0052014,-0.0014089,-0.0080194,-0.014086,-0.019607,-0.025126,-0.02994,-0.034049,-0.038158,-0.0412,-0.043173,-0.045145,-0.045574,-0.044458,-0.043342,-0.035656,-0.021398,-0.0071361
0,0,0,0,-0.26665,-0.26968,-0.28322,-0.3073,-0.33137,-0.35479,-0.37756,-0.40033,-0.41842,-0.43183,-0.44523,-0.45493,-0.46093,-0.46693,-0.47079,-0.47251,-0.47424,-0.47163,-0.46471,-0.45778,-0.44773,-0.43455,-0.42137,-0.40741,-0.39267,-0.37792,-0.36184,-0.34443,-0.32703,-0.30835,-0.28839,-0.26844,-0.24698,-0.22402,-0.20105,-0.179,-0.15788,-0.13675,-0.11758,-0.10039,-0.083191,-0.068943,-0.057643,-0.046347,-0.035863,-0.026186,-0.016509,-0.0080339,-0.0007558,0.0065219,0.011613,0.01452,0.017426,0.018729,0.018429,0.018129,0.018289,0.018908,0.019528,0.021044,0.023457,0.025871,0.02776,0.029126,0.030491,0.031689,0.03272,0.033752,0.034073,0.033685,0.033296,0.031398,0.02799,0.02458,0.022166,0.020744,0.019323,0.01815,0.017226,0.016302,0.015817,0.015771,0.015725,0.01618,0.017135,0.018091,0.019538,0.021477,0.023415,0.025998,0.029224,0.03245,0.036398,0.041065,0.045732,0.051119,0.057224,0.063329,0.070962,0.080124,0.089287,0.098835,0.10877,0.1187,0.12902,0.13972,0.15042,0.16175,0.17374,0.18573,0.20027,0.21737,0.23446,0.25395,0.27583,0.29771,0.32054,0.34432,0.36809,0.39208,0.41629,0.4405,0.46143,0.47907,0.4967,0.51074,0.52118,0.53162,0.5396,0.54513,0.55066,0.55154,0.54776,0.54398,0.53449,0.5193,0.5041,0.48754,0.46964,0.45173,0.43229,0.41133,0.39036,0.36849,0.34572,0.32295,0.30015,0.27734,0.25453,0.23302,0.2128,0.19258,0.17609,0.16332,0.15056,0.13965,0.1306,0.12154,0.11186,0.10387,0.098608,0.088978,0.077092,0.066886,0.05431,0.044408,0.038964,0.03401,0.027696,0.020231,0.016632,0.021274,0.032292,0.040972,0.038187,0.024226,0.013664,0.0211,0.046398,0.080025,0.11044,0.12877,0.13455,0.13711,0.14427,0.15902,0.17754,0.1941,0.20661,0.21854,0.23304,0.25064,0.27018,0.27987,0.27555,0.25532,0.23224,0.22815,0.24078,0.25169,0.25125,0.24476,0.23346,0.21543,0.19143,0.1689,0.15314,0.14333,0.13129,0.10465,0.061001,0.011134,-0.030092,-0.054458,-0.065737,-0.075307,-0.089459,-0.10968,-0.13828,-0.17611,-0.21327,-0.23149,-0.22622,-0.2109,-0.19914,-0.19514,-0.19783,-0.20176,-0.20028,-0.18889,-0.16279,-0.13083,-0.1071,-0.094961,-0.085945,-0.071157,0,0,0,0,0,0,0,0,0,0,0,0,0,0,0,0,0,-0.025335,-0.054923,0,0,-0.50555,-0.44015,-0.28414,-0.20195,0,0,0,0,0,0,0,0,0,0,0,0,0,0,0,0,0,0,0,0,0,0,0,0,0,0,0,0,0,0,0,0,0,0.0017723,0.0065364,0.0079249,0.0080859,0.0082464,0,0,0,0.0030782,0.0021838,0.0012895,0.00019604,-0.0010967,-0.0023895,-0.0040078,-0.0037636,-0.0048248,-0.00612,-0.013158,-0.016018,-0.01904,-0.022224,-0.025407,-0.028484,-0.031452,-0.03442,-0.038799,-0.04459,-0.050382,-0.058783,-0.069791,-0.080799,-0.092944,-0.10622,-0.11951,-0.13171,-0.14285,-0.15398,-0.16279,-0.16929,-0.17578,-0.1814,-0.18617,-0.19094,-0.19604,-0.2015,-0.20694,-0.2119,-0.21636,-0.22082,-0.22596,-0.23177,-0.23759,-0.23834,-0.23403,-0.22971,-0.22698,-0.22583,-0.22468,-0.22824,-0.23649,-0.24474,-0.2556,-0.26905,-0.28251,-0.29788,-0.31516,-0.33244,-0.34858,-0.36358,-0.37859,-0.39073,-0.39999,-0.40926,-0.41588,-0.41985,-0.42382,-0.42656,-0.42807,-0.42959,-0.43075,-0.43155,-0.43236,-0.43281,-0.4329,-0.433,-0.43107,-0.42711,-0.42315,-0.41477,-0.40196,-0.38916,-0.37092,-0.34724,-0.32357,-0.29734,-0.26855,-0.23976,-0.21077,-0.18158,-0.15239,-0.12386,-0.095995,-0.068131,-0.040159,-0.01208,0.016004,0.042762,0.068191,0.093621,0.11882,0.1438,0.16877,0.19185,0.21302,0.23419,0.25417,0.27293,0.2917,0.30698,0.31878,0.33058,0.34521,0.36266,0.38012,0.39452,0.40586,0.4172,0.42648,0.43369,0.44091,0.44668,0.451,0.45531,0.45821,0.45967,0.46113,0.46135,0.46033,0.4593,0.45756,0.45511,0.45266,0.45012,0.4475,0.44487,0.44268,0.44093,0.43918,0.43808,0.43762,0.43716,0.43703,0.43721,0.4374,0.43741,0.43724,0.43708,0.43653,0.4356,0.43466,0.43404,0.43373,0.43342,0.43271,0.43158,0.43046,0.43274,0.43842,0.4441,0.44717,0.44763,0.44808,0.44896,0.45028,0.4516,0.45332,0.45543,0.45754,0.46325,0.47254,0.48184,0.48441,0.48025,0.47608,0.47552,0.47855,0.48159,0.4842,0.48638,0.48856,0.48896,0.48757,0.48618,0.48179,0.47439,0.46699,0.4566,0.44323,0.42986,0.41777,0.40697,0.39617,0.38251,0.36599,0.34947,0.33389,0.31925,0.30462,0.29132,0.27934,0.26737,0.25656,0.24691,0.23726,0.22816,0.2196,0.21105,0.20226,0.19324,0.18422,0.17456,0.16426,0.15396,0.1433,0.13226,0.12122,0.11029,0.099461,0.088633,0.078068,0.067765,0.057464,0.047554,0.038036,0.028519,0.019571,0.011194,0.0028161,-0.0048552,-0.011819,-0.018783,-0.025054,-0.03063,-0.036206,-0.040976,-0.04494,-0.048903,-0.051738,-0.053442,-0.055145,-0.055194,-0.053588,-0.051982,-0.042653,-0.025596,-0.0085363
0,0,0,0,-0.26002,-0.26499,-0.27932,-0.30302,-0.32672,-0.3493,-0.37076,-0.39223,-0.41015,-0.42451,-0.43888,-0.44975,-0.45714,-0.46453,-0.46868,-0.46958,-0.47049,-0.46756,-0.46081,-0.45405,-0.44386,-0.43023,-0.4166,-0.4029,-0.38911,-0.37532,-0.3596,-0.34195,-0.3243,-0.30626,-0.28782,-0.26939,-0.24851,-0.2252,-0.20188,-0.17992,-0.15932,-0.13871,-0.11979,-0.10256,-0.085331,-0.070674,-0.058588,-0.046506,-0.035796,-0.026457,-0.017118,-0.0088241,-0.001576,0.0056737,0.01104,0.014521,0.018001,0.02024,0.021236,0.022232,0.023244,0.024273,0.025301,0.026826,0.028847,0.030868,0.032368,0.033347,0.034325,0.035464,0.036764,0.038064,0.038411,0.037803,0.037195,0.035202,0.031823,0.028443,0.025873,0.024115,0.022356,0.020815,0.019494,0.018172,0.017241,0.016701,0.016162,0.01612,0.016575,0.01703,0.018025,0.019557,0.021089,0.023275,0.026114,0.028955,0.03251,0.03678,0.041051,0.046018,0.051685,0.057352,0.064415,0.072877,0.081341,0.090241,0.099578,0.10892,0.11889,0.12951,0.14012,0.15135,0.16321,0.17506,0.18901,0.20505,0.22109,0.23937,0.25987,0.28038,0.30158,0.32345,0.34532,0.3679,0.39118,0.41446,0.43533,0.45379,0.47224,0.48754,0.49969,0.51183,0.52042,0.52544,0.53047,0.53162,0.52889,0.52616,0.51822,0.50509,0.49195,0.47711,0.46055,0.444,0.42584,0.40608,0.38632,0.36542,0.34337,0.32133,0.29929,0.27726,0.25523,0.2343,0.21444,0.1946,0.17775,0.16389,0.15004,0.13878,0.13012,0.12146,0.11383,0.10835,0.10166,0.092346,0.083479,0.073762,0.063576,0.055969,0.049653,0.043557,0.036003,0.025554,0.020185,0.028843,0.045124,0.054281,0.050598,0.038122,0.026698,0.027486,0.046047,0.077555,0.10863,0.12732,0.13427,0.13948,0.14845,0.16214,0.17922,0.19555,0.20929,0.22132,0.2336,0.24976,0.26678,0.28061,0.28433,0.2679,0.23823,0.21746,0.22106,0.23475,0.24265,0.2441,0.23773,0.2261,0.20862,0.18807,0.17087,0.15907,0.14718,0.12346,0.085019,0.036783,-0.009779,-0.04142,-0.056842,-0.063928,-0.072415,-0.091114,-0.12316,-0.1635,-0.19474,-0.19921,-0.18508,-0.17284,-0.17115,-0.1751,-0.18051,-0.18327,-0.18104,-0.1727,-0.15356,-0.1269,-0.10549,-0.09693,-0.091105,-0.076512,0,0,0,0,0,0,0,0,0,0,0,0,0,0,0,0,0,-0.10434,-0.16607,-0.13698,-0.14009,-0.31277,-0.25356,-0.20912,-0.18647,0,0,0,0,0,0,0,0,0,0,0,0,0,0,0,0,0,0,0,0,0,0,0,0,0,0,0,0,0,0,0,0,0,0.0031676,0.0052799,0.0062621,0.0035497,0.0035526,0,0,0,0.0014067,0.00032417,-0.00075829,-0.0020248,-0.0034755,-0.0049263,-0.006802,-0.0091027,-0.011403,-0.014182,-0.017439,-0.020695,-0.024078,-0.027588,-0.031097,-0.034744,-0.038529,-0.042314,-0.047415,-0.053833,-0.060252,-0.068583,-0.078826,-0.08907,-0.099973,-0.11154,-0.1231,-0.13361,-0.14306,-0.15251,-0.15995,-0.16536,-0.17078,-0.17531,-0.17896,-0.18261,-0.18724,-0.19284,-0.19844,-0.20194,-0.20334,-0.20474,-0.20688,-0.20976,-0.21263,-0.21202,-0.20791,-0.2038,-0.20159,-0.20129,-0.20099,-0.20619,-0.21689,-0.22759,-0.2406,-0.25592,-0.27124,-0.28776,-0.30549,-0.32321,-0.33901,-0.35287,-0.36674,-0.37767,-0.38567,-0.39367,-0.39953,-0.40324,-0.40696,-0.40994,-0.41221,-0.41447,-0.41638,-0.41793,-0.41949,-0.42036,-0.42054,-0.42072,-0.41832,-0.41334,-0.40836,-0.39884,-0.38478,-0.37072,-0.35147,-0.327,-0.30254,-0.27604,-0.24749,-0.21895,-0.19052,-0.16223,-0.13393,-0.10593,-0.078228,-0.050526,-0.023217,0.0036953,0.030612,0.057222,0.083526,0.10983,0.13564,0.16095,0.18627,0.20864,0.22808,0.24752,0.26631,0.28446,0.30261,0.31799,0.3306,0.34321,0.35686,0.37155,0.38623,0.39973,0.41204,0.42434,0.43368,0.44004,0.44639,0.45135,0.45491,0.45848,0.46062,0.46136,0.46209,0.46162,0.45995,0.45827,0.45597,0.45302,0.45008,0.44714,0.44422,0.44129,0.43887,0.43695,0.43503,0.43374,0.43307,0.43241,0.43205,0.432,0.43195,0.43174,0.43137,0.43101,0.43019,0.42893,0.42766,0.42762,0.42881,0.43001,0.42976,0.42808,0.42641,0.42705,0.43002,0.433,0.43473,0.43524,0.43574,0.43676,0.43829,0.43982,0.44167,0.44383,0.446,0.45025,0.45659,0.46293,0.46524,0.46353,0.46181,0.46244,0.4654,0.46837,0.47107,0.47348,0.4759,0.4765,0.4753,0.47409,0.46972,0.4622,0.45468,0.44419,0.43074,0.41728,0.4052,0.39448,0.38377,0.3705,0.35468,0.33885,0.32396,0.30998,0.29601,0.28319,0.2715,0.25982,0.24911,0.23937,0.22964,0.22037,0.21156,0.20276,0.19379,0.18467,0.17554,0.1659,0.15575,0.1456,0.13516,0.12443,0.1137,0.10307,0.092528,0.081987,0.071569,0.061273,0.050978,0.040882,0.030987,0.021091,0.011732,0.0029122,-0.0059081,-0.013968,-0.021268,-0.028567,-0.035143,-0.040995,-0.046846,-0.051854,-0.056018,-0.060181,-0.063043,-0.064603,-0.066162,-0.065867,-0.063718,-0.061568,-0.050418,-0.030257,-0.010091
0,0,0,0,-0.2534,-0.26031,-0.27543,-0.29874,-0.32206,-0.3438,-0.36397,-0.38413,-0.40188,-0.4172,-0.43252,-0.44457,-0.45334,-0.46212,-0.46655,-0.46665,-0.46674,-0.46349,-0.4569,-0.45031,-0.43998,-0.42591,-0.41183,-0.39838,-0.38555,-0.37273,-0.35736,-0.33947,-0.32158,-0.30417,-0.28725,-0.27033,-0.25004,-0.22638,-0.20272,-0.18084,-0.16076,-0.14066,-0.12199,-0.10473,-0.08747,-0.072404,-0.059532,-0.046664,-0.035729,-0.026727,-0.017726,-0.009614,-0.002394,0.0048271,0.010467,0.014522,0.018577,0.021751,0.024043,0.026335,0.0282,0.029637,0.031074,0.032608,0.034237,0.035866,0.036977,0.037568,0.03816,0.03924,0.040808,0.042377,0.042748,0.041922,0.041095,0.039006,0.035655,0.032305,0.029582,0.027485,0.025389,0.023481,0.021762,0.020042,0.018666,0.017632,0.016598,0.016059,0.016015,0.01597,0.016511,0.017636,0.018763,0.020552,0.023005,0.025459,0.028622,0.032494,0.036369,0.040918,0.046144,0.051371,0.057866,0.065629,0.073393,0.081646,0.090388,0.099129,0.10877,0.1193,0.12983,0.14095,0.15267,0.16439,0.17774,0.19273,0.20772,0.22478,0.24392,0.26305,0.28261,0.30258,0.32255,0.34371,0.36607,0.38843,0.40924,0.42851,0.44778,0.46434,0.47819,0.49204,0.50123,0.50576,0.51028,0.5117,0.51001,0.50833,0.50195,0.49088,0.47981,0.46667,0.45147,0.43626,0.41938,0.40084,0.38228,0.36235,0.34103,0.31971,0.29843,0.27718,0.25593,0.23557,0.2161,0.19662,0.17941,0.16446,0.14951,0.1379,0.12964,0.12139,0.11596,0.11106,0.103,0.096239,0.089393,0.080444,0.073171,0.066956,0.060513,0.05394,0.045699,0.035612,0.029957,0.035475,0.048724,0.060398,0.064609,0.059472,0.047925,0.039358,0.045724,0.068727,0.096861,0.11811,0.1312,0.14225,0.15305,0.16435,0.17814,0.19184,0.2066,0.22193,0.23442,0.24835,0.26332,0.27887,0.28928,0.28159,0.25344,0.22107,0.21051,0.22092,0.23447,0.23949,0.2348,0.22957,0.22192,0.20672,0.1881,0.17097,0.15446,0.1337,0.10212,0.057972,0.012908,-0.020133,-0.037457,-0.041761,-0.047713,-0.070756,-0.11222,-0.15669,-0.17887,-0.17011,-0.14726,-0.13554,-0.14425,-0.15873,-0.17019,-0.17414,-0.17036,-0.16387,-0.15262,-0.13394,-0.11726,-0.10939,-0.097831,-0.075464,0,0,0,0,0,0,0,0,0,0,0,0,0,0,-0.043887,-0.057128,-0.082344,-0.18676,-0.23382,-0.13698,-0.14009,-0.11925,-0.18707,-0.14462,-0.095466,0,0,0,0,0,0,0,0,0,0,0,0,0,0,0,0,0,0,0,0,0,0,0,0,0,0,0,0,0,0,0,0,0.00033944,0.0024138,0.0040232,0.0045992,0,0,0,0.00045446,1.2412e-05,-0.00026435,-0.0015349,-0.0028052,-0.0042447,-0.0058534,-0.0074623,-0.0095953,-0.012253,-0.01491,-0.018065,-0.021718,-0.025371,-0.029115,-0.032951,-0.036786,-0.041004,-0.045605,-0.050207,-0.05603,-0.063075,-0.070121,-0.078382,-0.087861,-0.09734,-0.107,-0.11685,-0.12669,-0.1355,-0.14327,-0.15105,-0.1571,-0.16144,-0.16578,-0.16922,-0.17176,-0.17429,-0.17843,-0.18418,-0.18992,-0.19197,-0.19031,-0.18866,-0.1878,-0.18774,-0.18768,-0.1857,-0.18179,-0.17789,-0.1762,-0.17675,-0.1773,-0.18414,-0.19729,-0.21044,-0.2256,-0.24279,-0.25996,-0.27764,-0.29582,-0.31399,-0.32944,-0.34216,-0.35489,-0.36462,-0.37135,-0.37809,-0.38318,-0.38664,-0.3901,-0.39333,-0.39634,-0.39935,-0.40201,-0.40431,-0.40662,-0.40791,-0.40818,-0.40844,-0.40557,-0.39957,-0.39356,-0.38291,-0.3676,-0.35229,-0.33202,-0.30677,-0.28152,-0.25474,-0.22644,-0.19814,-0.17028,-0.14288,-0.11547,-0.087999,-0.060461,-0.032923,-0.0062774,0.01947,0.045219,0.071683,0.098859,0.12604,0.15245,0.1781,0.20376,0.22544,0.24314,0.26084,0.27846,0.29599,0.31352,0.329,0.34242,0.35585,0.36851,0.38043,0.39234,0.40493,0.41821,0.43149,0.44087,0.44637,0.45187,0.45602,0.45883,0.46164,0.46304,0.46304,0.46304,0.46189,0.45957,0.45725,0.45437,0.45093,0.4475,0.44416,0.44093,0.43771,0.43505,0.43296,0.43088,0.4294,0.42853,0.42766,0.42708,0.42679,0.42649,0.42606,0.4255,0.42493,0.42385,0.42225,0.42066,0.4212,0.42389,0.42659,0.42682,0.42458,0.42235,0.42137,0.42163,0.42189,0.42229,0.42285,0.4234,0.42455,0.42629,0.42803,0.43002,0.43224,0.43446,0.43726,0.44064,0.44401,0.44607,0.44681,0.44754,0.44936,0.45226,0.45516,0.45793,0.46058,0.46323,0.46405,0.46302,0.46199,0.45766,0.45001,0.44237,0.43178,0.41824,0.4047,0.39262,0.38199,0.37137,0.35849,0.34336,0.32824,0.31402,0.30071,0.28741,0.27506,0.26366,0.25227,0.24166,0.23184,0.22201,0.21257,0.20352,0.19447,0.18532,0.17609,0.16685,0.15724,0.14724,0.13724,0.12703,0.11661,0.10619,0.095848,0.085594,0.07534,0.065069,0.05478,0.044493,0.034213,0.023938,0.013663,0.0038951,-0.0053679,-0.014631,-0.023081,-0.030715,-0.03835,-0.045232,-0.051359,-0.057486,-0.062732,-0.067095,-0.07146,-0.07435,-0.075764,-0.077179,-0.076542,-0.073848,-0.071155,-0.058181,-0.034917,-0.011646
0,0,0,0,-0.2505,-0.2581,-0.27315,-0.29565,-0.31816,-0.33895,-0.35802,-0.37709,-0.39465,-0.41071,-0.42677,-0.43939,-0.44857,-0.45774,-0.46238,-0.46248,-0.46258,-0.45936,-0.45282,-0.44627,-0.43597,-0.4219,-0.40784,-0.39427,-0.38121,-0.36815,-0.35283,-0.33524,-0.31764,-0.30059,-0.2841,-0.2676,-0.24767,-0.2243,-0.20093,-0.17945,-0.15987,-0.1403,-0.12192,-0.10475,-0.087587,-0.072323,-0.058962,-0.045601,-0.034531,-0.025751,-0.016972,-0.0090328,-0.0019345,0.0051643,0.01093,0.015362,0.019795,0.023589,0.026744,0.029899,0.032437,0.034356,0.036275,0.037936,0.039339,0.040741,0.041635,0.042019,0.042403,0.043493,0.045289,0.047086,0.047457,0.046404,0.04535,0.043097,0.039646,0.036195,0.033227,0.030742,0.028257,0.025975,0.023896,0.021818,0.020056,0.01861,0.017165,0.016191,0.015688,0.015185,0.01529,0.016001,0.016714,0.018098,0.020152,0.022208,0.024955,0.028391,0.031829,0.035907,0.040626,0.045344,0.05117,0.058102,0.065034,0.072487,0.08046,0.088434,0.097616,0.10801,0.1184,0.12942,0.14108,0.15273,0.16559,0.17965,0.19371,0.20954,0.22714,0.24474,0.26294,0.28173,0.30052,0.32071,0.34229,0.36387,0.38449,0.40416,0.42383,0.44113,0.45606,0.47099,0.48106,0.48627,0.49147,0.49352,0.49241,0.49129,0.48601,0.47656,0.46712,0.45545,0.44157,0.42769,0.41211,0.39482,0.37753,0.35867,0.33825,0.31782,0.2972,0.27637,0.25555,0.23542,0.21597,0.19652,0.17927,0.16424,0.1492,0.13779,0.13,0.12221,0.11893,0.11441,0.10717,0.10101,0.093501,0.087944,0.082616,0.076812,0.071496,0.065177,0.058075,0.052048,0.047967,0.046652,0.050579,0.06113,0.073337,0.077455,0.069569,0.055384,0.048784,0.05926,0.082281,0.10759,0.12803,0.1432,0.15453,0.16402,0.17522,0.18795,0.20162,0.2183,0.23351,0.2445,0.25788,0.27515,0.28896,0.28938,0.27046,0.23853,0.21661,0.2171,0.22815,0.23256,0.23017,0.22836,0.2253,0.21607,0.19759,0.17627,0.1568,0.13766,0.11235,0.075495,0.035216,0.0038741,-0.010955,-0.01178,-0.018442,-0.049819,-0.10266,-0.1498,-0.16346,-0.14306,-0.11457,-0.10426,-0.12097,-0.1492,-0.16866,-0.1732,-0.16793,-0.16105,-0.15586,-0.15014,-0.14003,-0.12465,-0.099556,-0.065123,-0.012403,0,0,0,0,0,0,0,0,0,0,0,0,-0.049772,-0.099582,-0.12378,-0.16704,-0.21687,-0.25211,0,0,0,-0.17332,-0.099179,-0.017473,0,0,0,0,0,0,0,0,0,0,0,0,0,0,0,0,0,0,0,0,0,0,0,0,0,0,0,0,0,0,0,0,0.00062323,0.00187,0.003117,0.0034955,0,0,0,0.0010928,0.00030806,-0.00073195,-0.0020271,-0.0033221,-0.0048452,-0.0065967,-0.0083481,-0.010667,-0.013552,-0.016438,-0.019847,-0.02378,-0.027714,-0.031845,-0.036177,-0.040508,-0.04545,-0.051005,-0.056561,-0.063189,-0.070894,-0.078599,-0.086926,-0.095875,-0.10482,-0.11348,-0.12186,-0.13023,-0.13792,-0.14492,-0.15192,-0.15711,-0.1605,-0.16389,-0.16595,-0.16669,-0.16743,-0.16967,-0.17342,-0.17717,-0.17724,-0.17363,-0.17001,-0.16723,-0.16528,-0.16333,-0.1606,-0.15709,-0.15357,-0.15293,-0.15514,-0.15736,-0.16603,-0.18114,-0.19626,-0.21289,-0.23105,-0.2492,-0.2673,-0.28533,-0.30335,-0.31824,-0.32999,-0.34174,-0.35061,-0.35658,-0.36255,-0.36735,-0.37099,-0.37462,-0.37833,-0.38211,-0.38589,-0.3892,-0.39203,-0.39487,-0.39627,-0.39621,-0.39616,-0.39248,-0.38516,-0.37785,-0.36591,-0.34936,-0.3328,-0.31175,-0.28622,-0.26069,-0.23402,-0.20622,-0.17841,-0.15109,-0.12425,-0.097408,-0.070535,-0.04363,-0.016726,0.0094131,0.034786,0.060162,0.08625,0.11304,0.13983,0.16609,0.19182,0.21754,0.23918,0.25675,0.27431,0.29163,0.30871,0.32578,0.34108,0.35459,0.3681,0.37991,0.39001,0.40011,0.41129,0.42354,0.4358,0.44423,0.44883,0.45343,0.45674,0.45875,0.46076,0.4614,0.46067,0.45994,0.45862,0.45672,0.45482,0.45195,0.4481,0.44425,0.44057,0.43708,0.43359,0.4307,0.4284,0.4261,0.42439,0.42327,0.42215,0.42129,0.4207,0.42011,0.41939,0.41853,0.41768,0.41626,0.41429,0.41232,0.41288,0.41597,0.41906,0.41921,0.41641,0.41361,0.41158,0.41034,0.4091,0.4088,0.40944,0.41008,0.41137,0.41329,0.41521,0.41726,0.41943,0.4216,0.42353,0.42521,0.4269,0.4286,0.43031,0.43202,0.43424,0.43696,0.43969,0.44245,0.44524,0.44803,0.44902,0.44822,0.44741,0.44322,0.43566,0.42809,0.41762,0.40423,0.39084,0.37901,0.36874,0.35848,0.34615,0.33175,0.31736,0.30384,0.29121,0.27857,0.26671,0.25562,0.24454,0.23405,0.22417,0.21429,0.20468,0.19536,0.18605,0.17667,0.16723,0.1578,0.14811,0.13817,0.12823,0.11816,0.10798,0.097792,0.08771,0.077731,0.067752,0.057718,0.047629,0.037542,0.02737,0.017111,0.0068535,-0.0029795,-0.012388,-0.021798,-0.030498,-0.038487,-0.046476,-0.053848,-0.060604,-0.067359,-0.073253,-0.078286,-0.083318,-0.086567,-0.088032,-0.089496,-0.088424,-0.084813,-0.081204,-0.06617,-0.039706,-0.013241
0,0,0,0,-0.25131,-0.25835,-0.27249,-0.29375,-0.31501,-0.33473,-0.35291,-0.37109,-0.38847,-0.40504,-0.42162,-0.4342,-0.4428,-0.4514,-0.45616,-0.45709,-0.45801,-0.45516,-0.44854,-0.44192,-0.43181,-0.41821,-0.40461,-0.39057,-0.37609,-0.36161,-0.346,-0.32924,-0.31249,-0.29553,-0.27837,-0.26121,-0.2414,-0.21896,-0.19651,-0.17575,-0.15668,-0.13761,-0.1196,-0.10265,-0.085692,-0.070434,-0.056875,-0.043315,-0.0322,-0.023528,-0.014857,-0.0070794,-0.00019852,0.0066825,0.012429,0.01704,0.021652,0.025751,0.029339,0.032927,0.035957,0.038429,0.040902,0.04281,0.044152,0.045495,0.046343,0.046699,0.047055,0.048224,0.050207,0.052189,0.052536,0.051249,0.049961,0.047476,0.043795,0.040115,0.036812,0.033886,0.030961,0.028298,0.025897,0.023498,0.02141,0.019636,0.017861,0.016515,0.015595,0.014676,0.014361,0.014651,0.014942,0.01591,0.017557,0.019204,0.021508,0.024468,0.02743,0.030983,0.035126,0.039269,0.044326,0.050296,0.056265,0.062766,0.0698,0.076833,0.085446,0.095642,0.10584,0.11676,0.12842,0.14008,0.15254,0.16582,0.17909,0.19367,0.20956,0.22545,0.24257,0.2609,0.27924,0.29888,0.31983,0.34078,0.36108,0.38074,0.4004,0.41791,0.43329,0.44867,0.4599,0.46698,0.47405,0.47708,0.47607,0.47505,0.47041,0.46215,0.45388,0.44346,0.43087,0.41829,0.40401,0.38803,0.37205,0.35438,0.33502,0.31566,0.2956,0.27484,0.25408,0.23382,0.21405,0.19428,0.17734,0.16322,0.1491,0.13842,0.13118,0.12394,0.12006,0.1174,0.11143,0.10419,0.097824,0.094101,0.090819,0.08653,0.082349,0.077956,0.073874,0.070642,0.066575,0.061533,0.059701,0.065787,0.079402,0.090479,0.088643,0.073354,0.057874,0.057122,0.07425,0.10026,0.12398,0.14174,0.1547,0.1648,0.17326,0.18355,0.19636,0.21259,0.22888,0.24077,0.25322,0.26633,0.27862,0.28521,0.2763,0.25447,0.23152,0.22112,0.225,0.22758,0.22775,0.22898,0.22657,0.21749,0.19966,0.17865,0.1597,0.14216,0.12072,0.090276,0.054636,0.027279,0.018063,0.019537,0.0085566,-0.03288,-0.094043,-0.13797,-0.14162,-0.11436,-0.085901,-0.079947,-0.1039,-0.14144,-0.16834,-0.17712,-0.17259,-0.16612,-0.16679,-0.17175,-0.16604,-0.13948,-0.049036,-0.028813,-0.012403,0,0,0,0,0,0,0,0,0,0,0,-0.052258,-0.10363,-0.11324,-0.1342,-0.16729,-0.20727,-0.12944,0,0,0,-0.13347,-0.086908,-0.024844,0,0,0,0,0,0,0,0,0,0,0,0,0,0,0,0,0,0,0,0,0,0,0,0,0,0,0,0,0,0,0,0,0.00051212,0.0015364,0.0025609,0.002951,0,0,0,0.0014606,0.00087472,3.5814e-06,-0.0011528,-0.0023097,-0.0038273,-0.0057059,-0.0075847,-0.010017,-0.013003,-0.015989,-0.01953,-0.023627,-0.027723,-0.03227,-0.037268,-0.042264,-0.048084,-0.054729,-0.061374,-0.068893,-0.077289,-0.085685,-0.09421,-0.10287,-0.11152,-0.11942,-0.12657,-0.13371,-0.14086,-0.148,-0.15514,-0.15999,-0.16254,-0.1651,-0.16551,-0.16377,-0.16203,-0.16096,-0.16058,-0.16019,-0.15776,-0.15329,-0.14881,-0.14518,-0.14238,-0.13959,-0.13673,-0.13379,-0.13086,-0.13176,-0.13647,-0.14119,-0.15184,-0.16845,-0.18506,-0.20248,-0.22072,-0.23896,-0.25672,-0.27402,-0.29131,-0.30543,-0.31637,-0.32732,-0.33564,-0.34135,-0.34706,-0.35204,-0.35628,-0.36053,-0.36494,-0.36951,-0.37408,-0.37794,-0.38109,-0.38425,-0.38543,-0.38465,-0.38388,-0.37903,-0.37013,-0.36122,-0.34786,-0.33005,-0.31225,-0.29069,-0.26538,-0.24007,-0.21389,-0.18683,-0.15977,-0.13294,-0.10634,-0.079737,-0.053537,-0.027741,-0.0019435,0.023851,0.049642,0.07544,0.10092,0.12607,0.15122,0.17656,0.20209,0.22761,0.24989,0.26891,0.28793,0.30583,0.32262,0.33941,0.35424,0.36711,0.37998,0.39104,0.40029,0.40954,0.41879,0.42803,0.43728,0.44374,0.4474,0.45107,0.45349,0.45467,0.45584,0.4557,0.45424,0.45278,0.45183,0.45141,0.45099,0.44869,0.44451,0.44033,0.43638,0.43267,0.42895,0.42581,0.42326,0.4207,0.41871,0.41729,0.41586,0.41468,0.41374,0.4128,0.41171,0.41048,0.40924,0.40743,0.40504,0.40265,0.40265,0.40504,0.40744,0.40694,0.40356,0.40017,0.39771,0.39617,0.39464,0.39426,0.39502,0.39579,0.39721,0.39928,0.40135,0.40339,0.4054,0.40742,0.40906,0.41032,0.41158,0.41282,0.41404,0.41527,0.4171,0.41953,0.42197,0.42461,0.42745,0.43029,0.43144,0.43089,0.43034,0.42642,0.41914,0.41185,0.4017,0.3887,0.37569,0.36437,0.35474,0.34511,0.33348,0.31985,0.30622,0.29343,0.28146,0.2695,0.25814,0.24739,0.23664,0.2263,0.21638,0.20646,0.1967,0.1871,0.1775,0.16783,0.1581,0.14837,0.13851,0.12854,0.11856,0.10856,0.098544,0.088524,0.078656,0.068941,0.059225,0.049518,0.039821,0.030125,0.020354,0.010508,0.00066189,-0.0088904,-0.018149,-0.027407,-0.036218,-0.044582,-0.052944,-0.060993,-0.068729,-0.076464,-0.083416,-0.089585,-0.095755,-0.099694,-0.1014,-0.10311,-0.10151,-0.096614,-0.091715,-0.074392,-0.044639,-0.014882
0,0,0,0,-0.25213,-0.25859,-0.27183,-0.29185,-0.31186,-0.33051,-0.34781,-0.3651,-0.38229,-0.39938,-0.41646,-0.42902,-0.43704,-0.44506,-0.44994,-0.45169,-0.45344,-0.45097,-0.44427,-0.43757,-0.42766,-0.41452,-0.40138,-0.38686,-0.37096,-0.35507,-0.33916,-0.32325,-0.30734,-0.29047,-0.27264,-0.25481,-0.23514,-0.21361,-0.19209,-0.17204,-0.15349,-0.13493,-0.11728,-0.10054,-0.083797,-0.068545,-0.054786,-0.041028,-0.029867,-0.021304,-0.01274,-0.0051258,0.0015372,0.0082002,0.013927,0.018718,0.023509,0.027915,0.031934,0.035954,0.039477,0.042502,0.045529,0.047683,0.048965,0.050247,0.051052,0.05138,0.051708,0.052956,0.055124,0.057293,0.057616,0.056094,0.054572,0.051855,0.047945,0.044035,0.040397,0.037031,0.033666,0.03062,0.027899,0.025178,0.022765,0.020662,0.018559,0.016839,0.015503,0.014167,0.013433,0.013302,0.01317,0.013723,0.014961,0.016199,0.01806,0.020545,0.023032,0.026059,0.029626,0.033193,0.03748,0.042488,0.047498,0.053048,0.059139,0.065231,0.073277,0.083276,0.093276,0.1041,0.11576,0.12742,0.13949,0.15198,0.16446,0.1778,0.19198,0.20617,0.2222,0.24007,0.25795,0.27705,0.29737,0.31769,0.33767,0.35732,0.37696,0.39469,0.41052,0.42635,0.43874,0.44769,0.45663,0.46065,0.45973,0.45881,0.45481,0.44773,0.44065,0.43146,0.42018,0.40889,0.39591,0.38124,0.36657,0.35009,0.33179,0.31349,0.294,0.2733,0.25261,0.23222,0.21213,0.19205,0.1754,0.16221,0.14901,0.13906,0.13237,0.12567,0.12073,0.11946,0.11519,0.10781,0.10325,0.10026,0.098423,0.096053,0.093262,0.090539,0.087747,0.085087,0.080829,0.075304,0.071528,0.073731,0.084636,0.097662,0.099377,0.085796,0.068897,0.064012,0.076222,0.097906,0.11941,0.13772,0.15225,0.16236,0.16919,0.1762,0.18825,0.2059,0.22101,0.23409,0.24827,0.25951,0.27086,0.28066,0.27968,0.26696,0.24528,0.22819,0.2253,0.22756,0.22913,0.23018,0.2275,0.21652,0.19764,0.17713,0.16092,0.14883,0.1318,0.10384,0.072515,0.05042,0.045006,0.045483,0.026879,-0.023933,-0.085323,-0.11971,-0.11379,-0.085228,-0.061885,-0.065483,-0.096331,-0.13393,-0.16536,-0.18121,-0.18102,-0.17915,-0.18468,-0.19325,-0.18867,-0.073715,0,0,0,0,0,0,0,0,0,0,0,0,0,-0.056768,-0.11162,-0.11313,-0.1197,-0.13551,-0.15701,-0.1832,0,0,0,0,-0.056775,-0.048485,-0.022913,0,0,0,0,0,0,0,0,0,0,0,0,0,0,0,0,0,0,0,0,0,0,0,0,0,0,0,0,0,0,0,0,0.00040101,0.001203,0.0020051,0.0024068,0.0011294,0.0011912,0.0011503,0.0018291,0.0014425,0.00074005,-0.0002779,-0.0012965,-0.0028083,-0.0048139,-0.0068207,-0.0093672,-0.012453,-0.015539,-0.019212,-0.023472,-0.027733,-0.032694,-0.038357,-0.044019,-0.050718,-0.058452,-0.066186,-0.074596,-0.083684,-0.092771,-0.10149,-0.10985,-0.11822,-0.12535,-0.13128,-0.13719,-0.1438,-0.15108,-0.15836,-0.16286,-0.16458,-0.16631,-0.16506,-0.16084,-0.15662,-0.15225,-0.14773,-0.14321,-0.13828,-0.13295,-0.12761,-0.12312,-0.11948,-0.11584,-0.11285,-0.1105,-0.10816,-0.11059,-0.1178,-0.12502,-0.13767,-0.15577,-0.17386,-0.19207,-0.21039,-0.22871,-0.24615,-0.26271,-0.27928,-0.29262,-0.30276,-0.31289,-0.32068,-0.32612,-0.33157,-0.33672,-0.34158,-0.34644,-0.35155,-0.35691,-0.36228,-0.36669,-0.37016,-0.37362,-0.3746,-0.37309,-0.37159,-0.36559,-0.35509,-0.34459,-0.32981,-0.31075,-0.2917,-0.26963,-0.24454,-0.21945,-0.19376,-0.16745,-0.14114,-0.1148,-0.088437,-0.062071,-0.036541,-0.011852,0.012836,0.038288,0.064501,0.090718,0.11558,0.1391,0.16261,0.18703,0.21236,0.23769,0.26059,0.28107,0.30154,0.32003,0.33653,0.35303,0.36739,0.37963,0.39186,0.40217,0.41057,0.41897,0.42629,0.43253,0.43876,0.44325,0.44598,0.44871,0.45025,0.45059,0.45093,0.45,0.44781,0.44562,0.44505,0.4461,0.44716,0.44543,0.44092,0.43641,0.43219,0.42825,0.42431,0.42093,0.41812,0.4153,0.41303,0.41131,0.40958,0.40807,0.40678,0.40548,0.40403,0.40242,0.40081,0.3986,0.39578,0.39297,0.39242,0.39412,0.39582,0.39468,0.39071,0.38673,0.38383,0.38201,0.38018,0.37971,0.3806,0.38149,0.38305,0.38527,0.38749,0.38952,0.39138,0.39324,0.39459,0.39542,0.39626,0.39704,0.39777,0.39851,0.39995,0.4021,0.40425,0.40677,0.40966,0.41256,0.41386,0.41357,0.41328,0.40963,0.40262,0.39561,0.38579,0.37317,0.36054,0.34973,0.34074,0.33174,0.32081,0.30795,0.29509,0.28301,0.27172,0.26043,0.24957,0.23915,0.22873,0.21855,0.20859,0.19863,0.18871,0.17883,0.16895,0.15899,0.14896,0.13894,0.12892,0.11891,0.1089,0.098965,0.08911,0.079256,0.069603,0.06015,0.050698,0.041318,0.032013,0.022709,0.013339,0.0039051,-0.0055297,-0.014802,-0.023909,-0.033017,-0.041938,-0.050675,-0.059412,-0.068138,-0.076854,-0.085568,-0.093578,-0.10088,-0.10819,-0.11282,-0.11477,-0.11672,-0.1146,-0.10842,-0.10223,-0.082617,-0.049578,-0.0078521
0,0,0,0,-0.24948,-0.25633,-0.26904,-0.28761,-0.30618,-0.32383,-0.34057,-0.35731,-0.37441,-0.39186,-0.40932,-0.42201,-0.42993,-0.43785,-0.44287,-0.445,-0.44712,-0.44476,-0.43792,-0.43107,-0.42141,-0.40893,-0.39645,-0.38173,-0.36476,-0.34779,-0.3314,-0.31558,-0.29976,-0.28307,-0.26551,-0.24795,-0.22872,-0.20781,-0.18689,-0.16718,-0.14865,-0.13013,-0.11264,-0.096205,-0.079766,-0.064764,-0.051196,-0.037628,-0.026685,-0.018367,-0.010048,-0.0027073,0.0036574,0.010022,0.015645,0.020528,0.025409,0.029983,0.034248,0.038512,0.042352,0.045768,0.049184,0.051613,0.053055,0.054496,0.055473,0.055986,0.056499,0.057899,0.060187,0.062475,0.062758,0.061035,0.059311,0.056366,0.0522,0.048034,0.044092,0.040376,0.036659,0.033311,0.030334,0.027357,0.024666,0.022262,0.019858,0.017775,0.016014,0.014253,0.013062,0.012443,0.011825,0.011883,0.012618,0.013354,0.014682,0.016604,0.018526,0.020963,0.023916,0.026867,0.03037,0.034427,0.038485,0.043111,0.048308,0.053506,0.061013,0.07083,0.080649,0.09135,0.10293,0.11452,0.12619,0.13796,0.14973,0.16218,0.17533,0.18847,0.20363,0.22081,0.238,0.25648,0.27627,0.29607,0.31576,0.33533,0.3549,0.37278,0.38896,0.40516,0.41838,0.42864,0.4389,0.4439,0.44364,0.44338,0.44027,0.4343,0.42833,0.42027,0.41009,0.39992,0.38805,0.37447,0.3609,0.34545,0.32815,0.31084,0.29207,0.27186,0.25164,0.23151,0.21148,0.19145,0.1749,0.16181,0.14872,0.13916,0.13313,0.1271,0.12382,0.12262,0.11942,0.11367,0.10949,0.10822,0.10729,0.10662,0.10496,0.10132,0.09807,0.096961,0.095902,0.09189,0.085798,0.08293,0.087042,0.095733,0.0985,0.090673,0.080306,0.077826,0.086409,0.10086,0.11567,0.13035,0.1451,0.15547,0.16204,0.16871,0.1799,0.19662,0.21411,0.22885,0.24109,0.25274,0.2643,0.27463,0.2788,0.27184,0.25665,0.23968,0.22909,0.22947,0.23037,0.22999,0.22713,0.21646,0.19838,0.17818,0.16327,0.15267,0.138,0.1134,0.088586,0.072735,0.068196,0.062867,0.033653,-0.020755,-0.071428,-0.091892,-0.081623,-0.059962,-0.049414,-0.062275,-0.092905,-0.1278,-0.16047,-0.18088,-0.18755,-0.19103,-0.1995,-0.20913,-0.20149,0,0,0,0,0,0,0,0,0,0,0,0,0,-0.061707,-0.1201,-0.12409,-0.12246,-0.12374,-0.13068,-0.13937,-0.15165,0,0,0,0,0,0,0,0,0,0,0,0,0,0,0,0,0,0,0,0,0,0,0,0,0,0,0,0,0,0,0,0,0,0,0,0,0,0,0,0.00017269,0.0012808,0.0021349,0.0027063,0.0011294,0.0011912,0.0034777,0.0035777,0.0036779,0.0032726,0.0023632,0.0014533,-0.00010352,-0.0023075,-0.0045134,-0.0072079,-0.010391,-0.013574,-0.01734,-0.021692,-0.026043,-0.031382,-0.03771,-0.044039,-0.051632,-0.060489,-0.069345,-0.078713,-0.088595,-0.098477,-0.10755,-0.1158,-0.12406,-0.13092,-0.13638,-0.14184,-0.14776,-0.15415,-0.16054,-0.16373,-0.16371,-0.1637,-0.16048,-0.15406,-0.14763,-0.14088,-0.13381,-0.12673,-0.12018,-0.11415,-0.10812,-0.10297,-0.098706,-0.094436,-0.09174,-0.090617,-0.089495,-0.093609,-0.10296,-0.11232,-0.12651,-0.14552,-0.16453,-0.18301,-0.20096,-0.21891,-0.23571,-0.25137,-0.26703,-0.2796,-0.2891,-0.2986,-0.30612,-0.31167,-0.31722,-0.32279,-0.32837,-0.33396,-0.33978,-0.34584,-0.3519,-0.35663,-0.36005,-0.36346,-0.3639,-0.36135,-0.35881,-0.35156,-0.33962,-0.32768,-0.3116,-0.29138,-0.27115,-0.2486,-0.22373,-0.19886,-0.17382,-0.14861,-0.12339,-0.097862,-0.072016,-0.04617,-0.021258,0.0027155,0.02669,0.051495,0.077127,0.10276,0.12742,0.1511,0.17479,0.19914,0.22414,0.24915,0.27214,0.29314,0.31413,0.33269,0.34881,0.36492,0.37879,0.3904,0.40202,0.41165,0.41929,0.42693,0.43292,0.43725,0.44159,0.44464,0.44642,0.4482,0.44881,0.44826,0.44771,0.446,0.44312,0.44024,0.43957,0.44111,0.44265,0.44101,0.43618,0.43136,0.42685,0.42267,0.41848,0.41487,0.41182,0.40878,0.40627,0.40431,0.40234,0.40056,0.39896,0.39736,0.39555,0.39353,0.39151,0.38886,0.38557,0.38228,0.38117,0.38223,0.38329,0.38163,0.37726,0.37289,0.36969,0.36766,0.36563,0.36509,0.36603,0.36696,0.36858,0.37086,0.37315,0.37515,0.37685,0.37856,0.37966,0.38016,0.38066,0.38157,0.3829,0.38423,0.38586,0.38779,0.38972,0.39214,0.39506,0.39799,0.39943,0.39941,0.39939,0.39607,0.38944,0.38281,0.37342,0.36125,0.34908,0.33835,0.32904,0.31974,0.30895,0.29669,0.28442,0.27291,0.26215,0.25139,0.24094,0.23081,0.22068,0.21063,0.20067,0.19071,0.1807,0.17062,0.16055,0.15038,0.14011,0.12984,0.11966,0.10957,0.099471,0.089565,0.079847,0.07013,0.060698,0.05155,0.042402,0.033416,0.024595,0.015775,0.0069202,-0.0019669,-0.010855,-0.019723,-0.028568,-0.037413,-0.046376,-0.05546,-0.064545,-0.073974,-0.083748,-0.093521,-0.10271,-0.11132,-0.11994,-0.12543,-0.12779,-0.13016,-0.12769,-0.12039,-0.11309,-0.091203,-0.054733,0
0,0,0,0,-0.24338,-0.25157,-0.26413,-0.28105,-0.29798,-0.3147,-0.33122,-0.34774,-0.36483,-0.38251,-0.40019,-0.41317,-0.42147,-0.42977,-0.43495,-0.437,-0.43905,-0.43655,-0.42948,-0.42242,-0.41308,-0.40145,-0.38983,-0.37517,-0.35748,-0.33979,-0.32271,-0.30624,-0.28977,-0.27335,-0.25699,-0.24062,-0.22214,-0.20154,-0.18094,-0.16115,-0.14218,-0.12321,-0.1057,-0.089655,-0.07361,-0.059093,-0.046103,-0.033113,-0.022651,-0.014717,-0.0067834,0.00017591,0.0061621,0.012148,0.017584,0.022469,0.027354,0.031957,0.036279,0.040601,0.044584,0.048226,0.051869,0.054601,0.056421,0.05824,0.059606,0.060517,0.061428,0.063055,0.065396,0.067737,0.067962,0.066071,0.064179,0.061009,0.056561,0.052112,0.047898,0.04392,0.039942,0.036369,0.033202,0.030036,0.027114,0.024435,0.021757,0.019321,0.017126,0.014932,0.013249,0.012077,0.010905,0.010389,0.010528,0.010667,0.011372,0.012641,0.013911,0.015695,0.017994,0.020293,0.022998,0.02611,0.029224,0.032955,0.037305,0.041657,0.04866,0.058312,0.067966,0.078506,0.089932,0.10136,0.11263,0.12375,0.13487,0.14682,0.15959,0.17236,0.18687,0.20313,0.21938,0.23719,0.25655,0.27592,0.29534,0.31478,0.33423,0.35218,0.36863,0.38508,0.39882,0.40984,0.42085,0.42684,0.42781,0.42877,0.42679,0.42187,0.41694,0.40986,0.40063,0.39139,0.38042,0.36772,0.35502,0.34048,0.32409,0.3077,0.28983,0.2705,0.25116,0.2317,0.2121,0.1925,0.17581,0.16203,0.14824,0.13872,0.13347,0.12821,0.12715,0.12656,0.12273,0.11983,0.1173,0.11635,0.117,0.11664,0.11399,0.1102,0.10884,0.11053,0.11192,0.1095,0.10242,0.094575,0.089983,0.090871,0.093473,0.094124,0.095892,0.099931,0.10432,0.10891,0.11439,0.12299,0.136,0.14777,0.15571,0.16273,0.17299,0.18882,0.20844,0.22589,0.23639,0.24409,0.25284,0.26154,0.27001,0.27128,0.26309,0.25021,0.23624,0.23024,0.23058,0.2309,0.22766,0.21733,0.20121,0.18325,0.16764,0.15353,0.13675,0.11836,0.10285,0.093803,0.087697,0.069771,0.030756,-0.017639,-0.051671,-0.059795,-0.05054,-0.041508,-0.044409,-0.060931,-0.087137,-0.11733,-0.14871,-0.17389,-0.18799,-0.19533,-0.20514,-0.21566,-0.20486,0,0,0,0,0,0,0,0,0,0,0,0,-0.05782,-0.12546,-0.13085,-0.13315,-0.12699,-0.11883,-0.11536,-0.11608,-0.11816,0,0,0,0,0,0,0,0,0,0,0,0,0,0,0,0,0,0,0,0,0,0,0,0,0,0,0,0,0,0,0,0,0,0,0,0,0,0,0,0,0.00076269,0.0012712,0.0016389,0,0,0.0058316,0.0067055,0.0075794,0.0076005,0.0067698,0.0059388,0.0042863,-0.00012382,-0.00066389,-0.0035402,-0.0068174,-0.010095,-0.013918,-0.018286,-0.022655,-0.028335,-0.035328,-0.042321,-0.050824,-0.060838,-0.070851,-0.081245,-0.092024,-0.1028,-0.11237,-0.12071,-0.12906,-0.13611,-0.14188,-0.14764,-0.15275,-0.15722,-0.16169,-0.1626,-0.15994,-0.15727,-0.15176,-0.14341,-0.13506,-0.12686,-0.11881,-0.11076,-0.10346,-0.096909,-0.090355,-0.084735,-0.080049,-0.075364,-0.073393,-0.074135,-0.074878,-0.080821,-0.091962,-0.1031,-0.11835,-0.13771,-0.15706,-0.17531,-0.19244,-0.20957,-0.22542,-0.23999,-0.25456,-0.26637,-0.27541,-0.28445,-0.29198,-0.29799,-0.304,-0.31023,-0.31666,-0.3231,-0.32964,-0.33629,-0.34294,-0.34777,-0.35078,-0.35379,-0.35334,-0.34943,-0.34552,-0.33695,-0.32372,-0.31049,-0.29322,-0.27192,-0.25061,-0.22762,-0.20296,-0.1783,-0.15408,-0.13031,-0.10653,-0.082122,-0.057079,-0.032035,-0.0076869,0.015964,0.039616,0.063466,0.087515,0.11157,0.13643,0.16209,0.18775,0.21286,0.23742,0.26197,0.28454,0.30512,0.3257,0.34381,0.35945,0.37509,0.38842,0.39944,0.41046,0.41946,0.42643,0.43341,0.43868,0.44222,0.44576,0.44793,0.44873,0.44952,0.44917,0.44768,0.44619,0.44368,0.44016,0.43663,0.43539,0.43643,0.43746,0.43542,0.43029,0.42516,0.42037,0.41592,0.41148,0.40763,0.40438,0.40113,0.39844,0.39629,0.39414,0.39214,0.39029,0.38843,0.38628,0.38382,0.38135,0.37821,0.3744,0.37058,0.3689,0.36938,0.36985,0.3678,0.36322,0.35864,0.35528,0.35314,0.351,0.35038,0.35129,0.35221,0.3538,0.35607,0.35835,0.36026,0.36182,0.36338,0.36428,0.36453,0.36478,0.36641,0.36943,0.37244,0.37483,0.3766,0.37838,0.38073,0.38365,0.38658,0.38817,0.38843,0.38868,0.38574,0.37961,0.37347,0.36459,0.35295,0.34131,0.33022,0.31966,0.30911,0.29791,0.28607,0.27422,0.26312,0.25275,0.24238,0.23225,0.22236,0.21247,0.20256,0.19263,0.1827,0.17264,0.16247,0.1523,0.14199,0.13154,0.12109,0.11075,0.10052,0.090283,0.080364,0.070756,0.061148,0.051943,0.04314,0.034337,0.025812,0.017569,0.0093262,0.0011,-0.007107,-0.015315,-0.023655,-0.032124,-0.040595,-0.049532,-0.058936,-0.068342,-0.0785,-0.089412,-0.10032,-0.11082,-0.1209,-0.13099,-0.13751,-0.14047,-0.14343,-0.14079,-0.13254,-0.1243,-0.10015,-0.0601,-0.010466
0,0,0,0,-0.23728,-0.24681,-0.25921,-0.27449,-0.28977,-0.30556,-0.32187,-0.33817,-0.35526,-0.37316,-0.39105,-0.40434,-0.41302,-0.4217,-0.42703,-0.429,-0.43098,-0.42833,-0.42105,-0.41377,-0.40474,-0.39398,-0.38321,-0.36862,-0.3502,-0.33178,-0.31401,-0.2969,-0.27978,-0.26363,-0.24846,-0.2333,-0.21557,-0.19528,-0.17498,-0.15513,-0.13571,-0.11629,-0.098755,-0.083103,-0.067455,-0.053424,-0.041011,-0.028599,-0.018618,-0.011068,-0.003518,0.0030605,0.0086678,0.014275,0.019523,0.024411,0.029298,0.033931,0.03831,0.04269,0.046815,0.050684,0.054553,0.057588,0.059786,0.061984,0.063738,0.065048,0.066358,0.06821,0.070604,0.072999,0.073167,0.071108,0.069049,0.065653,0.060922,0.056191,0.051705,0.047465,0.043225,0.039427,0.036071,0.032715,0.029561,0.026608,0.023657,0.020867,0.018239,0.015612,0.013435,0.01171,0.0099858,0.008895,0.0084382,0.0079814,0.0080617,0.0086788,0.0092961,0.010428,0.012073,0.013719,0.015626,0.017794,0.019963,0.022799,0.026302,0.029808,0.036306,0.045795,0.055284,0.065663,0.076932,0.088202,0.099074,0.10955,0.12002,0.13146,0.14385,0.15625,0.17011,0.18543,0.20076,0.21789,0.23683,0.25578,0.27491,0.29424,0.31356,0.33158,0.3483,0.36502,0.37926,0.39104,0.40281,0.40979,0.41197,0.41416,0.41331,0.40943,0.40555,0.39946,0.39116,0.38286,0.3728,0.36097,0.34915,0.3355,0.32003,0.30455,0.28759,0.26914,0.25069,0.23188,0.21272,0.19355,0.17673,0.16225,0.14777,0.13829,0.13381,0.12933,0.12831,0.12991,0.12814,0.12536,0.12493,0.1249,0.12475,0.12345,0.12054,0.11948,0.1216,0.12412,0.12452,0.12194,0.11629,0.10828,0.099409,0.093719,0.093801,0.099791,0.11094,0.12048,0.12171,0.11827,0.11575,0.11886,0.12964,0.14214,0.15126,0.15805,0.16734,0.18306,0.20282,0.22058,0.2321,0.23931,0.24603,0.25229,0.25984,0.26356,0.25794,0.25082,0.2405,0.23142,0.23165,0.23127,0.22964,0.22351,0.20906,0.19229,0.17569,0.15816,0.13822,0.12181,0.11435,0.1117,0.10162,0.074823,0.030367,-0.0099243,-0.027104,-0.027877,-0.024605,-0.027727,-0.039637,-0.05818,-0.079317,-0.10252,-0.13118,-0.15956,-0.17978,-0.1923,-0.20289,-0.2138,-0.20404,0,0,0,0,0,0,0,0,0,-0.019814,-0.04172,-0.054901,-0.11831,-0.12828,-0.13653,-0.1396,-0.12739,-0.11082,-0.097563,-0.089759,-0.089054,-0.031035,-0.020223,0,0,0,0,0,0,0,0,0,0,0,0,0,0,0,0,0,0,0,0,0,0,0,0,0,0,0,0,0,0,0,0,0,0,0,0,0,0,0,0,0,0,0,0.0081856,0.0098333,0.011481,0.011929,0.011177,0.010426,0.0086771,0,0.0031856,0.00012719,-0.0032439,-0.0066159,-0.010496,-0.014881,-0.019266,-0.025288,-0.032946,-0.040602,-0.050016,-0.061185,-0.072354,-0.083776,-0.095452,-0.10713,-0.11718,-0.12562,-0.13406,-0.14131,-0.14737,-0.15344,-0.15774,-0.16029,-0.16284,-0.16146,-0.15615,-0.15084,-0.14305,-0.13277,-0.12249,-0.11284,-0.10382,-0.094797,-0.086747,-0.079667,-0.072587,-0.066497,-0.061395,-0.056293,-0.055046,-0.057655,-0.060264,-0.068031,-0.080955,-0.09388,-0.1102,-0.1299,-0.1496,-0.1676,-0.18391,-0.20023,-0.21513,-0.22862,-0.24211,-0.25314,-0.26172,-0.27031,-0.27784,-0.28431,-0.29079,-0.29767,-0.30495,-0.31224,-0.3195,-0.32674,-0.33397,-0.3389,-0.3415,-0.34411,-0.34278,-0.33751,-0.33224,-0.32235,-0.30783,-0.29331,-0.27485,-0.25246,-0.23007,-0.20665,-0.18219,-0.15774,-0.13435,-0.11201,-0.089675,-0.066386,-0.042146,-0.017904,0.0058822,0.02921,0.052538,0.075437,0.097905,0.12037,0.14543,0.17308,0.20072,0.22659,0.25069,0.27479,0.29693,0.3171,0.33727,0.35493,0.37009,0.38525,0.39804,0.40847,0.41889,0.42726,0.43358,0.4399,0.44443,0.44718,0.44994,0.45122,0.45103,0.45084,0.44953,0.4471,0.44466,0.44136,0.4372,0.43303,0.43121,0.43175,0.43228,0.42983,0.4244,0.41896,0.41389,0.40918,0.40447,0.40039,0.39694,0.39349,0.3906,0.38827,0.38594,0.38372,0.38161,0.37951,0.377,0.3741,0.3712,0.36757,0.36322,0.35887,0.35664,0.35652,0.35641,0.35396,0.34918,0.34439,0.34087,0.33862,0.33637,0.33568,0.33657,0.33745,0.33902,0.34128,0.34354,0.34537,0.34678,0.34819,0.3489,0.34891,0.34891,0.35126,0.35595,0.36064,0.3638,0.36542,0.36703,0.36931,0.37224,0.37517,0.3769,0.37744,0.37797,0.37541,0.36977,0.36413,0.35575,0.34465,0.33354,0.32209,0.31028,0.29848,0.28687,0.27545,0.26403,0.25333,0.24335,0.23337,0.22356,0.21391,0.20427,0.19449,0.18459,0.17468,0.1646,0.15432,0.14405,0.1336,0.12297,0.11234,0.10184,0.091467,0.081096,0.071163,0.061665,0.052167,0.04319,0.034732,0.026273,0.01821,0.010544,0.0028779,-0.0047192,-0.012246,-0.019774,-0.027586,-0.035681,-0.043776,-0.052687,-0.062412,-0.072138,-0.083027,-0.095075,-0.10712,-0.11892,-0.13048,-0.14204,-0.14959,-0.15314,-0.15669,-0.15387,-0.14469,-0.13551,-0.1091,-0.065468,-0.021828
0,0,0,0,-0.23176,-0.23962,-0.2512,-0.26649,-0.28178,-0.29757,-0.31387,-0.33017,-0.34721,-0.36499,-0.38278,-0.39572,-0.40382,-0.41192,-0.41692,-0.41883,-0.42074,-0.41796,-0.4105,-0.40304,-0.39404,-0.38351,-0.37297,-0.35875,-0.34085,-0.32295,-0.30527,-0.28782,-0.27037,-0.25428,-0.23957,-0.22486,-0.2077,-0.18809,-0.16847,-0.14894,-0.12949,-0.11005,-0.092574,-0.077079,-0.061585,-0.047852,-0.03588,-0.023909,-0.014414,-0.0073914,-0.00036901,0.0057386,0.010931,0.016124,0.021124,0.025933,0.030742,0.035338,0.039722,0.044108,0.048335,0.052403,0.056472,0.059888,0.06265,0.065413,0.067729,0.069598,0.071467,0.073613,0.076036,0.078459,0.078509,0.076186,0.073862,0.070237,0.06531,0.060384,0.055706,0.051276,0.046848,0.042836,0.039241,0.035647,0.032208,0.028924,0.025641,0.02247,0.019409,0.01635,0.013686,0.011419,0.009153,0.0074765,0.0063904,0.005304,0.0047332,0.0046781,0.0046233,0.0050973,0.0061,0.0071037,0.0082697,0.0095954,0.010922,0.013004,0.015838,0.018674,0.024724,0.033987,0.04325,0.053333,0.064237,0.075144,0.085552,0.095463,0.10538,0.11639,0.1285,0.14062,0.1542,0.16924,0.18428,0.20116,0.21987,0.23858,0.2575,0.27662,0.29575,0.31369,0.33045,0.34722,0.36162,0.37366,0.38569,0.39329,0.39646,0.39962,0.39972,0.39678,0.39383,0.38868,0.38132,0.37396,0.36482,0.35391,0.343,0.33027,0.31573,0.30119,0.2851,0.26748,0.24985,0.23189,0.21357,0.19526,0.17895,0.16466,0.15037,0.14128,0.13738,0.13349,0.13187,0.13296,0.13387,0.13275,0.13156,0.13202,0.13177,0.13006,0.12886,0.13029,0.13272,0.13288,0.13108,0.1281,0.1245,0.12026,0.11406,0.10657,0.1034,0.10904,0.12105,0.13068,0.13001,0.12268,0.116,0.11639,0.12588,0.13821,0.14764,0.15432,0.16323,0.17742,0.1958,0.21349,0.22606,0.2347,0.24089,0.24496,0.24775,0.24832,0.24786,0.24592,0.23791,0.23145,0.23154,0.22902,0.22861,0.2261,0.21455,0.20075,0.18391,0.16224,0.13814,0.12235,0.11969,0.12433,0.11574,0.0829,0.036086,0.0044668,0.00032054,0.001772,-0.002677,-0.016134,-0.035066,-0.053039,-0.068238,-0.0846,-0.10892,-0.13903,-0.16612,-0.18419,-0.19462,-0.20279,-0.19614,0,0,0,0,0,0,0,0,0.0052663,-0.044823,-0.089809,-0.11289,-0.12526,-0.13458,-0.14237,-0.14345,-0.12784,-0.10347,-0.081782,-0.070153,-0.064117,-0.051559,-0.03492,-0.0096348,-0.0057367,-0.0034713,0,0,0,0,0,0,0,0,0,0,0,0,0,0,0,0,0,0,0,0,0,0,0,0,0,0,0,0,0,0,0,0,0,0,0,0,0.0027819,0.0037246,0.0044965,0.0052683,0.01108,0.013588,0.016096,0.017187,0.016862,0.016536,0.014734,0.0074591,0.0081765,0.004717,0.0010762,-0.0025655,-0.0065514,-0.010881,-0.01521,-0.02139,-0.029424,-0.037459,-0.047624,-0.059919,-0.072213,-0.084777,-0.097613,-0.054645,-0.059796,-0.13003,-0.13881,-0.14592,-0.15137,-0.15682,-0.15989,-0.16057,-0.16125,-0.15786,-0.15038,-0.1429,-0.13335,-0.12171,-0.11007,-0.099365,-0.08959,-0.079815,-0.071188,-0.063711,-0.056233,-0.050048,-0.045157,-0.040267,-0.039978,-0.044293,-0.048611,-0.057909,-0.072189,-0.086469,-0.10352,-0.12335,-0.14318,-0.16082,-0.17626,-0.1917,-0.20564,-0.21809,-0.23053,-0.24081,-0.24894,-0.25706,-0.26455,-0.2714,-0.27824,-0.28569,-0.29375,-0.3018,-0.30965,-0.3173,-0.32494,-0.32999,-0.33244,-0.33489,-0.33282,-0.32621,-0.3196,-0.3084,-0.2926,-0.27681,-0.25729,-0.23406,-0.21083,-0.18725,-0.16331,-0.13936,-0.11658,-0.094953,-0.073325,-0.050924,-0.027749,-0.0045718,0.018458,0.041344,0.06423,0.086764,0.10895,0.13114,0.15616,0.18401,0.21186,0.23802,0.26247,0.28693,0.30895,0.32852,0.3481,0.36516,0.3797,0.39424,0.40641,0.41621,0.42601,0.43373,0.43939,0.44504,0.44887,0.45088,0.45288,0.45334,0.45226,0.45119,0.44899,0.44569,0.44238,0.43833,0.43353,0.42873,0.42632,0.4263,0.42628,0.42339,0.41763,0.41187,0.40655,0.40165,0.39675,0.3925,0.38891,0.38532,0.38224,0.37965,0.37707,0.37454,0.37207,0.3696,0.36668,0.36332,0.35995,0.35584,0.35099,0.34613,0.34342,0.34285,0.34228,0.33965,0.33494,0.33023,0.32682,0.32471,0.32259,0.32196,0.3228,0.32364,0.3251,0.32716,0.32923,0.33086,0.33204,0.33323,0.33375,0.33359,0.33343,0.33605,0.34147,0.34689,0.35036,0.35187,0.35338,0.35554,0.35833,0.36113,0.36287,0.36354,0.36422,0.36205,0.35705,0.35204,0.3444,0.33412,0.32384,0.31267,0.3006,0.28853,0.27694,0.26583,0.25471,0.24426,0.23448,0.22469,0.21506,0.20557,0.19609,0.18643,0.1766,0.16677,0.15672,0.14646,0.13619,0.12572,0.11503,0.10435,0.093791,0.083362,0.072934,0.063031,0.053652,0.044273,0.035524,0.027402,0.019279,0.011649,0.0045105,-0.0026269,-0.0096654,-0.016606,-0.023547,-0.030925,-0.038739,-0.046554,-0.055487,-0.065538,-0.07559,-0.087114,-0.10011,-0.1131,-0.12595,-0.13865,-0.15135,-0.15969,-0.16367,-0.16765,-0.16471,-0.15486,-0.14501,-0.11675,-0.070059,-0.023362
0,0,0,0,-0.22682,-0.23001,-0.24008,-0.25704,-0.274,-0.29073,-0.30724,-0.32374,-0.34066,-0.35801,-0.37535,-0.3873,-0.39387,-0.40043,-0.40463,-0.40648,-0.40833,-0.40545,-0.39785,-0.39025,-0.38098,-0.37005,-0.35912,-0.34558,-0.32943,-0.31329,-0.29648,-0.27901,-0.26153,-0.2453,-0.23031,-0.21532,-0.19854,-0.17997,-0.1614,-0.14259,-0.12353,-0.10448,-0.08716,-0.071581,-0.056001,-0.042378,-0.030712,-0.019047,-0.010039,-0.0036883,0.0026628,0.0082093,0.012951,0.017693,0.022388,0.027036,0.031685,0.036178,0.040516,0.044854,0.049144,0.053383,0.057623,0.061501,0.065014,0.068526,0.071577,0.074166,0.076755,0.079264,0.081691,0.084118,0.08399,0.081306,0.078622,0.074762,0.069726,0.064691,0.059901,0.055354,0.050809,0.046596,0.042714,0.038833,0.035056,0.031382,0.02771,0.024128,0.020637,0.017145,0.014001,0.011204,0.008407,0.0061335,0.0043844,0.0026352,0.0013867,0.00063908,-0.00010842,-0.00029615,7.5934e-05,0.00044749,0.00092731,0.0015148,0.002102,0.003567,0.0059104,0.0082553,0.013917,0.022895,0.031872,0.041523,0.051851,0.062183,0.072065,0.081497,0.090932,0.10161,0.11354,0.12547,0.13914,0.15455,0.16996,0.187,0.20566,0.22432,0.24308,0.26194,0.2808,0.29852,0.3151,0.33169,0.34588,0.3577,0.36951,0.37736,0.38126,0.38515,0.38604,0.38391,0.38178,0.37751,0.37109,0.36468,0.3565,0.34654,0.33658,0.3248,0.3112,0.29759,0.28237,0.26552,0.24867,0.23172,0.21467,0.19763,0.1825,0.16928,0.15605,0.14769,0.14419,0.14068,0.13956,0.13937,0.1389,0.13959,0.13909,0.13832,0.13784,0.13771,0.1392,0.14076,0.14048,0.13745,0.13319,0.13033,0.12961,0.13026,0.12962,0.12474,0.11992,0.12132,0.12749,0.133,0.1303,0.12102,0.1142,0.11531,0.12417,0.13542,0.14478,0.15151,0.15951,0.17088,0.18615,0.20409,0.2183,0.22768,0.23377,0.23653,0.23749,0.23699,0.23797,0.23729,0.23427,0.23182,0.22987,0.22803,0.22512,0.21914,0.2099,0.19932,0.18316,0.15889,0.13499,0.12127,0.12317,0.13218,0.12128,0.085259,0.043659,0.020833,0.020583,0.02152,0.012889,-0.0049829,-0.026179,-0.042575,-0.053739,-0.065572,-0.085694,-0.1166,-0.14911,-0.17129,-0.17971,-0.17919,-0.17053,0,0,0,0,0,0,0,0.025571,0.0069158,-0.05336,-0.10027,-0.12539,-0.14124,-0.1528,-0.15508,-0.14796,-0.12532,-0.093955,-0.0713,-0.057477,-0.044939,-0.033209,-0.024104,-0.016937,-0.01134,-0.0073581,0,0,0,0,0,0,0,0,0,0,0,0,0,0,0,0,0,0,0,0,0,0,0,0,0,0,0,0,0,0,0,0,0,0,0,0,0.0062595,0.0083918,0.010151,0.01191,0.014516,0.017969,0.021422,0.023373,0.023822,0.024271,0.022459,0.018385,0.014311,0.01023,0.0061428,0.0020559,-0.0020868,-0.0062846,-0.010482,-0.016641,-0.024764,-0.032891,-0.04365,-0.057041,-0.070428,-0.042256,-0.04903,0,0,-0.13395,-0.14331,-0.14995,-0.15387,-0.15779,-0.15918,-0.15805,-0.15692,-0.15178,-0.14261,-0.13345,-0.12265,-0.11023,-0.097808,-0.08644,-0.076129,-0.065816,-0.056786,-0.049038,-0.041291,-0.035389,-0.031334,-0.027281,-0.028186,-0.034052,-0.039921,-0.050456,-0.065659,-0.080865,-0.09834,-0.11808,-0.13783,-0.15495,-0.16946,-0.18398,-0.19696,-0.2084,-0.21983,-0.22938,-0.23705,-0.24472,-0.25212,-0.25924,-0.26636,-0.27429,-0.28304,-0.29178,-0.30009,-0.30796,-0.31583,-0.32104,-0.32359,-0.32614,-0.32345,-0.31553,-0.30761,-0.29512,-0.27805,-0.26098,-0.24054,-0.21672,-0.1929,-0.16943,-0.14629,-0.12316,-0.10077,-0.079125,-0.057476,-0.035729,-0.013883,0.007964,0.030047,0.05237,0.07469,0.09745,0.12065,0.14385,0.1686,0.1949,0.22119,0.24714,0.27276,0.29837,0.32058,0.33939,0.3582,0.37449,0.38828,0.40206,0.41352,0.42266,0.4318,0.43887,0.44386,0.44885,0.452,0.45329,0.45459,0.4543,0.45243,0.45056,0.44756,0.44345,0.43934,0.43458,0.42915,0.42373,0.4207,0.42008,0.41946,0.4161,0.41,0.4039,0.39834,0.39332,0.3883,0.38396,0.3803,0.37664,0.37335,0.37043,0.36752,0.36459,0.36166,0.35872,0.35532,0.35146,0.34761,0.34302,0.33769,0.33237,0.32926,0.32836,0.32747,0.32484,0.3205,0.31615,0.31312,0.31139,0.30967,0.3092,0.30999,0.31078,0.31203,0.31372,0.31541,0.31671,0.3176,0.31849,0.31881,0.31857,0.31833,0.3208,0.32599,0.33118,0.3345,0.33596,0.33742,0.33941,0.34193,0.34445,0.34606,0.34674,0.34742,0.34566,0.34143,0.33721,0.33052,0.32136,0.3122,0.30195,0.29061,0.27927,0.26814,0.25721,0.24628,0.23592,0.22613,0.21634,0.20675,0.19735,0.18794,0.17839,0.16867,0.15896,0.14903,0.13888,0.12872,0.11834,0.10773,0.097116,0.086606,0.076199,0.065794,0.055966,0.046716,0.037466,0.028945,0.021149,0.013352,0.0061256,-0.00053147,-0.0071881,-0.013739,-0.020186,-0.026633,-0.033671,-0.0413,-0.048929,-0.057935,-0.068316,-0.078698,-0.090766,-0.10452,-0.11827,-0.1319,-0.14542,-0.15893,-0.16781,-0.17206,-0.1763,-0.1733,-0.16305,-0.1528,-0.12307,-0.073856,-0.024624
0,0,0,0,-0.22189,-0.2204,-0.22897,-0.24759,-0.26622,-0.28389,-0.3006,-0.31731,-0.33412,-0.35102,-0.36793,-0.37889,-0.38391,-0.38894,-0.39235,-0.39413,-0.39592,-0.39294,-0.38519,-0.37745,-0.36791,-0.35659,-0.34526,-0.3324,-0.31802,-0.30363,-0.28769,-0.2702,-0.2527,-0.23632,-0.22105,-0.20578,-0.18938,-0.17186,-0.15433,-0.13624,-0.11757,-0.098908,-0.081746,-0.066082,-0.050419,-0.036907,-0.025546,-0.014188,-0.0056678,1.3261e-05,0.0056933,0.010679,0.01497,0.019262,0.023651,0.028139,0.032627,0.037017,0.041309,0.045601,0.049952,0.054363,0.058775,0.063113,0.067376,0.071639,0.075425,0.078734,0.082044,0.084914,0.087345,0.089777,0.08947,0.086426,0.083382,0.079286,0.074143,0.069,0.064096,0.059433,0.054771,0.050356,0.046187,0.042018,0.037902,0.03384,0.029778,0.025786,0.021864,0.017941,0.014315,0.010988,0.0076606,0.0047905,0.0023784,-3.3678e-05,-0.0019598,-0.0034002,-0.0048404,-0.0056903,-0.00595,-0.0062098,-0.0064153,-0.0065671,-0.0067199,-0.0058699,-0.0040163,-0.0021624,0.0031107,0.011803,0.020494,0.029714,0.039465,0.04922,0.058575,0.067531,0.076489,0.08684,0.098579,0.11032,0.12408,0.13986,0.15564,0.17284,0.19145,0.21006,0.22866,0.24725,0.26585,0.28335,0.29975,0.31616,0.33015,0.34174,0.35332,0.36144,0.36606,0.37069,0.37235,0.37104,0.36972,0.36634,0.36087,0.35541,0.34817,0.33917,0.33017,0.31933,0.30666,0.294,0.27963,0.26355,0.24748,0.23155,0.21578,0.2,0.18604,0.17389,0.16174,0.15411,0.15099,0.14787,0.14688,0.14692,0.1457,0.14555,0.1455,0.14507,0.14483,0.14584,0.14881,0.15008,0.14757,0.14185,0.13565,0.13354,0.1362,0.1409,0.1439,0.14264,0.13846,0.13469,0.13291,0.13133,0.12486,0.11537,0.11114,0.1151,0.12411,0.13408,0.14223,0.14794,0.15476,0.16456,0.17813,0.19324,0.20703,0.21809,0.22497,0.22847,0.22903,0.22755,0.2255,0.22638,0.2297,0.23015,0.22593,0.2236,0.21943,0.20984,0.20456,0.19519,0.181,0.16125,0.13657,0.11978,0.12384,0.13006,0.11206,0.081537,0.05155,0.03508,0.033776,0.034347,0.024639,0.006129,-0.012718,-0.027178,-0.036809,-0.046923,-0.064972,-0.093321,-0.12642,-0.15203,-0.15841,-0.14776,-0.12983,-0.044804,-0.034879,-0.017384,0,0,0.023647,0.023797,0.036669,-0.0099497,-0.063646,-0.10759,-0.13998,-0.16201,-0.17386,-0.17016,-0.15158,-0.12204,-0.091964,-0.03444,-0.025952,-0.018317,-0.01905,-0.01448,-0.012248,-0.010014,-0.0072982,-0.0023022,0,0,0,0,0,0,0,0,0,0,0,0,0,0,0,0,0,0,0,0,0,0,0,0,0,0,0,0,0,0,0,0,0,0,0,0.0076508,0.010277,0.012467,0.014657,0.017952,0.02235,0.026749,0.029559,0.030782,0.032005,0.030183,0.025315,0.020446,0.015745,0.011211,0.0066775,0.002378,-0.001688,-0.0057533,-0.011892,-0.020107,-0.028325,-0.039676,-0.05416,-0.068643,0,0,0,0,-0.13786,-0.14782,-0.15399,-0.15637,-0.15875,-0.15847,-0.15553,-0.15259,-0.14569,-0.13484,-0.12399,-0.11196,-0.098751,-0.085543,-0.073515,-0.062667,-0.051818,-0.042384,-0.034367,-0.02635,-0.020731,-0.017512,-0.014295,-0.016394,-0.023813,-0.031235,-0.043006,-0.059132,-0.075263,-0.093156,-0.11281,-0.13247,-0.14909,-0.16267,-0.17626,-0.18827,-0.19871,-0.20914,-0.21796,-0.22517,-0.23238,-0.23968,-0.24708,-0.25448,-0.26289,-0.27233,-0.28176,-0.29053,-0.29863,-0.30673,-0.3121,-0.31474,-0.31739,-0.31409,-0.30486,-0.29562,-0.28184,-0.2635,-0.24517,-0.22379,-0.19938,-0.17497,-0.1516,-0.12928,-0.10696,-0.084963,-0.063297,-0.041629,-0.020536,-1.8408e-05,0.020497,0.041634,0.063392,0.085148,0.10814,0.13236,0.15657,0.18105,0.20578,0.23051,0.25626,0.28304,0.30982,0.33222,0.35026,0.36829,0.38382,0.39685,0.40987,0.42063,0.42911,0.43759,0.444,0.44833,0.45266,0.45512,0.45571,0.4563,0.45526,0.45259,0.44992,0.44613,0.44122,0.43631,0.43083,0.42478,0.41873,0.41509,0.41386,0.41264,0.4088,0.40236,0.39592,0.39013,0.38499,0.37985,0.37542,0.37168,0.36795,0.36446,0.36121,0.35797,0.35465,0.35124,0.34784,0.34396,0.33961,0.33526,0.33019,0.3244,0.31861,0.3151,0.31387,0.31265,0.31004,0.30606,0.30207,0.29941,0.29808,0.29675,0.29645,0.29719,0.29793,0.29895,0.30028,0.3016,0.30256,0.30315,0.30375,0.30388,0.30356,0.30324,0.30555,0.31051,0.31547,0.31865,0.32006,0.32147,0.32329,0.32553,0.32778,0.32925,0.32994,0.33064,0.32926,0.32582,0.32238,0.31664,0.3086,0.30057,0.29124,0.28063,0.27001,0.25933,0.24859,0.23784,0.22758,0.21778,0.20799,0.19844,0.18912,0.1798,0.17034,0.16075,0.15115,0.14134,0.1313,0.12126,0.11097,0.10043,0.089887,0.079423,0.069037,0.058654,0.048901,0.039781,0.03066,0.022366,0.014897,0.0074271,0.00060309,-0.0055734,-0.011749,-0.017814,-0.023766,-0.029719,-0.036417,-0.043861,-0.051304,-0.060382,-0.071093,-0.081806,-0.094419,-0.10893,-0.12344,-0.13786,-0.15218,-0.16651,-0.17593,-0.18044,-0.18495,-0.18189,-0.17124,-0.16059,-0.1294,-0.07765,-0.025885
0,0,0,0,-0.21623,-0.21282,-0.2206,-0.23956,-0.25853,-0.27672,-0.29414,-0.31156,-0.32817,-0.34399,-0.35981,-0.36994,-0.37438,-0.37882,-0.38118,-0.38146,-0.38173,-0.37791,-0.36999,-0.36207,-0.35232,-0.34074,-0.32916,-0.31694,-0.30408,-0.29122,-0.27625,-0.25917,-0.24209,-0.22588,-0.21055,-0.19522,-0.17918,-0.16242,-0.14566,-0.12844,-0.11077,-0.093091,-0.076636,-0.061398,-0.046162,-0.033118,-0.022265,-0.011416,-0.0033005,0.0020816,0.0074623,0.012157,0.016165,0.020171,0.024332,0.028646,0.032959,0.03728,0.041608,0.045936,0.050444,0.055131,0.059819,0.064655,0.069639,0.074622,0.079123,0.083141,0.087159,0.090276,0.092491,0.094706,0.094284,0.091225,0.088167,0.084031,0.078818,0.073606,0.068507,0.063522,0.058538,0.053815,0.049355,0.044894,0.040439,0.035987,0.031536,0.027132,0.022776,0.01842,0.014318,0.010472,0.0066254,0.0031944,0.00017872,-0.0028367,-0.0054816,-0.0077563,-0.010031,-0.011917,-0.013415,-0.014913,-0.015954,-0.016541,-0.017128,-0.016483,-0.014608,-0.012732,-0.0077447,0.0003549,0.0084554,0.016969,0.025896,0.034826,0.0437,0.052516,0.061331,0.071742,0.083753,0.095763,0.10987,0.12609,0.1423,0.15966,0.17816,0.19665,0.21509,0.23348,0.25186,0.26921,0.2855,0.30179,0.31562,0.327,0.33838,0.3466,0.35164,0.35669,0.35897,0.35847,0.35797,0.35552,0.3511,0.34669,0.34049,0.33251,0.32452,0.31462,0.30281,0.291,0.27745,0.26217,0.24689,0.23188,0.21713,0.20239,0.18961,0.17879,0.16797,0.16112,0.15827,0.15541,0.15438,0.15417,0.15316,0.15267,0.15233,0.15264,0.15407,0.15584,0.15751,0.15731,0.15346,0.14695,0.14124,0.14004,0.14315,0.14856,0.15369,0.15635,0.15496,0.14804,0.13813,0.12803,0.11685,0.10831,0.1077,0.11469,0.12482,0.1338,0.13992,0.14359,0.14843,0.15712,0.16969,0.18292,0.19536,0.20488,0.21117,0.21597,0.21813,0.21726,0.21622,0.21765,0.22007,0.22125,0.22007,0.21692,0.20984,0.20287,0.19976,0.18977,0.17669,0.16034,0.13631,0.12382,0.1259,0.12126,0.10116,0.076069,0.055314,0.045061,0.043307,0.042015,0.033555,0.018935,0.0035196,-0.0093643,-0.018497,-0.028864,-0.045909,-0.070456,-0.10101,-0.12697,-0.13221,-0.11538,-0.088485,-0.066439,-0.048703,-0.024646,0.0029327,0.014189,0.041941,0.027941,0.011098,-0.011599,-0.035295,-0.11304,-0.14373,-0.17364,-0.18987,-0.18432,-0.15774,-0.13148,-0.10974,0,0,0,-0.014734,-0.0074,-0.0077045,-0.0068197,-0.0057113,-0.0023022,0,0,0,0,0,0,0,0,0,0,0,0,0,0,0,0,0,0,0,0,0,0,0,0,0,0,0,0,0,0,0,0,0,0,0,0.0086419,0.011727,0.014438,0.017149,0.021008,0.026013,0.031018,0.034532,0.036555,0.038577,0.037297,0.032712,0.028127,0.022975,0.017256,0.011536,0.006782,0.0029948,-0.0007915,-0.0068971,-0.015326,-0.023755,-0.036116,-0.052412,-0.068709,-0.043186,-0.05111,-0.059032,-0.065194,-0.1395,-0.14903,-0.15434,-0.15544,-0.15653,-0.15462,-0.14972,-0.14481,-0.13626,-0.12408,-0.1119,-0.09907,-0.085601,-0.072133,-0.060029,-0.049288,-0.038547,-0.029253,-0.021407,-0.01356,-0.0084733,-0.0061468,-0.0038212,-0.0069529,-0.015543,-0.024134,-0.036788,-0.053507,-0.070227,-0.088345,-0.10786,-0.12737,-0.1435,-0.15626,-0.169,-0.18012,-0.1896,-0.19907,-0.20714,-0.2138,-0.22047,-0.22753,-0.235,-0.24247,-0.25115,-0.26104,-0.27093,-0.28007,-0.28846,-0.29685,-0.30229,-0.30479,-0.30729,-0.30346,-0.29328,-0.28311,-0.26838,-0.24911,-0.22984,-0.20793,-0.18339,-0.15884,-0.1357,-0.11397,-0.092233,-0.070665,-0.049263,-0.02786,-0.0071596,0.012836,0.03283,0.053408,0.074569,0.095728,0.11868,0.14344,0.16819,0.19258,0.2166,0.24062,0.26622,0.29341,0.32059,0.3428,0.36005,0.3773,0.39206,0.40433,0.4166,0.42664,0.43444,0.44224,0.44799,0.45168,0.45536,0.4572,0.45719,0.45717,0.45552,0.45222,0.44892,0.44447,0.43887,0.43328,0.42714,0.42046,0.41379,0.40913,0.40649,0.40385,0.39957,0.39365,0.38772,0.38212,0.37683,0.37155,0.36691,0.3629,0.3589,0.35471,0.35033,0.34596,0.34181,0.33789,0.33397,0.32991,0.32569,0.32148,0.31634,0.31026,0.30419,0.30046,0.29908,0.29771,0.29524,0.29168,0.28812,0.28588,0.28496,0.28405,0.28398,0.28475,0.28553,0.2864,0.28737,0.28834,0.28896,0.28924,0.28951,0.28945,0.28904,0.28863,0.29077,0.29546,0.30015,0.30314,0.30442,0.30571,0.30735,0.30934,0.31134,0.31272,0.31348,0.31424,0.31329,0.31063,0.30798,0.30321,0.29633,0.28945,0.28112,0.27134,0.26157,0.25145,0.241,0.23055,0.22043,0.21065,0.20087,0.19134,0.18206,0.17278,0.1634,0.1539,0.14441,0.13469,0.12475,0.11481,0.10462,0.094167,0.083718,0.073331,0.063007,0.052684,0.043015,0.034001,0.024987,0.016869,0.0096486,0.0024286,-0.004097,-0.009928,-0.015758,-0.021506,-0.02717,-0.032834,-0.03938,-0.046809,-0.054237,-0.063477,-0.074525,-0.085575,-0.098593,-0.11358,-0.12856,-0.14336,-0.15798,-0.17261,-0.18219,-0.18675,-0.1913,-0.18815,-0.1773,-0.16645,-0.1342,-0.080535,-0.026849
0,0,0,0,-0.20985,-0.20727,-0.21496,-0.23294,-0.25092,-0.26922,-0.28785,-0.30647,-0.32282,-0.33691,-0.351,-0.36045,-0.36526,-0.37007,-0.37114,-0.36845,-0.36577,-0.36036,-0.35223,-0.3441,-0.33419,-0.3225,-0.31082,-0.29919,-0.28762,-0.27605,-0.26215,-0.24592,-0.22968,-0.21398,-0.19881,-0.18364,-0.16792,-0.15165,-0.13538,-0.1192,-0.10312,-0.087028,-0.071833,-0.057531,-0.043229,-0.031008,-0.020868,-0.010732,-0.0029365,0.0025184,0.007972,0.012644,0.016533,0.020422,0.02443,0.028556,0.032681,0.036968,0.041415,0.045862,0.050619,0.055686,0.060755,0.066126,0.0718,0.077474,0.08267,0.087386,0.092101,0.095349,0.097127,0.098905,0.098432,0.095706,0.09298,0.088997,0.083755,0.078512,0.073134,0.067621,0.062108,0.056974,0.052219,0.047463,0.042665,0.037823,0.032983,0.028166,0.023374,0.018583,0.01401,0.0096552,0.0053018,0.0013452,-0.0022144,-0.0057737,-0.0091787,-0.01243,-0.015681,-0.018977,-0.022318,-0.025659,-0.027689,-0.028406,-0.029122,-0.028276,-0.025866,-0.023454,-0.01865,-0.011448,-0.0042429,0.0032874,0.011144,0.019003,0.027438,0.036448,0.045456,0.056328,0.069063,0.081797,0.096522,0.11324,0.12996,0.14747,0.16578,0.18409,0.20237,0.2206,0.23883,0.25608,0.27233,0.28858,0.3023,0.31349,0.32467,0.33284,0.338,0.34316,0.34589,0.34621,0.34652,0.34505,0.34179,0.33853,0.33345,0.32655,0.31965,0.31068,0.29964,0.28861,0.27585,0.26137,0.24689,0.23268,0.21874,0.2048,0.19321,0.18397,0.17473,0.16875,0.16601,0.16328,0.16158,0.16125,0.1608,0.16057,0.1611,0.16171,0.16359,0.16597,0.16627,0.16377,0.15905,0.15377,0.15019,0.14958,0.15124,0.15411,0.15913,0.16497,0.16705,0.16009,0.14408,0.12592,0.11149,0.10353,0.10411,0.11308,0.12439,0.13301,0.13763,0.13967,0.14259,0.14909,0.15994,0.17282,0.18465,0.19237,0.19722,0.20218,0.20728,0.21064,0.21115,0.20881,0.20862,0.20947,0.2103,0.20908,0.20401,0.19964,0.19124,0.17817,0.16309,0.14701,0.13233,0.13143,0.13179,0.11642,0.093087,0.069638,0.054214,0.048474,0.048968,0.047232,0.040274,0.031064,0.019152,0.008147,-0.00076217,-0.012175,-0.027554,-0.048532,-0.074219,-0.095693,-0.10093,-0.084716,-0.05452,-0.026243,-0.010771,-0.0034158,0.007528,0.021917,0.024744,-3.207e-07,0,0,0,-0.11778,-0.14647,-0.17827,-0.19798,-0.19386,-0.16916,-0.14787,-0.13458,0,0,0,-0.017656,-0.0078842,-0.0048408,-0.0030384,-0.0022999,0,0,0,0,0,0,0,0,0,0,0,0,0,0,0,0,0,0,0,0,0,0,0,0,0,0,0,0,0,0,0,0,0,0,0,0,0.0092324,0.012741,0.016064,0.019386,0.023684,0.028958,0.034232,0.038293,0.041141,0.04399,0.043803,0.040579,0.037353,0.031919,0.024275,0.016629,0.011125,0.007764,0.0044029,-0.001657,-0.010418,-0.01918,-0.032973,-0.051798,-0.070624,-0.087826,-0.1034,-0.11897,-0.1308,-0.13888,-0.14696,-0.15102,-0.15107,-0.15112,-0.14763,-0.14061,-0.13358,-0.12348,-0.11033,-0.097167,-0.083985,-0.07078,-0.057576,-0.045979,-0.035992,-0.026003,-0.017391,-0.010156,-0.0029213,0.0013861,0.0027652,0.0041427,0.00014329,-0.0092363,-0.018618,-0.031798,-0.048776,-0.065755,-0.083908,-0.10323,-0.12255,-0.13821,-0.15021,-0.16221,-0.17249,-0.18106,-0.18963,-0.19693,-0.20295,-0.20898,-0.21566,-0.223,-0.23034,-0.23906,-0.24917,-0.25928,-0.26871,-0.27745,-0.2862,-0.29163,-0.29375,-0.29587,-0.29156,-0.28081,-0.27006,-0.25475,-0.23488,-0.215,-0.19295,-0.16873,-0.1445,-0.12171,-0.10034,-0.07898,-0.057872,-0.037017,-0.016163,0.0044057,0.024688,0.044968,0.065372,0.085901,0.10643,0.1291,0.15391,0.17872,0.20321,0.22737,0.25152,0.27702,0.30385,0.33069,0.35233,0.36877,0.38521,0.39919,0.41072,0.42224,0.43155,0.43865,0.44575,0.45083,0.45389,0.45695,0.45823,0.45771,0.45719,0.45506,0.4513,0.44754,0.44257,0.43641,0.43025,0.42352,0.41621,0.40891,0.40283,0.39797,0.39311,0.38841,0.38386,0.37931,0.37431,0.36885,0.36339,0.35843,0.35396,0.34949,0.3441,0.33779,0.33148,0.32609,0.32161,0.31713,0.31316,0.30971,0.30626,0.30145,0.29528,0.2891,0.28534,0.28399,0.28265,0.28043,0.27736,0.27428,0.27251,0.27205,0.27158,0.2718,0.2727,0.27359,0.27436,0.275,0.27563,0.27592,0.27585,0.27578,0.2755,0.275,0.2745,0.27645,0.28084,0.28523,0.28797,0.28907,0.29016,0.29159,0.29337,0.29514,0.29647,0.29735,0.29823,0.29774,0.29587,0.29401,0.29023,0.28454,0.27884,0.27158,0.26276,0.25394,0.2445,0.23445,0.22439,0.21449,0.20473,0.19497,0.18545,0.17617,0.1669,0.15755,0.14814,0.13873,0.1291,0.11924,0.10938,0.099285,0.088947,0.078609,0.068329,0.058106,0.047882,0.038305,0.029374,0.020443,0.012454,0.0054055,-0.0016426,-0.0079761,-0.013596,-0.019216,-0.024816,-0.030397,-0.035977,-0.04256,-0.050145,-0.057729,-0.067219,-0.078612,-0.090005,-0.10329,-0.11847,-0.13364,-0.14842,-0.16282,-0.17722,-0.18661,-0.19097,-0.19534,-0.19209,-0.18124,-0.17039,-0.13748,-0.082497,-0.027503
0,0,0,0,-0.20347,-0.20171,-0.20933,-0.22633,-0.24333,-0.26174,-0.28156,-0.30138,-0.31747,-0.32983,-0.34219,-0.35097,-0.35615,-0.36133,-0.36109,-0.35545,-0.34981,-0.34281,-0.33447,-0.32613,-0.31606,-0.30427,-0.29248,-0.28144,-0.27116,-0.26088,-0.24805,-0.23266,-0.21728,-0.20208,-0.18707,-0.17205,-0.15666,-0.14089,-0.12511,-0.10997,-0.095469,-0.080965,-0.06703,-0.053663,-0.040296,-0.028899,-0.019473,-0.010048,-0.0025727,0.0029548,0.0084808,0.013129,0.016901,0.020674,0.024528,0.028466,0.032404,0.036655,0.041221,0.045788,0.050794,0.056241,0.06169,0.067597,0.073962,0.080327,0.086217,0.09163,0.097044,0.10042,0.10176,0.10311,0.10258,0.10019,0.097794,0.093963,0.08869,0.083416,0.07776,0.07172,0.065679,0.060132,0.055082,0.050033,0.04489,0.039658,0.034428,0.0292,0.023973,0.018746,0.013701,0.0088389,0.0039779,-0.00050485,-0.0046082,-0.0087116,-0.012877,-0.017104,-0.021331,-0.026037,-0.031222,-0.036406,-0.039422,-0.04027,-0.041116,-0.040067,-0.03712,-0.034174,-0.029551,-0.023248,-0.016945,-0.010397,-0.0036098,0.0031782,0.011175,0.020379,0.029584,0.040914,0.054374,0.067836,0.083177,0.10039,0.1176,0.13527,0.1534,0.17153,0.18964,0.20772,0.22581,0.24296,0.25917,0.27538,0.28898,0.29997,0.31096,0.31909,0.32436,0.32962,0.33282,0.33395,0.33507,0.33458,0.33248,0.33037,0.32641,0.3206,0.31478,0.30674,0.29648,0.28621,0.27424,0.26056,0.24689,0.23348,0.22034,0.2072,0.19681,0.18915,0.1815,0.17637,0.17376,0.17116,0.16923,0.16868,0.16903,0.16951,0.17033,0.1716,0.17313,0.17427,0.17373,0.17088,0.16663,0.16286,0.16069,0.16013,0.1603,0.16062,0.16373,0.17026,0.17386,0.16681,0.1488,0.12656,0.1097,0.10074,0.099962,0.10864,0.12035,0.13012,0.13566,0.13733,0.13874,0.14328,0.15218,0.16353,0.17365,0.18,0.18328,0.18646,0.1919,0.1999,0.20334,0.20136,0.19849,0.19563,0.196,0.19978,0.20186,0.19552,0.18149,0.1637,0.14539,0.13203,0.13095,0.13804,0.13498,0.11617,0.089444,0.064858,0.050813,0.048015,0.052871,0.053286,0.046551,0.039696,0.032091,0.023367,0.014016,0.0033505,-0.0097729,-0.026785,-0.046387,-0.062796,-0.06799,-0.055828,-0.029215,-0.0018346,0.0116,0.011215,0.007775,0.0051314,0.0040936,-0.010789,0,0,0,-0.12407,-0.15606,-0.18598,-0.20242,-0.19766,-0.17796,-0.15883,-0.14132,0,0,0,-0.0092874,-0.0071683,-0.0015615,-0.00062902,0,0,0,0,0,0,0,0,0,0,0,0,0,0,0,0,0,0,0,0,0,0,0,0,0,0,0,0,0,0,0,0,0,0,0,0,0,0.0098229,0.013755,0.017689,0.021623,0.02636,0.031902,0.037444,0.042052,0.045726,0.049401,0.050306,0.048442,0.046576,0.040861,0.031292,0.02172,0.015467,0.01253,0.0095941,0.0035803,-0.0055123,-0.014604,-0.029829,-0.025746,-0.035791,-0.090732,-0.10576,-0.12079,-0.13162,-0.13825,-0.14489,-0.14771,-0.14671,-0.14571,-0.14064,-0.13149,-0.12235,-0.11071,-0.096571,-0.082436,-0.068898,-0.055958,-0.043019,-0.031931,-0.022695,-0.013459,-0.0055292,0.0010939,0.0077173,0.011245,0.011676,0.012106,0.0072384,-0.00293,-0.013103,-0.026808,-0.044045,-0.061285,-0.07947,-0.098596,-0.11772,-0.13291,-0.14416,-0.15541,-0.16487,-0.17253,-0.1802,-0.18672,-0.1921,-0.19749,-0.20379,-0.211,-0.21821,-0.22698,-0.23731,-0.24764,-0.25735,-0.26645,-0.27555,-0.28097,-0.28271,-0.28444,-0.27965,-0.26833,-0.25701,-0.24111,-0.22064,-0.20016,-0.17798,-0.15407,-0.13017,-0.10772,-0.086722,-0.065728,-0.04508,-0.024774,-0.0044666,0.015971,0.03654,0.057108,0.077339,0.097234,0.11713,0.13951,0.16438,0.18925,0.21383,0.23813,0.26242,0.28782,0.3143,0.34079,0.36185,0.37748,0.39312,0.40633,0.4171,0.42788,0.43646,0.44286,0.44925,0.45367,0.45611,0.45855,0.45926,0.45824,0.45722,0.4546,0.45038,0.44616,0.44068,0.43395,0.42722,0.41989,0.41196,0.40403,0.39653,0.38945,0.38237,0.37724,0.37407,0.3709,0.3665,0.36086,0.35523,0.34995,0.34501,0.34007,0.33349,0.32525,0.31701,0.31036,0.30532,0.30028,0.29641,0.29373,0.29104,0.28656,0.28029,0.27402,0.27023,0.26891,0.26759,0.26563,0.26304,0.26045,0.25915,0.25913,0.25912,0.25962,0.26064,0.26165,0.26232,0.26262,0.26293,0.26288,0.26247,0.26206,0.26156,0.26097,0.26038,0.26213,0.26622,0.27031,0.27281,0.27371,0.27461,0.27583,0.27739,0.27895,0.28022,0.28122,0.28222,0.28219,0.28112,0.28004,0.27725,0.27274,0.26823,0.26204,0.25418,0.24631,0.23755,0.22789,0.21824,0.20854,0.1988,0.18907,0.17956,0.17029,0.16101,0.15171,0.14238,0.13305,0.1235,0.11373,0.10395,0.093953,0.083727,0.073502,0.063327,0.053203,0.04308,0.033595,0.024747,0.015899,0.0080377,0.0011624,-0.0057138,-0.011856,-0.017265,-0.022673,-0.028127,-0.033624,-0.039121,-0.04574,-0.053481,-0.061222,-0.070961,-0.082699,-0.094438,-0.10799,-0.12336,-0.13872,-0.15349,-0.16767,-0.18184,-0.19102,-0.1952,-0.19937,-0.19604,-0.18518,-0.17433,-0.14076,-0.084462,-0.028163
0,0,0,0,-0.19984,-0.19911,-0.20657,-0.22221,-0.23785,-0.25564,-0.27559,-0.29553,-0.31102,-0.32208,-0.33314,-0.34117,-0.34617,-0.35117,-0.3501,-0.34296,-0.33581,-0.32786,-0.31911,-0.31035,-0.30012,-0.28842,-0.27673,-0.26591,-0.25599,-0.24606,-0.23403,-0.21991,-0.20578,-0.19129,-0.17644,-0.16159,-0.14671,-0.13181,-0.1169,-0.10283,-0.089605,-0.07638,-0.063595,-0.051249,-0.038904,-0.028309,-0.019467,-0.010628,-0.0033663,0.0023185,0.0080014,0.012797,0.016706,0.020616,0.024542,0.028485,0.032428,0.036741,0.041423,0.046105,0.051333,0.057106,0.062878,0.069215,0.076116,0.083016,0.08936,0.095147,0.10093,0.10447,0.10575,0.10703,0.10653,0.10426,0.10199,0.098307,0.0932,0.088095,0.082378,0.076051,0.069724,0.063931,0.058675,0.053419,0.047983,0.04237,0.036757,0.031016,0.025147,0.019278,0.013475,0.0077429,0.0020108,-0.0033501,-0.0083375,-0.013325,-0.018511,-0.023895,-0.029279,-0.034686,-0.040114,-0.045543,-0.048865,-0.050078,-0.051291,-0.050565,-0.047901,-0.045237,-0.041328,-0.036171,-0.031015,-0.025353,-0.019186,-0.013021,-0.0051615,0.004391,0.013944,0.025799,0.039958,0.054122,0.069981,0.087523,0.10506,0.12292,0.14111,0.15929,0.17741,0.19545,0.2135,0.23052,0.24651,0.2625,0.276,0.28701,0.29801,0.30628,0.31179,0.31731,0.32103,0.32295,0.32487,0.32529,0.3242,0.32311,0.32015,0.31533,0.31051,0.30339,0.29397,0.28454,0.27338,0.26049,0.24761,0.23498,0.22261,0.21024,0.20078,0.19423,0.18767,0.18343,0.18148,0.17954,0.1784,0.17776,0.17837,0.17993,0.18095,0.1819,0.18228,0.18177,0.1802,0.17739,0.17396,0.17138,0.17013,0.1694,0.16857,0.16774,0.16843,0.17206,0.17431,0.16786,0.15177,0.13018,0.11132,0.09965,0.096153,0.10202,0.11324,0.12492,0.13329,0.13664,0.13732,0.13955,0.14553,0.15456,0.16345,0.16874,0.16986,0.16971,0.17362,0.18235,0.19012,0.19251,0.18831,0.18302,0.18526,0.19312,0.19593,0.18886,0.17332,0.1519,0.13095,0.12228,0.13004,0.13882,0.13512,0.11739,0.089592,0.06318,0.049061,0.049061,0.057436,0.06029,0.054373,0.047483,0.041443,0.034779,0.026133,0.017419,0.0069282,-0.0065218,-0.02087,-0.033192,-0.037229,-0.029325,-0.012391,0.0052377,0.013943,0.010038,0.0046275,0.00036007,-0.00061905,-0.0066444,0,-0.033866,-0.047604,-0.1274,-0.164,-0.19399,-0.20709,-0.2029,-0.18857,-0.17028,-0.14585,-0.060484,0,0,0,-0.0029479,0.0013382,0,0,0,0,0,0,0,0,0,0,0,0,0,0,0,0,0,0,0,0,0,0,0,0,0,0,0,0,0,0,0,0,0,0,0,0,0,0,0.008431,0.012713,0.017902,0.023091,0.028326,0.033606,0.038885,0.043557,0.04762,0.051684,0.053316,0.052516,0.051715,0.045401,0.033574,0.021747,0.014697,0.012426,0.010157,0.0051657,-0.0025498,-0.010264,-0.026054,0,0,-0.092514,-0.1061,-0.11968,-0.1294,-0.13527,-0.14113,-0.14271,-0.14002,-0.13733,-0.13053,-0.11964,-0.10875,-0.095945,-0.081229,-0.066514,-0.053084,-0.040939,-0.028795,-0.018704,-0.010668,-0.002633,0.0042621,0.010017,0.015772,0.018496,0.018187,0.017877,0.012449,0.001901,-0.00865,-0.022689,-0.040211,-0.057734,-0.075708,-0.09413,-0.11255,-0.12728,-0.13832,-0.14935,-0.15832,-0.16522,-0.17213,-0.178,-0.18283,-0.18766,-0.19359,-0.20063,-0.20767,-0.2163,-0.22654,-0.23677,-0.2465,-0.25573,-0.26496,-0.27016,-0.27133,-0.27249,-0.26715,-0.25529,-0.24342,-0.22714,-0.20643,-0.18572,-0.16367,-0.14029,-0.11691,-0.094929,-0.074358,-0.053786,-0.033453,-0.013354,0.0067461,0.027233,0.048111,0.068989,0.089455,0.10951,0.12957,0.15206,0.17697,0.2019,0.22649,0.25075,0.275,0.30014,0.32614,0.35215,0.37196,0.38559,0.39921,0.41108,0.42119,0.43131,0.43931,0.4452,0.4511,0.45506,0.45707,0.45909,0.4594,0.45801,0.45661,0.4536,0.44897,0.44433,0.43793,0.42977,0.4216,0.41333,0.40494,0.39654,0.38857,0.38101,0.37346,0.36798,0.36456,0.36114,0.35643,0.35042,0.34441,0.33867,0.33319,0.3277,0.32059,0.31183,0.30307,0.29596,0.29049,0.28503,0.28108,0.27865,0.27622,0.27195,0.26585,0.25976,0.25616,0.25508,0.25399,0.25241,0.25032,0.24823,0.24727,0.24743,0.24758,0.24808,0.2489,0.24973,0.25013,0.25011,0.25008,0.24974,0.24909,0.24843,0.24779,0.24717,0.24655,0.24819,0.25209,0.25599,0.25836,0.25919,0.26002,0.2612,0.26273,0.26425,0.26564,0.2669,0.26817,0.26861,0.26822,0.26783,0.26586,0.26229,0.25873,0.25343,0.24641,0.23938,0.23127,0.22207,0.21288,0.20348,0.19387,0.18426,0.17482,0.16556,0.1563,0.14702,0.13771,0.1284,0.11886,0.10907,0.099289,0.089282,0.079053,0.068822,0.058665,0.048581,0.038498,0.029072,0.020302,0.011531,0.0037734,-0.002973,-0.0097209,-0.015763,-0.021099,-0.026435,-0.031907,-0.037515,-0.043123,-0.049935,-0.057951,-0.065969,-0.07598,-0.087986,-0.099993,-0.11364,-0.12893,-0.14421,-0.15869,-0.17236,-0.18602,-0.19486,-0.19889,-0.20291,-0.19996,-0.19002,-0.18008,-0.14594,-0.087574,-0.0292
0,0,0,0,-0.19895,-0.19947,-0.20669,-0.22059,-0.2345,-0.25095,-0.26993,-0.28892,-0.30349,-0.31366,-0.32383,-0.33105,-0.33533,-0.33961,-0.33816,-0.33098,-0.32379,-0.31551,-0.30613,-0.29676,-0.28637,-0.27497,-0.26357,-0.25261,-0.2421,-0.23159,-0.2201,-0.20764,-0.19518,-0.18161,-0.16693,-0.15225,-0.13808,-0.12441,-0.11074,-0.097779,-0.085528,-0.073275,-0.061529,-0.05029,-0.03905,-0.029238,-0.020854,-0.012472,-0.0053175,0.00060977,0.0065354,0.011648,0.015949,0.020249,0.024471,0.028613,0.032754,0.037223,0.04202,0.046817,0.052236,0.058277,0.064317,0.070979,0.07826,0.085541,0.092099,0.097934,0.10377,0.10748,0.10908,0.11067,0.11029,0.10793,0.10558,0.10203,0.097287,0.092545,0.086988,0.080614,0.074242,0.068371,0.062998,0.057625,0.051944,0.045957,0.039969,0.033615,0.026898,0.020181,0.013337,0.0063685,-0.00059961,-0.0071896,-0.013401,-0.019613,-0.02608,-0.032801,-0.039523,-0.044921,-0.048996,-0.053071,-0.056015,-0.057831,-0.059646,-0.059772,-0.058208,-0.056642,-0.053978,-0.050215,-0.046452,-0.041576,-0.035584,-0.029594,-0.021572,-0.011518,-0.0014621,0.010983,0.025816,0.040651,0.056927,0.074633,0.092332,0.11042,0.1289,0.14738,0.16567,0.18379,0.2019,0.21876,0.23435,0.24994,0.26335,0.27459,0.28583,0.2944,0.30031,0.30622,0.31052,0.31322,0.31592,0.31717,0.31696,0.31675,0.31468,0.31077,0.30685,0.30064,0.29212,0.28359,0.27327,0.26116,0.24904,0.23716,0.22554,0.21391,0.20513,0.1992,0.19326,0.18992,0.18917,0.18842,0.18793,0.18784,0.1893,0.19169,0.19296,0.1929,0.19134,0.18917,0.18684,0.18378,0.18049,0.17806,0.17751,0.17786,0.17731,0.17566,0.17333,0.1717,0.17022,0.16516,0.15274,0.13382,0.11505,0.10127,0.094756,0.096727,0.10572,0.11754,0.12807,0.13428,0.13583,0.13648,0.14031,0.14671,0.15308,0.15709,0.1568,0.15458,0.15802,0.16739,0.17648,0.18108,0.18017,0.1792,0.18133,0.18367,0.18386,0.1794,0.1661,0.14482,0.1266,0.12101,0.12459,0.13044,0.1302,0.1163,0.090122,0.063811,0.05134,0.054683,0.064042,0.067322,0.062045,0.05404,0.047323,0.042195,0.03581,0.029299,0.022428,0.012243,0.00099153,-0.0076849,-0.010923,-0.0084718,-0.0026118,0.0024926,0.0035771,-0.0031678,-0.010826,-0.0040864,0.0017379,0,-0.017586,-0.061416,-0.089736,-0.12578,-0.16577,-0.1991,-0.21472,-0.21719,-0.20934,-0.19079,-0.1672,-0.13042,0,0,0,-0.0013372,0.00081731,0,0,0,0,0,0,0,0,0,0,0,0,0,0,0,0,0,0,0,0,0,0,0,0,0,0,0,0,0,0,0,0,0,0,0,0,0,0,0.0033717,0.009614,0.016702,0.02379,0.02958,0.034068,0.038556,0.042809,0.046825,0.050841,0.052833,0.052803,0.026122,0.022737,0.016175,0.0096143,0.0058792,0.0074545,0.0060936,0.0030995,-0.0015292,-0.0061578,-0.011926,0,0,-0.093174,-0.10441,-0.11564,-0.12414,-0.12991,-0.13568,-0.13605,-0.13101,-0.12597,-0.11731,-0.10505,-0.092782,-0.0792,-0.064301,-0.049401,-0.036541,-0.025722,-0.014904,-0.0063003,8.7813e-05,0.0064754,0.011984,0.016614,0.021243,0.023138,0.022297,0.021456,0.015777,0.0052575,-0.0052632,-0.01944,-0.037273,-0.055104,-0.072623,-0.08983,-0.10704,-0.12132,-0.13267,-0.14401,-0.15284,-0.15913,-0.16543,-0.17076,-0.17512,-0.17948,-0.18507,-0.19189,-0.19871,-0.20703,-0.21686,-0.22668,-0.23616,-0.24529,-0.25442,-0.2592,-0.25961,-0.26002,-0.25404,-0.24167,-0.22931,-0.21283,-0.19225,-0.17167,-0.15004,-0.12738,-0.10472,-0.083346,-0.063251,-0.043154,-0.02299,-0.0027565,0.017477,0.038195,0.059399,0.080606,0.10172,0.12274,0.14376,0.16674,0.1917,0.21667,0.24117,0.26522,0.28926,0.31398,0.33937,0.36476,0.38266,0.39307,0.40348,0.41345,0.42299,0.43252,0.44009,0.44569,0.45129,0.45499,0.45679,0.45859,0.45867,0.45703,0.45538,0.45206,0.44706,0.44206,0.43433,0.42387,0.41341,0.40383,0.39514,0.38645,0.37896,0.37268,0.36639,0.36061,0.35533,0.35005,0.34411,0.33752,0.33093,0.32458,0.31848,0.31238,0.3054,0.29753,0.28966,0.28286,0.27712,0.27139,0.26717,0.26448,0.26179,0.25762,0.25197,0.24631,0.24316,0.24251,0.24186,0.24076,0.23919,0.23763,0.23688,0.23693,0.23698,0.23717,0.2375,0.23783,0.23782,0.23745,0.23709,0.23651,0.23571,0.23492,0.23422,0.23361,0.233,0.23461,0.23844,0.24228,0.24464,0.24552,0.24641,0.24769,0.24937,0.25105,0.25272,0.2544,0.25607,0.257,0.25719,0.25738,0.25605,0.25319,0.25034,0.24576,0.23945,0.23314,0.22565,0.21698,0.20831,0.19929,0.18992,0.18054,0.17124,0.162,0.15276,0.14347,0.13413,0.12478,0.11516,0.10528,0.09539,0.085272,0.074922,0.064571,0.054344,0.044241,0.034138,0.024736,0.016039,0.0073415,-0.00033799,-0.0070004,-0.013664,-0.019697,-0.025098,-0.030499,-0.036155,-0.042068,-0.047982,-0.055144,-0.063556,-0.071969,-0.082273,-0.094471,-0.10667,-0.12024,-0.13518,-0.15012,-0.16402,-0.17689,-0.18976,-0.19815,-0.20205,-0.20595,-0.20385,-0.19575,-0.18766,-0.15302,-0.091826,-0.03061
0,0,0,0,-0.19806,-0.19983,-0.20681,-0.21898,-0.23115,-0.24625,-0.26428,-0.28231,-0.29596,-0.30524,-0.31451,-0.32093,-0.32449,-0.32805,-0.32622,-0.319,-0.31177,-0.30316,-0.29316,-0.28316,-0.27261,-0.26151,-0.25041,-0.23931,-0.22821,-0.21712,-0.20617,-0.19538,-0.18458,-0.17193,-0.15742,-0.14292,-0.12945,-0.11702,-0.10458,-0.092728,-0.08145,-0.070171,-0.059465,-0.049331,-0.039199,-0.03017,-0.022243,-0.014316,-0.0072694,-0.0011001,0.0050688,0.010498,0.015191,0.019884,0.0244,0.028741,0.033081,0.037706,0.042617,0.047528,0.053138,0.059447,0.065757,0.072743,0.080404,0.088065,0.094838,0.10072,0.10661,0.1105,0.11241,0.11431,0.11405,0.1116,0.10916,0.10576,0.10137,0.096995,0.091597,0.085179,0.078762,0.07281,0.067321,0.061831,0.055904,0.049541,0.043179,0.036214,0.028648,0.021083,0.013198,0.0049942,-0.0032094,-0.011029,-0.018464,-0.025902,-0.033649,-0.041707,-0.049765,-0.055155,-0.057877,-0.060598,-0.063167,-0.065584,-0.068001,-0.068978,-0.068512,-0.068044,-0.066626,-0.064259,-0.061891,-0.0578,-0.051983,-0.046166,-0.03798,-0.027422,-0.016866,-0.0038339,0.011676,0.027182,0.043872,0.061742,0.079605,0.097923,0.1167,0.13547,0.15395,0.17213,0.19031,0.207,0.22219,0.23738,0.2507,0.26217,0.27365,0.28253,0.28883,0.29513,0.30002,0.3035,0.30697,0.30904,0.30971,0.31038,0.30921,0.3062,0.30319,0.29788,0.29026,0.28265,0.27316,0.26182,0.25047,0.23935,0.22847,0.21758,0.20948,0.20417,0.19885,0.19642,0.19686,0.19731,0.19751,0.19805,0.20062,0.20415,0.20569,0.2044,0.2007,0.19675,0.19376,0.19063,0.1871,0.18382,0.18275,0.18357,0.18393,0.18259,0.17863,0.1727,0.1664,0.15988,0.14963,0.13415,0.11774,0.10459,0.097149,0.096197,0.10126,0.11053,0.12097,0.12902,0.13263,0.13364,0.13606,0.14029,0.14415,0.14569,0.14411,0.14241,0.14726,0.15795,0.16674,0.17324,0.17694,0.17768,0.17522,0.17082,0.16877,0.16663,0.1587,0.14649,0.13431,0.12348,0.1193,0.12148,0.12072,0.10903,0.086657,0.065343,0.058316,0.064697,0.072026,0.073044,0.067614,0.059091,0.052284,0.048101,0.04407,0.040451,0.036765,0.029327,0.020285,0.013691,0.0092452,0.0052845,0.0014932,-0.003578,-0.010715,-0.019967,-0.019925,-0.005695,0,0,-0.032891,-0.050023,-0.080966,-0.12937,-0.17236,-0.20705,-0.2297,-0.24045,-0.23788,-0.219,-0.18612,-0.12677,-0.030988,0,0,0,0,0,0,0,0,0,0,0,0,0,0,0,0,0,0,0,0,0,0,0,0,0,0,0,0,0,0,0,0,0,0,0,0,0,0,0,0,0,0,0,0.006515,0.015502,0.024489,0.030832,0.034531,0.038228,0.042061,0.04603,0.049998,0.052351,0.053088,0,0,0,0,0,0.0024841,0.0020308,0.0010328,-0.00050965,-0.002052,0,0,0,-0.093829,-0.10272,-0.11161,-0.11889,-0.12456,-0.13024,-0.12938,-0.12199,-0.11461,-0.10409,-0.090455,-0.076815,-0.062455,-0.047371,-0.032287,-0.019998,-0.010505,-0.0010127,0.0061037,0.010844,0.015584,0.019706,0.02321,0.026714,0.02778,0.026407,0.025034,0.019105,0.0086148,-0.0018785,-0.016194,-0.034333,-0.052472,-0.069538,-0.085531,-0.10152,-0.11535,-0.12701,-0.13868,-0.14735,-0.15304,-0.15873,-0.16352,-0.16741,-0.1713,-0.17655,-0.18315,-0.18975,-0.19776,-0.20718,-0.2166,-0.22583,-0.23486,-0.24389,-0.24823,-0.24789,-0.24754,-0.24093,-0.22806,-0.21519,-0.19852,-0.17807,-0.15761,-0.13642,-0.11448,-0.09254,-0.071761,-0.052141,-0.03252,-0.012527,0.0078404,0.028209,0.049158,0.07069,0.092223,0.11398,0.13596,0.15794,0.18143,0.20643,0.23144,0.25586,0.27969,0.30352,0.32782,0.3526,0.37738,0.39336,0.40056,0.40775,0.41582,0.42478,0.43374,0.44087,0.44617,0.45147,0.45492,0.4565,0.45809,0.45794,0.45605,0.45415,0.45052,0.44516,0.43979,0.43073,0.41797,0.40521,0.39434,0.38535,0.37635,0.36935,0.36434,0.35933,0.35325,0.3461,0.33896,0.3318,0.32462,0.31744,0.3105,0.30378,0.29706,0.29021,0.28323,0.27626,0.26976,0.26375,0.25774,0.25326,0.25031,0.24737,0.24329,0.23808,0.23287,0.23016,0.22995,0.22974,0.22911,0.22807,0.22703,0.22648,0.22643,0.22638,0.22627,0.2261,0.22593,0.2255,0.22479,0.22409,0.22327,0.22234,0.2214,0.22064,0.22005,0.21946,0.22104,0.2248,0.22856,0.23091,0.23185,0.2328,0.23419,0.23602,0.23785,0.23981,0.24189,0.24398,0.2454,0.24616,0.24693,0.24624,0.2441,0.24195,0.23809,0.23249,0.2269,0.22003,0.21189,0.20375,0.19511,0.18597,0.17683,0.16765,0.15844,0.14923,0.13993,0.13054,0.12115,0.11147,0.10148,0.091489,0.081261,0.070792,0.060323,0.050026,0.039902,0.029777,0.020401,0.011776,0.0031512,-0.0044507,-0.011029,-0.017608,-0.02363,-0.029097,-0.034563,-0.040405,-0.046623,-0.052841,-0.060354,-0.069161,-0.077969,-0.088568,-0.10096,-0.11335,-0.12684,-0.14143,-0.15602,-0.16935,-0.18143,-0.1935,-0.20143,-0.20521,-0.20899,-0.20775,-0.20149,-0.19523,-0.1601,-0.096072,-0.032029
0,0,0,0,-0.1972,-0.20011,-0.20721,-0.21852,-0.22982,-0.24362,-0.25992,-0.27622,-0.28826,-0.29606,-0.30386,-0.3091,-0.31178,-0.31446,-0.31208,-0.30467,-0.29724,-0.28868,-0.27897,-0.26926,-0.25905,-0.24835,-0.23764,-0.22676,-0.2157,-0.20464,-0.19411,-0.18411,-0.17411,-0.16226,-0.14856,-0.13486,-0.12231,-0.11092,-0.099527,-0.088698,-0.078432,-0.068165,-0.058525,-0.049511,-0.040497,-0.032213,-0.024657,-0.017103,-0.010051,-0.0034996,0.0030527,0.008972,0.014259,0.019544,0.024577,0.029355,0.034133,0.039081,0.044199,0.049317,0.055071,0.061462,0.067853,0.074985,0.082856,0.090728,0.097637,0.10358,0.10952,0.11356,0.11569,0.11782,0.11782,0.11567,0.11353,0.11053,0.10667,0.10281,0.097586,0.091,0.084413,0.078186,0.072317,0.066449,0.059953,0.052828,0.045703,0.03781,0.029151,0.020493,0.011476,0.0021055,-0.0072653,-0.016119,-0.024453,-0.032789,-0.041081,-0.049331,-0.05758,-0.062947,-0.065433,-0.067918,-0.070758,-0.073953,-0.077148,-0.079096,-0.079796,-0.080496,-0.080094,-0.078588,-0.077081,-0.073409,-0.067571,-0.061733,-0.053241,-0.042089,-0.030938,-0.017437,-0.0015825,0.014268,0.031225,0.049294,0.067364,0.0859,0.10491,0.12393,0.14253,0.16071,0.17891,0.1955,0.21049,0.22547,0.2387,0.25017,0.26163,0.27081,0.2777,0.28459,0.29021,0.29456,0.29892,0.30188,0.30344,0.305,0.3047,0.30253,0.30036,0.29588,0.28909,0.2823,0.2736,0.263,0.2524,0.242,0.2318,0.2216,0.2141,0.20929,0.20449,0.20272,0.20398,0.20524,0.20624,0.20777,0.21152,0.21646,0.21863,0.21611,0.2102,0.2046,0.20087,0.19723,0.19291,0.18883,0.18634,0.18578,0.18661,0.18643,0.18263,0.17429,0.16377,0.15422,0.14435,0.13157,0.11834,0.10831,0.10241,0.10038,0.10162,0.10642,0.11385,0.12117,0.1259,0.12809,0.12984,0.13242,0.13437,0.13356,0.13094,0.13181,0.13975,0.1504,0.15909,0.1672,0.17201,0.17041,0.16466,0.15778,0.15357,0.15233,0.14934,0.14785,0.14088,0.12722,0.12021,0.11723,0.11087,0.096687,0.078791,0.067574,0.068597,0.076411,0.081169,0.079568,0.073721,0.065098,0.058283,0.055486,0.053672,0.05216,0.04996,0.044932,0.038142,0.031213,0.023173,0.012774,0.0014397,-0.010004,-0.023545,-0.034369,-0.01764,0.0013479,0,0,-0.025507,-0.040002,-0.0732,-0.13698,-0.18907,-0.21902,-0.24297,-0.25811,-0.25917,-0.24112,-0.1954,-0.13541,-0.086168,0,0,0,0,0,0,0,0,0,0,0,0,0,0,0,0,0,0,0,0,0,0,0,0,0,0,0,0,0,0,0,0,0,0,0,0,0,0,0,0,0,0,0,0.0047222,0.01417,0.023617,0.03002,0.03338,0.03674,0.040195,0.043746,0.047298,0.049321,0.049814,0,0,0,0,0,0,0,0,0,0,0,0,0,-0.090374,-0.098396,-0.10641,-0.11268,-0.11719,-0.1217,-0.11932,-0.11005,-0.10077,-0.088754,-0.073994,-0.059235,-0.044503,-0.029798,-0.015094,-0.0038617,0.0038994,0.011659,0.01699,0.019893,0.022796,0.025419,0.027761,0.030103,0.03041,0.028682,0.026954,0.020851,0.010369,-0.000116,-0.014057,-0.031456,-0.048856,-0.064948,-0.079731,-0.094513,-0.10767,-0.11921,-0.13074,-0.13921,-0.14462,-0.15003,-0.15461,-0.15837,-0.16213,-0.16753,-0.17459,-0.18164,-0.18951,-0.19818,-0.20684,-0.2154,-0.22383,-0.23227,-0.23602,-0.23508,-0.23415,-0.22713,-0.21402,-0.2009,-0.18431,-0.16424,-0.14417,-0.12365,-0.10267,-0.081692,-0.06137,-0.041706,-0.022042,-0.0017639,0.019129,0.040023,0.061524,0.083633,0.10574,0.12818,0.15095,0.17372,0.19755,0.22245,0.24736,0.27143,0.29467,0.3179,0.34087,0.36356,0.38626,0.40064,0.40671,0.41278,0.41944,0.4267,0.43396,0.44023,0.4455,0.45076,0.45419,0.45578,0.45737,0.45709,0.45494,0.45279,0.4488,0.44297,0.43714,0.42716,0.41304,0.39891,0.38717,0.37782,0.36847,0.36114,0.35584,0.35054,0.34404,0.33632,0.32861,0.32087,0.3131,0.30533,0.29782,0.29059,0.28335,0.27642,0.26979,0.26317,0.25679,0.25065,0.24452,0.23977,0.23641,0.23306,0.22924,0.22497,0.22069,0.21847,0.21829,0.21811,0.21768,0.21699,0.21631,0.21609,0.21634,0.21659,0.21636,0.21563,0.2149,0.21401,0.21296,0.21191,0.21088,0.20988,0.20888,0.20813,0.20762,0.20711,0.20875,0.21255,0.21635,0.21883,0.21999,0.22115,0.22277,0.22483,0.22689,0.22912,0.23151,0.23391,0.23568,0.23684,0.23799,0.23775,0.23613,0.2345,0.23119,0.22619,0.2212,0.21489,0.20725,0.19962,0.19138,0.18254,0.1737,0.16471,0.15559,0.14646,0.13715,0.12768,0.1182,0.10834,0.098088,0.087837,0.077323,0.066543,0.055763,0.045242,0.034977,0.024714,0.015295,0.006717,-0.0018592,-0.0094188,-0.015962,-0.022506,-0.028597,-0.034235,-0.039872,-0.045994,-0.0526,-0.059206,-0.067106,-0.076299,-0.085493,-0.0963,-0.10872,-0.12114,-0.13438,-0.14843,-0.16247,-0.17515,-0.18644,-0.19773,-0.20521,-0.20887,-0.21254,-0.21177,-0.20657,-0.20137,-0.16566,-0.099405,-0.033144
0,0,0,0,-0.19638,-0.2003,-0.2079,-0.21921,-0.23051,-0.24305,-0.25684,-0.27063,-0.28039,-0.28613,-0.29187,-0.29555,-0.29718,-0.29882,-0.29575,-0.28798,-0.28021,-0.27208,-0.26356,-0.25505,-0.24569,-0.23549,-0.22528,-0.21497,-0.20457,-0.19416,-0.18393,-0.17385,-0.16378,-0.15261,-0.14034,-0.12807,-0.11667,-0.10612,-0.095568,-0.085687,-0.076474,-0.06726,-0.058711,-0.050827,-0.042943,-0.035368,-0.028101,-0.020834,-0.013662,-0.0065858,0.0004895,0.0070692,0.01315,0.01923,0.024999,0.030455,0.03591,0.041346,0.046766,0.052185,0.058036,0.06432,0.070602,0.077702,0.085616,0.09353,0.1005,0.10651,0.11252,0.11666,0.11893,0.1212,0.1216,0.12014,0.11867,0.11635,0.11317,0.10998,0.10495,0.098074,0.091195,0.084502,0.077992,0.071483,0.064092,0.055817,0.04754,0.038405,0.028407,0.018409,0.0081744,-0.0022962,-0.012767,-0.022457,-0.031365,-0.040275,-0.048377,-0.055672,-0.062968,-0.068298,-0.071665,-0.075031,-0.078788,-0.082937,-0.087087,-0.090128,-0.092063,-0.093998,-0.094378,-0.093201,-0.092023,-0.088406,-0.08235,-0.076296,-0.067353,-0.055513,-0.043675,-0.029826,-0.013962,0.0019008,0.018985,0.037294,0.055604,0.074354,0.093551,0.11275,0.13141,0.14954,0.16768,0.18424,0.19924,0.21424,0.22735,0.23857,0.24979,0.25924,0.26691,0.27459,0.28109,0.28643,0.29177,0.29567,0.29813,0.30059,0.30113,0.29974,0.29836,0.29464,0.2886,0.28256,0.2746,0.26472,0.25483,0.24511,0.23553,0.22596,0.21897,0.21458,0.21019,0.20884,0.21053,0.21223,0.21386,0.21651,0.22181,0.22801,0.23063,0.22745,0.22035,0.21375,0.20915,0.20469,0.19951,0.19444,0.18992,0.1866,0.18535,0.18465,0.18178,0.17468,0.16382,0.15217,0.13956,0.12612,0.11577,0.11002,0.10755,0.10619,0.10498,0.10507,0.10768,0.11205,0.11634,0.11957,0.12178,0.12306,0.1227,0.1202,0.11825,0.12181,0.13127,0.14247,0.15223,0.15927,0.1619,0.15935,0.15298,0.1455,0.14063,0.1397,0.13919,0.14212,0.14035,0.13109,0.12547,0.11935,0.10572,0.085255,0.069067,0.067731,0.077083,0.085773,0.087626,0.083503,0.078072,0.072297,0.068408,0.066372,0.064645,0.063451,0.061505,0.059036,0.054473,0.045664,0.032627,0.016863,0.0003272,-0.015928,-0.031316,-0.029565,-0.0095017,0,0,0,-0.010203,-0.01753,-0.061689,-0.13987,-0.20406,-0.23122,-0.25135,-0.26498,-0.26689,-0.24915,-0.20787,-0.16517,-0.11074,-0.019271,0,0,0,0,0,0,0,0,0,0,0,0,0,0,0,0,0,0,0,0,0,0,0,0,0,0,0,0,0,0,0,0,0,0,0,0,0,0,0,0,0,0,0.0022394,0.012704,0.021174,0.027146,0.030619,0.034091,0.037211,0.039976,0.042741,0.043744,0.042983,0.01909,0,0,0,0,0,0,0,0,0,0,0,0,-0.082815,-0.091436,-0.10005,-0.10551,-0.1078,-0.11009,-0.10589,-0.095177,-0.084467,-0.071298,-0.055669,-0.040041,-0.025346,-0.011584,0.0021779,0.01187,0.017491,0.023111,0.02636,0.027238,0.028115,0.029125,0.030268,0.031411,0.031029,0.029122,0.027214,0.021015,0.01052,2.3742e-05,-0.013028,-0.02864,-0.044252,-0.058848,-0.072429,-0.08601,-0.098281,-0.10924,-0.1202,-0.12841,-0.13387,-0.13933,-0.14404,-0.148,-0.15196,-0.15802,-0.1662,-0.17438,-0.18225,-0.18984,-0.19741,-0.20487,-0.21221,-0.21955,-0.22254,-0.22119,-0.21984,-0.21262,-0.19954,-0.18645,-0.1702,-0.15077,-0.13134,-0.11174,-0.091959,-0.072181,-0.052178,-0.031949,-0.011717,0.0093029,0.03111,0.052918,0.075291,0.098224,0.12116,0.14432,0.16771,0.19109,0.21511,0.23976,0.26441,0.28787,0.31015,0.33241,0.35312,0.37227,0.39141,0.4045,0.41154,0.41857,0.42431,0.42874,0.43318,0.43815,0.44365,0.44916,0.45282,0.45463,0.45644,0.45613,0.45372,0.4513,0.4469,0.4405,0.43411,0.42363,0.40907,0.39451,0.38234,0.37256,0.36279,0.35432,0.34718,0.34003,0.33297,0.32599,0.31901,0.31134,0.30296,0.29458,0.28657,0.27891,0.27125,0.26401,0.2572,0.25039,0.24393,0.23783,0.23172,0.22671,0.22279,0.21887,0.21548,0.21263,0.20978,0.20808,0.20753,0.20699,0.20646,0.20596,0.20546,0.20569,0.20666,0.20762,0.20743,0.20608,0.20473,0.20335,0.20194,0.20054,0.19934,0.19835,0.19735,0.19668,0.19632,0.19595,0.19775,0.20169,0.20564,0.20839,0.20993,0.21147,0.21343,0.21579,0.21816,0.22065,0.22326,0.22587,0.22785,0.22921,0.23056,0.23059,0.22929,0.22798,0.22507,0.22055,0.21604,0.21021,0.20307,0.19594,0.18813,0.17964,0.17116,0.16242,0.15343,0.14444,0.13514,0.12553,0.11592,0.10578,0.095108,0.084435,0.073457,0.062174,0.050891,0.03999,0.02947,0.018952,0.0094161,0.00086311,-0.0076884,-0.015243,-0.0218,-0.028357,-0.034594,-0.04051,-0.046425,-0.052921,-0.059999,-0.067077,-0.0754,-0.084969,-0.094538,-0.10547,-0.11776,-0.13005,-0.14286,-0.15617,-0.16948,-0.1814,-0.19193,-0.20245,-0.20949,-0.21304,-0.21659,-0.21591,-0.211,-0.20609,-0.16971,-0.10184,-0.033957
0,0,0,0,-0.19556,-0.20048,-0.20859,-0.21989,-0.23119,-0.24248,-0.25376,-0.26504,-0.27252,-0.2762,-0.27988,-0.28201,-0.28259,-0.28318,-0.27941,-0.2713,-0.26318,-0.25547,-0.24816,-0.24084,-0.23233,-0.22262,-0.21292,-0.20319,-0.19344,-0.18369,-0.17374,-0.16359,-0.15345,-0.14296,-0.13212,-0.12129,-0.11102,-0.10131,-0.091608,-0.082676,-0.074515,-0.066356,-0.058898,-0.052142,-0.045389,-0.038523,-0.031544,-0.024565,-0.017275,-0.0096736,-0.0020726,0.0051667,0.012042,0.018917,0.025422,0.031554,0.037686,0.043612,0.049333,0.055052,0.061,0.067176,0.073351,0.080418,0.088374,0.09633,0.10335,0.10944,0.11552,0.11977,0.12217,0.12457,0.12538,0.1246,0.12382,0.12217,0.11967,0.11716,0.11232,0.10515,0.097978,0.090818,0.083668,0.076518,0.068231,0.058805,0.049378,0.038998,0.027662,0.016324,0.0048701,-0.0066989,-0.018269,-0.028796,-0.038277,-0.04776,-0.055672,-0.062014,-0.068355,-0.07365,-0.077897,-0.082144,-0.086819,-0.091922,-0.097026,-0.10116,-0.10433,-0.1075,-0.10866,-0.10781,-0.10696,-0.1034,-0.09713,-0.090857,-0.08146,-0.068934,-0.056411,-0.042212,-0.026338,-0.010466,0.006749,0.025297,0.043844,0.062809,0.08219,0.10157,0.12029,0.13836,0.15644,0.17299,0.188,0.20301,0.21601,0.22698,0.23796,0.24767,0.25613,0.26459,0.27198,0.2783,0.28463,0.28947,0.29283,0.29619,0.29756,0.29696,0.29635,0.2934,0.28811,0.28281,0.27559,0.26643,0.25727,0.24821,0.23926,0.23031,0.22385,0.21987,0.21589,0.21496,0.21709,0.21921,0.22113,0.22431,0.23077,0.23739,0.23978,0.23663,0.22967,0.22264,0.21703,0.21195,0.2062,0.19955,0.19265,0.18664,0.18227,0.18015,0.17812,0.1738,0.16592,0.15341,0.13673,0.12128,0.11184,0.1085,0.10926,0.10967,0.10772,0.10467,0.10304,0.10402,0.10699,0.11045,0.11288,0.1134,0.11178,0.1096,0.10989,0.11442,0.12305,0.13374,0.14331,0.14916,0.15066,0.14807,0.14197,0.13502,0.13072,0.12991,0.12962,0.13388,0.13556,0.13088,0.12858,0.12279,0.10577,0.080602,0.063294,0.065593,0.079593,0.090721,0.092318,0.088047,0.082666,0.078952,0.078913,0.078212,0.076708,0.076057,0.074311,0.072153,0.068042,0.05755,0.04027,0.020155,-0.00023341,-0.02021,-0.032864,-0.017697,0.00048666,0,0,0,0,0,-0.047601,-0.14417,-0.21904,-0.24443,-0.26071,-0.26941,-0.268,-0.251,-0.22077,-0.17494,-0.11987,-0.061781,0,0,0,0,0,0,0,0,0,0,0,0,0,0,0,0,0,0,0,0,0,0,0,0,0,0,0,0,0,0,0,0,0,0,0,0,0,0,0,0,0,0,0,0.011237,0.018731,0.024271,0.027858,0.031445,0.034227,0.036206,0.038185,0.038167,0.036152,0.034138,0,0,0,0,0,0,0,0,0,0,0,0,-0.075258,-0.084477,-0.093695,-0.098339,-0.098409,-0.09848,-0.092445,-0.080304,-0.068161,-0.053841,-0.037344,-0.020846,-0.006187,0.0066321,0.01945,0.027601,0.031083,0.034563,0.03573,0.034582,0.033433,0.032831,0.032775,0.032719,0.031648,0.029561,0.027473,0.021177,0.010671,0.00016406,-0.012001,-0.025824,-0.039649,-0.05275,-0.065131,-0.077512,-0.088893,-0.099279,-0.10967,-0.11761,-0.12312,-0.12863,-0.13346,-0.13763,-0.14179,-0.14852,-0.15782,-0.16711,-0.17501,-0.1815,-0.18798,-0.19435,-0.20059,-0.20683,-0.20907,-0.2073,-0.20552,-0.19811,-0.18506,-0.172,-0.15608,-0.1373,-0.11851,-0.099826,-0.081247,-0.06267,-0.042983,-0.022187,-0.0013903,0.02037,0.043091,0.065815,0.089057,0.11281,0.13657,0.16046,0.18446,0.20847,0.23267,0.25707,0.28147,0.30432,0.32562,0.34693,0.36538,0.38097,0.39657,0.40836,0.41636,0.42436,0.42917,0.43078,0.4324,0.43608,0.44181,0.44755,0.45144,0.45347,0.4555,0.45517,0.45249,0.44981,0.44499,0.43803,0.43107,0.42009,0.4051,0.39011,0.37751,0.36731,0.35711,0.34751,0.33852,0.32953,0.32191,0.31566,0.30941,0.3018,0.29282,0.28384,0.27531,0.26723,0.25915,0.25161,0.24461,0.23761,0.23107,0.225,0.21892,0.21365,0.20916,0.20468,0.20172,0.2003,0.19887,0.1977,0.19678,0.19586,0.19525,0.19493,0.19461,0.1953,0.19697,0.19865,0.19851,0.19653,0.19455,0.19269,0.19093,0.18917,0.1878,0.18681,0.18583,0.18523,0.18501,0.1848,0.18674,0.19084,0.19493,0.19794,0.19987,0.2018,0.20409,0.20676,0.20943,0.21218,0.215,0.21783,0.22002,0.22158,0.22313,0.22342,0.22245,0.22147,0.21896,0.21492,0.21087,0.20553,0.19889,0.19225,0.18487,0.17674,0.16862,0.16013,0.15128,0.14243,0.13314,0.12339,0.11364,0.10322,0.092127,0.081033,0.069593,0.057806,0.04602,0.03474,0.023963,0.013188,0.0035362,-0.0049908,-0.013518,-0.021068,-0.027638,-0.034209,-0.040592,-0.046786,-0.052979,-0.05985,-0.067399,-0.074949,-0.083695,-0.09364,-0.10359,-0.11464,-0.1268,-0.13897,-0.15134,-0.16392,-0.17649,-0.18766,-0.19742,-0.20718,-0.21378,-0.21721,-0.22064,-0.22004,-0.21543,-0.21081,-0.17376,-0.10427,-0.034766
0,0,0,0,-0.19084,-0.19601,-0.2041,-0.2151,-0.2261,-0.23628,-0.24564,-0.25501,-0.26109,-0.2639,-0.2667,-0.26786,-0.26738,-0.26689,-0.2626,-0.25452,-0.24644,-0.23913,-0.23259,-0.22605,-0.21826,-0.20921,-0.20016,-0.19112,-0.1821,-0.17308,-0.16367,-0.15389,-0.14411,-0.13439,-0.12473,-0.11506,-0.10594,-0.09734,-0.088745,-0.08096,-0.073985,-0.067012,-0.060596,-0.054732,-0.04887,-0.042575,-0.035849,-0.029122,-0.021736,-0.013694,-0.0056513,0.002253,0.01002,0.017785,0.025165,0.03216,0.039156,0.045729,0.051878,0.058027,0.064147,0.070238,0.076327,0.083144,0.090686,0.098227,0.10509,0.11128,0.11746,0.12186,0.12447,0.12707,0.12827,0.12806,0.12785,0.12672,0.12466,0.12261,0.11789,0.1105,0.1031,0.095452,0.087547,0.07964,0.070413,0.059864,0.049312,0.037812,0.025362,0.01291,0.00050683,-0.011844,-0.024194,-0.03529,-0.045128,-0.054968,-0.062861,-0.068809,-0.074756,-0.080237,-0.08525,-0.090263,-0.095779,-0.1018,-0.10782,-0.1128,-0.11676,-0.12072,-0.12235,-0.12164,-0.12093,-0.11722,-0.1105,-0.10377,-0.094036,-0.081281,-0.068526,-0.054154,-0.038167,-0.022183,-0.0048108,0.013945,0.0327,0.051867,0.071447,0.091026,0.10981,0.12778,0.14576,0.1622,0.17711,0.19202,0.20502,0.21611,0.22721,0.23735,0.24652,0.2557,0.26388,0.27107,0.27827,0.28399,0.28826,0.29252,0.29473,0.2949,0.29507,0.29282,0.28814,0.28347,0.27686,0.26834,0.25981,0.25133,0.2429,0.23448,0.22847,0.2249,0.22132,0.22073,0.22312,0.22551,0.22765,0.23106,0.2376,0.24453,0.24758,0.24506,0.23848,0.23099,0.22443,0.2188,0.21285,0.20572,0.19776,0.18982,0.18281,0.17841,0.1754,0.1714,0.16472,0.15264,0.13559,0.12027,0.1102,0.10664,0.1084,0.10968,0.1073,0.10257,0.098765,0.097085,0.098078,0.10064,0.10284,0.1033,0.10236,0.10195,0.10373,0.10828,0.11528,0.12373,0.13138,0.13643,0.13828,0.13665,0.13223,0.12699,0.12341,0.12203,0.12396,0.12799,0.1281,0.1263,0.12648,0.1226,0.10773,0.084632,0.067119,0.065505,0.077249,0.091177,0.097225,0.097119,0.092137,0.087047,0.08796,0.089407,0.091182,0.092268,0.089238,0.085131,0.080052,0.068462,0.048496,0.024682,0.00042858,-0.020648,-0.02268,-0.0078597,0,0,0,0,0,0,-0.040327,-0.15183,-0.23699,-0.25855,-0.26865,-0.27037,-0.26408,-0.24854,-0.22084,-0.17911,-0.13311,-0.091948,0,0,0,0,0,0,0,0,0,0,0,0,0,0,0,0,0,0,0,0,0,0,0,0,0,0,0,0,0,0,0,0,0,0,0,0,0,0,0,0,0,0,0,0.008753,0.01459,0.019657,0.023952,0.028246,0.030908,0.031939,0.03297,0.032363,0.030119,0.027873,0,0,0,0,0,0,0,0,0,0,0,0,-0.068031,-0.076588,-0.085143,-0.088435,-0.086467,-0.084499,-0.076778,-0.063305,-0.049831,-0.034691,-0.017887,-0.0010824,0.013005,0.024373,0.03574,0.042048,0.043298,0.044545,0.043663,0.040653,0.037642,0.035572,0.034445,0.033318,0.03149,0.02896,0.026431,0.02036,0.010746,0.001129,-0.0097447,-0.021878,-0.034014,-0.045928,-0.057619,-0.069311,-0.080158,-0.090163,-0.10017,-0.10809,-0.11393,-0.11978,-0.12538,-0.13075,-0.13611,-0.14309,-0.15168,-0.16026,-0.16746,-0.17327,-0.17907,-0.18438,-0.18918,-0.19398,-0.1952,-0.19283,-0.19046,-0.18281,-0.16986,-0.15692,-0.14143,-0.12337,-0.10532,-0.087228,-0.069101,-0.050974,-0.031519,-0.010741,0.010037,0.032049,0.055293,0.078539,0.1023,0.12658,0.15085,0.17511,0.19936,0.22361,0.2482,0.27315,0.29811,0.32014,0.33924,0.35835,0.37458,0.38794,0.40131,0.41146,0.41839,0.42533,0.42936,0.4305,0.43164,0.43461,0.43941,0.44422,0.44775,0.45,0.45225,0.4519,0.44893,0.44597,0.44072,0.43318,0.42563,0.41459,0.40005,0.38552,0.37293,0.36231,0.35169,0.34128,0.3311,0.32091,0.31246,0.30574,0.29903,0.2912,0.28227,0.27333,0.26465,0.25622,0.2478,0.24002,0.23289,0.22575,0.2192,0.21322,0.20725,0.20198,0.19742,0.19285,0.19015,0.18932,0.18849,0.18755,0.18651,0.18547,0.18495,0.18496,0.18497,0.1857,0.18716,0.18861,0.18848,0.18676,0.18504,0.18331,0.18157,0.17982,0.1785,0.1776,0.17671,0.17621,0.17612,0.17602,0.17782,0.18152,0.18522,0.1882,0.19046,0.19271,0.19534,0.19834,0.20133,0.20449,0.2078,0.21111,0.21357,0.21519,0.2168,0.21719,0.21635,0.21551,0.21324,0.20954,0.20583,0.2009,0.19475,0.18859,0.18168,0.174,0.16632,0.15816,0.14952,0.14088,0.13161,0.12169,0.11177,0.10101,0.089406,0.077799,0.065792,0.053383,0.040974,0.029165,0.017955,0.0067464,-0.003202,-0.011891,-0.020581,-0.028269,-0.034956,-0.041643,-0.048225,-0.054702,-0.061177,-0.068394,-0.076353,-0.084312,-0.093379,-0.10355,-0.11373,-0.12474,-0.13658,-0.14842,-0.16021,-0.17194,-0.18368,-0.19405,-0.20306,-0.21207,-0.21824,-0.22157,-0.2249,-0.22448,-0.22032,-0.21617,-0.17842,-0.10706,-0.035692
0,0,0,0,-0.18224,-0.1869,-0.19442,-0.20482,-0.21522,-0.22445,-0.23249,-0.24053,-0.24611,-0.24923,-0.25235,-0.25312,-0.25153,-0.24995,-0.24532,-0.23765,-0.22998,-0.22305,-0.21687,-0.21069,-0.20348,-0.19524,-0.187,-0.17877,-0.17055,-0.16233,-0.15373,-0.14475,-0.13577,-0.12691,-0.11816,-0.10941,-0.10142,-0.094198,-0.086975,-0.080537,-0.074883,-0.069229,-0.0638,-0.058592,-0.053385,-0.047526,-0.041015,-0.034503,-0.027046,-0.018646,-0.010246,-0.0016709,0.0070815,0.015834,0.024231,0.032276,0.04032,0.047696,0.054403,0.061109,0.067476,0.073504,0.079531,0.08588,0.092551,0.099222,0.10572,0.11203,0.11835,0.12295,0.12582,0.1287,0.13026,0.13052,0.13077,0.12999,0.12816,0.12634,0.12166,0.11411,0.10656,0.098404,0.089629,0.080853,0.070641,0.058993,0.047344,0.03485,0.021509,0.008166,-0.0049142,-0.017728,-0.03054,-0.041936,-0.051917,-0.061898,-0.069944,-0.076057,-0.082169,-0.088058,-0.093723,-0.099388,-0.10567,-0.11256,-0.11946,-0.12506,-0.12936,-0.13366,-0.13543,-0.13469,-0.13394,-0.12986,-0.12246,-0.11505,-0.10508,-0.092552,-0.080021,-0.065658,-0.049455,-0.033253,-0.015686,0.0032408,0.022166,0.04153,0.061332,0.081137,0.099954,0.11778,0.13562,0.15188,0.16657,0.18126,0.19439,0.20597,0.21756,0.22826,0.23809,0.24791,0.25679,0.26474,0.27269,0.27925,0.28441,0.28958,0.29263,0.29357,0.29452,0.29289,0.2887,0.28452,0.27843,0.27045,0.26246,0.25446,0.24645,0.23844,0.23284,0.22966,0.22648,0.22613,0.22864,0.23114,0.2342,0.2385,0.24359,0.24931,0.25319,0.25178,0.24576,0.23785,0.23032,0.22381,0.21772,0.21108,0.20328,0.19428,0.18518,0.17774,0.1725,0.16794,0.16137,0.15059,0.13583,0.12263,0.11196,0.10585,0.10535,0.10549,0.10371,0.098939,0.093952,0.090808,0.090113,0.091406,0.093015,0.093912,0.094426,0.095458,0.098002,0.102,0.10711,0.11274,0.11815,0.12268,0.12518,0.12519,0.12317,0.12025,0.11755,0.1154,0.119,0.12229,0.12009,0.1195,0.12022,0.11799,0.10867,0.092707,0.07724,0.070916,0.07758,0.090764,0.10023,0.10332,0.10025,0.096672,0.098354,0.10111,0.10432,0.10693,0.10399,0.098815,0.093329,0.080794,0.059074,0.032083,0.0036359,-0.016535,-0.0092677,0.00051179,0,0,0,0,0.0010256,-0.0089813,-0.073674,-0.17934,-0.24337,-0.26002,-0.26481,-0.26136,-0.2514,-0.23462,-0.20941,-0.17693,-0.13954,-0.10238,0,0,0,0,0,0,0,0,0,0,0,0,0,0,0,0,0,0,0,0,0,0,0,0,0,0,0,0,0,0,0,0,0,0,0,0,0,0,0,0,0,0,0,0.0035011,0.0058359,0.0082402,0.010713,0.013185,0.027253,0.027175,0.027098,0.026333,0.024881,0.023428,0,0,0,0,0,0,0,0,0,0,0,0,-0.061136,-0.067768,-0.074396,-0.075798,-0.071975,-0.06815,-0.058886,-0.044181,-0.029475,-0.013847,0.0027021,0.01925,0.03223,0.041639,0.051047,0.055214,0.054136,0.053056,0.050162,0.045452,0.040741,0.03735,0.035278,0.033208,0.030556,0.027321,0.024087,0.018561,0.010741,0.0029174,-0.0062637,-0.016804,-0.027347,-0.038376,-0.049891,-0.061406,-0.072074,-0.081891,-0.091707,-0.099848,-0.10632,-0.11278,-0.1198,-0.12736,-0.13492,-0.14173,-0.14778,-0.15383,-0.15962,-0.16515,-0.17068,-0.17496,-0.17797,-0.18099,-0.18093,-0.17779,-0.17464,-0.1667,-0.15396,-0.14122,-0.12623,-0.109,-0.09177,-0.073942,-0.055517,-0.037092,-0.017791,0.0023861,0.022563,0.044337,0.067712,0.091088,0.11502,0.13951,0.16399,0.18829,0.2124,0.2365,0.26171,0.28802,0.31433,0.33533,0.351,0.36667,0.38074,0.39319,0.40564,0.41379,0.41763,0.42147,0.42489,0.42789,0.4309,0.43375,0.43645,0.43916,0.44175,0.44422,0.4467,0.4463,0.44304,0.43977,0.43407,0.42594,0.4178,0.40714,0.39393,0.38073,0.36861,0.35758,0.34654,0.33565,0.32492,0.31418,0.30462,0.29623,0.28785,0.27954,0.2713,0.26306,0.25459,0.2459,0.2372,0.22925,0.22203,0.21482,0.20831,0.2025,0.19669,0.19171,0.18755,0.1834,0.18078,0.17971,0.17864,0.17764,0.17672,0.1758,0.17558,0.17606,0.17653,0.17691,0.1772,0.17749,0.17734,0.17677,0.17619,0.17522,0.17385,0.17249,0.17144,0.17071,0.16999,0.16962,0.16962,0.16961,0.17098,0.17374,0.1765,0.17915,0.18169,0.18423,0.18717,0.19052,0.19387,0.19757,0.20164,0.2057,0.2085,0.21004,0.21157,0.2119,0.21101,0.21013,0.20793,0.20442,0.20091,0.19631,0.19064,0.18496,0.17855,0.17141,0.16427,0.15652,0.14816,0.1398,0.13055,0.12044,0.11032,0.099157,0.086945,0.074735,0.062054,0.048903,0.035751,0.023265,0.011447,-0.00037065,-0.010798,-0.019837,-0.028876,-0.036848,-0.043753,-0.050658,-0.057492,-0.064256,-0.071019,-0.078554,-0.08686,-0.095166,-0.10445,-0.11471,-0.12497,-0.13577,-0.1471,-0.15843,-0.16948,-0.18026,-0.19104,-0.20057,-0.20885,-0.21713,-0.22289,-0.22613,-0.22936,-0.22922,-0.22569,-0.22217,-0.18368,-0.11023,-0.036753
0,0,0,0,-0.17364,-0.17777,-0.18474,-0.19454,-0.20434,-0.21261,-0.21933,-0.22605,-0.23113,-0.23456,-0.23799,-0.23837,-0.23569,-0.23301,-0.22804,-0.22078,-0.21351,-0.20697,-0.20115,-0.19533,-0.18871,-0.18128,-0.17385,-0.16642,-0.159,-0.15159,-0.14379,-0.13561,-0.12744,-0.11943,-0.11159,-0.10375,-0.096908,-0.091057,-0.085206,-0.080115,-0.075781,-0.071447,-0.067005,-0.062451,-0.057899,-0.052475,-0.04618,-0.039883,-0.032357,-0.023599,-0.014842,-0.0055956,0.0041443,0.013883,0.023297,0.032388,0.04148,0.04966,0.056926,0.06419,0.070805,0.07677,0.082734,0.088617,0.094416,0.10021,0.10634,0.11279,0.11924,0.12403,0.12718,0.13032,0.13225,0.13297,0.13369,0.13325,0.13166,0.13007,0.12543,0.11773,0.11003,0.10135,0.091708,0.082064,0.070868,0.058122,0.045377,0.031887,0.017655,0.0034213,-0.010335,-0.02361,-0.036885,-0.048583,-0.058706,-0.068827,-0.077027,-0.083306,-0.089583,-0.095881,-0.1022,-0.10851,-0.11556,-0.12333,-0.1311,-0.13731,-0.14195,-0.14659,-0.14852,-0.14773,-0.14694,-0.14251,-0.13442,-0.12632,-0.11613,-0.10382,-0.091519,-0.077164,-0.060747,-0.044325,-0.026561,-0.0074627,0.011629,0.03119,0.051218,0.071244,0.090101,0.10779,0.12548,0.14156,0.15603,0.1705,0.18377,0.19584,0.20791,0.21918,0.22965,0.24012,0.24971,0.25842,0.26712,0.2745,0.28057,0.28664,0.29053,0.29225,0.29396,0.29297,0.28927,0.28556,0.27999,0.27255,0.26511,0.2576,0.25,0.2424,0.23721,0.23442,0.23163,0.23154,0.23415,0.23676,0.24046,0.24522,0.24952,0.25407,0.25774,0.2573,0.25221,0.24435,0.23607,0.22865,0.2221,0.21571,0.20854,0.20017,0.19106,0.18066,0.17139,0.16461,0.15716,0.14737,0.13664,0.12631,0.11497,0.10632,0.10164,0.09893,0.09755,0.093495,0.088114,0.084716,0.083703,0.084152,0.084641,0.085487,0.086705,0.088703,0.091599,0.094564,0.098052,0.10176,0.10532,0.10903,0.11187,0.1133,0.11346,0.1129,0.11171,0.10954,0.11165,0.11406,0.11232,0.11179,0.11208,0.11135,0.10731,0.098041,0.087408,0.083239,0.086943,0.094932,0.10216,0.1045,0.10396,0.10477,0.10902,0.11267,0.11464,0.11617,0.11618,0.1127,0.10668,0.094602,0.071776,0.041934,0.012454,-0.0050614,-0.00044615,0,0,0,9.0266e-07,0.0010343,-0.0036493,-0.03265,-0.10411,-0.18257,-0.22404,-0.24039,-0.24547,-0.24125,-0.22952,-0.21228,-0.19142,-0.16721,-0.14044,-0.11013,-0.043232,0,0,0,0,0,0,0,0,0,0,0,0,0,0,0,0,0,0,0,0,0,0,0,0,0,0,0,0,0,0,0,0,0,0,0,0,0,0,0,0,0,0,0,0,0,0,0,0.023596,0.022411,0.021225,0.020303,0.019643,0.018983,0.0069289,0.0041574,0,0,0,0,0,0,0,0,-0.012232,-0.020386,-0.054244,-0.058948,-0.063651,-0.063162,-0.057482,-0.051802,-0.040993,-0.025057,-0.0091186,0.0069975,0.023289,0.039582,0.051454,0.058905,0.066355,0.068378,0.064974,0.061569,0.056662,0.050251,0.043839,0.039128,0.036113,0.033099,0.029623,0.025684,0.021745,0.016763,0.010737,0.0047079,-0.0027804,-0.01173,-0.020681,-0.030826,-0.042166,-0.053507,-0.063992,-0.07362,-0.083248,-0.091607,-0.098697,-0.10579,-0.11421,-0.12397,-0.13373,-0.14037,-0.14388,-0.14739,-0.15178,-0.15703,-0.16229,-0.16553,-0.16677,-0.16801,-0.16666,-0.16274,-0.15883,-0.1506,-0.13806,-0.12551,-0.11104,-0.094628,-0.078219,-0.060653,-0.04193,-0.023209,-0.0040612,0.015514,0.035089,0.056627,0.080132,0.10364,0.12774,0.15244,0.17713,0.20147,0.22544,0.24941,0.27522,0.30289,0.33056,0.35052,0.36276,0.375,0.38689,0.39843,0.40998,0.41612,0.41687,0.41762,0.42042,0.42529,0.43015,0.43289,0.43349,0.4341,0.43575,0.43845,0.44115,0.44071,0.43714,0.43357,0.42742,0.4187,0.40998,0.39968,0.38782,0.37595,0.36429,0.35284,0.34139,0.33002,0.31874,0.30745,0.29678,0.28673,0.27667,0.26787,0.26033,0.25279,0.24454,0.23557,0.2266,0.21847,0.21118,0.20388,0.19742,0.19178,0.18614,0.18144,0.17769,0.17394,0.17141,0.1701,0.16879,0.16773,0.16693,0.16613,0.16621,0.16715,0.16809,0.16812,0.16724,0.16636,0.16621,0.16678,0.16735,0.16713,0.16614,0.16515,0.16438,0.16382,0.16327,0.16303,0.16312,0.1632,0.16415,0.16597,0.16779,0.17011,0.17292,0.17574,0.179,0.1827,0.1864,0.19066,0.19548,0.2003,0.20343,0.20488,0.20634,0.2066,0.20567,0.20474,0.20261,0.1993,0.19599,0.19173,0.18653,0.18133,0.17543,0.16882,0.16222,0.15488,0.14679,0.13871,0.1295,0.11918,0.10887,0.0973,0.084485,0.071671,0.058318,0.044422,0.030527,0.017366,0.0049389,-0.0074884,-0.018396,-0.027783,-0.037172,-0.045427,-0.05255,-0.059673,-0.06676,-0.073811,-0.080862,-0.088715,-0.097368,-0.10602,-0.11552,-0.12587,-0.13621,-0.14679,-0.15761,-0.16843,-0.17875,-0.18858,-0.1984,-0.20708,-0.21463,-0.22218,-0.22753,-0.23068,-0.23383,-0.23396,-0.23106,-0.22816,-0.18894,-0.11339,-0.037814
0,0,0,0,-0.16057,-0.16435,-0.17098,-0.18044,-0.18991,-0.19802,-0.20477,-0.21153,-0.21678,-0.22054,-0.2243,-0.22469,-0.22172,-0.21874,-0.21371,-0.20661,-0.19951,-0.19297,-0.18699,-0.181,-0.17466,-0.16795,-0.16125,-0.15472,-0.14835,-0.14198,-0.13516,-0.12787,-0.12058,-0.11349,-0.10658,-0.099683,-0.093914,-0.089277,-0.084639,-0.080626,-0.077237,-0.073848,-0.070237,-0.066401,-0.062566,-0.057655,-0.051669,-0.045685,-0.038234,-0.029312,-0.020391,-0.010668,-0.00013695,0.010394,0.020691,0.030758,0.040826,0.049887,0.057939,0.065989,0.073041,0.079092,0.085144,0.090714,0.095799,0.10088,0.10647,0.11257,0.11867,0.12333,0.12655,0.12977,0.13191,0.13299,0.13406,0.13386,0.13239,0.13092,0.12627,0.11843,0.11059,0.10152,0.091228,0.080932,0.069055,0.055599,0.042141,0.02803,0.013266,-0.0014998,-0.01568,-0.029272,-0.042864,-0.054844,-0.065214,-0.075584,-0.084095,-0.09075,-0.097404,-0.1042,-0.11114,-0.11808,-0.12569,-0.13397,-0.14225,-0.14878,-0.15356,-0.15835,-0.16034,-0.15956,-0.15877,-0.15415,-0.14568,-0.13721,-0.12686,-0.11461,-0.10236,-0.087945,-0.071366,-0.054786,-0.036833,-0.017511,0.0018085,0.021439,0.041378,0.061314,0.080093,0.097712,0.11533,0.13144,0.14604,0.16064,0.17423,0.18681,0.1994,0.21119,0.2222,0.2332,0.24337,0.25268,0.26199,0.27004,0.27683,0.28362,0.28821,0.2906,0.29299,0.29259,0.2894,0.2862,0.28113,0.27417,0.26721,0.2602,0.25313,0.24606,0.24124,0.23867,0.2361,0.23621,0.23899,0.24177,0.2452,0.24934,0.25379,0.25833,0.26146,0.26123,0.25679,0.24911,0.24039,0.23243,0.2258,0.21999,0.21407,0.20744,0.19981,0.1892,0.17554,0.1628,0.15189,0.14158,0.13472,0.12777,0.1174,0.10885,0.10137,0.094867,0.09108,0.087116,0.08213,0.078822,0.077824,0.077287,0.076994,0.077491,0.078858,0.081014,0.083498,0.085543,0.088181,0.091017,0.093301,0.095969,0.098567,0.10065,0.1023,0.10391,0.10496,0.10416,0.10563,0.10694,0.1052,0.10469,0.10482,0.10473,0.1031,0.09902,0.095905,0.09801,0.10284,0.10516,0.10467,0.10367,0.10479,0.10995,0.1183,0.12264,0.12322,0.12389,0.12643,0.12813,0.12374,0.11076,0.086784,0.055252,0.026446,0.011162,0.012335,0,0,0,0.0019214,0.00016392,-0.015915,-0.052745,-0.097932,-0.14573,-0.18431,-0.20474,-0.21318,-0.21315,-0.20507,-0.19093,-0.17341,-0.15485,-0.13463,-0.1122,-0.082939,0,0,0,0,0,0,0,0,0,0,0,0,0,0,0,0,0,0,0,0,0,0,0,0,0,0,0,0,0,0,0,0,0,0,0,0,0,0,0,0,0,0,0,0,0,0,0,0.018209,0.017101,0.015993,0.015389,0.015288,0.015188,0.012615,0.0075692,0,0,0,0,0,0,0,0,-0.022347,-0.037244,-0.04621,-0.049247,-0.052284,-0.050129,-0.042783,-0.035437,-0.02343,-0.0067625,0.0099064,0.026068,0.041722,0.057376,0.06796,0.073472,0.078982,0.079079,0.073762,0.068443,0.061971,0.054345,0.046718,0.041098,0.037485,0.033871,0.029963,0.025759,0.021555,0.017122,0.012459,0.0077976,0.0014454,-0.0065997,-0.014645,-0.024152,-0.035125,-0.0461,-0.056397,-0.066021,-0.075647,-0.084175,-0.091607,-0.09904,-0.10817,-0.11901,-0.12985,-0.13658,-0.13921,-0.14184,-0.14516,-0.14917,-0.15318,-0.15485,-0.15418,-0.15351,-0.1509,-0.14634,-0.14178,-0.13336,-0.12107,-0.10877,-0.094789,-0.079112,-0.063436,-0.046245,-0.027542,-0.0088393,0.010347,0.030017,0.049688,0.071348,0.094996,0.11865,0.14286,0.16764,0.19242,0.21667,0.24041,0.26414,0.28942,0.31625,0.34309,0.36158,0.37171,0.38183,0.39189,0.40187,0.41185,0.4171,0.41763,0.41816,0.4206,0.42497,0.42933,0.4316,0.43178,0.43196,0.43329,0.43578,0.43827,0.43757,0.43368,0.42979,0.42324,0.41404,0.40484,0.39453,0.38312,0.37171,0.36009,0.34824,0.33639,0.32462,0.31291,0.3012,0.28982,0.27877,0.26772,0.2583,0.2505,0.2427,0.23444,0.22572,0.21699,0.20898,0.20168,0.19439,0.18804,0.18265,0.17726,0.17289,0.16956,0.16622,0.16389,0.16256,0.16124,0.16016,0.15933,0.15849,0.15852,0.1594,0.16028,0.15997,0.15847,0.15696,0.1567,0.15769,0.15867,0.15911,0.15899,0.15886,0.15869,0.15847,0.15825,0.15825,0.15846,0.15867,0.15946,0.16081,0.16217,0.16434,0.16732,0.17029,0.17373,0.17761,0.1815,0.186,0.19113,0.19625,0.19945,0.20075,0.20204,0.20213,0.20101,0.19989,0.19769,0.19439,0.1911,0.18701,0.18214,0.17727,0.17175,0.16558,0.1594,0.15238,0.14451,0.13665,0.12747,0.11698,0.10649,0.094589,0.081269,0.06795,0.054017,0.039468,0.024921,0.011131,-0.0019008,-0.014933,-0.026377,-0.03623,-0.046084,-0.054754,-0.062242,-0.069729,-0.077167,-0.084556,-0.091945,-0.1001,-0.10901,-0.11793,-0.12751,-0.13777,-0.14803,-0.15825,-0.16841,-0.17858,-0.18805,-0.19683,-0.20561,-0.21335,-0.22005,-0.22676,-0.23169,-0.23483,-0.23797,-0.23851,-0.23644,-0.23438,-0.19447,-0.1167,-0.038913
0,0,0,0,-0.14304,-0.14663,-0.15313,-0.16253,-0.17193,-0.18069,-0.18882,-0.19695,-0.20307,-0.20716,-0.21126,-0.21208,-0.20962,-0.20715,-0.20233,-0.19514,-0.18796,-0.18103,-0.17437,-0.1677,-0.16134,-0.15528,-0.14921,-0.14365,-0.13859,-0.13352,-0.12784,-0.12152,-0.11521,-0.10908,-0.10314,-0.097201,-0.09244,-0.088856,-0.085271,-0.08207,-0.079252,-0.076435,-0.073497,-0.07044,-0.067383,-0.063064,-0.057484,-0.051907,-0.044674,-0.035785,-0.026895,-0.016887,-0.0057634,0.0053631,0.016414,0.027386,0.038359,0.048379,0.057444,0.066508,0.074185,0.080473,0.086762,0.092172,0.0967,0.10123,0.10613,0.1114,0.11667,0.12085,0.12395,0.12705,0.12926,0.13057,0.13189,0.13182,0.13036,0.1289,0.12419,0.11623,0.10826,0.098917,0.088188,0.077458,0.065203,0.05142,0.037638,0.023279,0.0083417,-0.0065964,-0.020948,-0.034712,-0.048476,-0.06072,-0.071442,-0.082166,-0.091149,-0.09839,-0.10563,-0.11302,-0.12056,-0.1281,-0.13608,-0.14449,-0.15291,-0.15947,-0.16419,-0.16891,-0.1709,-0.17016,-0.16941,-0.16478,-0.15625,-0.14772,-0.13728,-0.1249,-0.11253,-0.098002,-0.081318,-0.064636,-0.046499,-0.026903,-0.0073024,0.012271,0.031813,0.051353,0.069933,0.087551,0.10517,0.12152,0.1366,0.15168,0.16578,0.1789,0.19203,0.2043,0.21573,0.22716,0.23776,0.24754,0.25732,0.26587,0.2732,0.28053,0.28568,0.28864,0.29161,0.29176,0.2891,0.28644,0.28183,0.27529,0.26875,0.26226,0.25583,0.2494,0.24493,0.2424,0.23988,0.24013,0.24315,0.24617,0.24979,0.25377,0.25749,0.26092,0.26311,0.26251,0.25804,0.25026,0.24124,0.23304,0.22662,0.22161,0.21708,0.2121,0.20575,0.19688,0.18311,0.16494,0.14805,0.13692,0.13093,0.12554,0.11831,0.11047,0.10224,0.093863,0.08693,0.081603,0.076532,0.072961,0.071206,0.070019,0.069557,0.069772,0.07082,0.072482,0.074272,0.075585,0.077682,0.079984,0.081484,0.083397,0.085594,0.087732,0.090151,0.0934,0.096652,0.097952,0.099961,0.10089,0.099504,0.099284,0.09887,0.097667,0.096464,0.097567,0.10277,0.11091,0.11769,0.11568,0.10792,0.1037,0.10565,0.11393,0.12532,0.12979,0.12945,0.13253,0.1388,0.14515,0.14355,0.12999,0.10474,0.074293,0.046458,0.029669,0.02786,0,0,0.0066476,0.0060258,-0.0031088,-0.026893,-0.059837,-0.09045,-0.11911,-0.14628,-0.16693,-0.17892,-0.18323,-0.17981,-0.16923,-0.15426,-0.13783,-0.12171,-0.10336,-0.079363,0,0,0,0,0,0,0,0,0,0,0,0,0,0,0,0,0,0,0,0,0,0,0,0,0,0,0,0,0,0,0,0,0,0,0,0,0,0,0,0,0,0,0,0,0,0,0,0.011094,0.011248,0.0114,0.01159,0.011816,0.012042,0.010129,0.0060781,0,0,0,0,0,0,0,0,-0.01811,-0.030185,-0.037035,-0.038665,-0.040295,-0.0367,-0.027879,-0.019058,-0.0061979,0.010701,0.027599,0.043365,0.058,0.072634,0.081747,0.085339,0.088929,0.087317,0.080499,0.073679,0.066091,0.057735,0.049377,0.043264,0.039394,0.035524,0.031573,0.027544,0.023515,0.019637,0.01591,0.012183,0.0064084,-0.0014153,-0.0092384,-0.018354,-0.028767,-0.039182,-0.049291,-0.059094,-0.068898,-0.077551,-0.085047,-0.092542,-0.10168,-0.11247,-0.12326,-0.13036,-0.13376,-0.13716,-0.13976,-0.14157,-0.14337,-0.14292,-0.14021,-0.13751,-0.13363,-0.12858,-0.12352,-0.115,-0.103,-0.091,-0.077485,-0.062454,-0.047421,-0.03072,-0.012352,0.0060165,0.025432,0.045896,0.066361,0.088497,0.1123,0.13611,0.16038,0.18511,0.20984,0.2339,0.2573,0.2807,0.3043,0.32811,0.35193,0.36851,0.37784,0.38717,0.39572,0.4035,0.41127,0.41674,0.41992,0.42309,0.42543,0.42692,0.42842,0.42988,0.43131,0.43274,0.43438,0.43623,0.43808,0.43689,0.43266,0.42843,0.42153,0.41197,0.4024,0.3917,0.37985,0.36801,0.35599,0.34377,0.33156,0.31945,0.30743,0.29542,0.28373,0.27237,0.26101,0.25082,0.24181,0.2328,0.22431,0.21634,0.20837,0.20078,0.19355,0.18633,0.18019,0.17512,0.17005,0.16606,0.16315,0.16023,0.15822,0.1571,0.15599,0.15492,0.1539,0.15288,0.15252,0.15282,0.15311,0.15246,0.15087,0.14927,0.14882,0.1495,0.15018,0.15114,0.15238,0.15362,0.15438,0.15466,0.15494,0.15527,0.15565,0.15604,0.15691,0.15828,0.15965,0.16185,0.16486,0.16788,0.17134,0.17525,0.17917,0.18361,0.18858,0.19355,0.19657,0.19763,0.19869,0.19849,0.19704,0.19559,0.19314,0.18969,0.18624,0.18217,0.17748,0.17278,0.16751,0.16166,0.15581,0.14903,0.14132,0.13361,0.12445,0.11383,0.1032,0.091029,0.077299,0.06357,0.049152,0.034042,0.018933,0.0045614,-0.0090709,-0.022705,-0.034741,-0.045176,-0.055613,-0.064829,-0.072826,-0.080824,-0.088712,-0.096489,-0.10427,-0.1127,-0.12179,-0.13088,-0.14043,-0.15043,-0.16044,-0.17013,-0.1795,-0.18887,-0.19738,-0.20502,-0.21266,-0.21935,-0.22511,-0.23086,-0.23535,-0.23856,-0.24177,-0.24287,-0.24184,-0.2408,-0.20025,-0.12017,-0.04007
0,0,0,0,-0.12551,-0.12891,-0.13528,-0.14461,-0.15394,-0.16336,-0.17287,-0.18237,-0.18934,-0.19379,-0.19823,-0.19947,-0.19752,-0.19556,-0.19095,-0.18368,-0.17641,-0.1691,-0.16175,-0.15441,-0.14802,-0.1426,-0.13717,-0.13258,-0.12882,-0.12507,-0.12052,-0.11518,-0.10984,-0.10468,-0.099698,-0.094721,-0.090966,-0.088435,-0.085903,-0.083514,-0.081268,-0.079021,-0.076758,-0.074479,-0.0722,-0.068474,-0.0633,-0.058128,-0.051112,-0.042255,-0.0334,-0.023109,-0.011387,0.00033408,0.012135,0.024012,0.03589,0.046869,0.056947,0.067025,0.075328,0.081854,0.088379,0.093628,0.0976,0.10157,0.10578,0.11022,0.11466,0.11837,0.12135,0.12433,0.1266,0.12816,0.12971,0.12977,0.12832,0.12687,0.1221,0.11402,0.10593,0.096308,0.085146,0.073983,0.061348,0.047241,0.033134,0.018524,0.0034161,-0.011691,-0.026215,-0.04015,-0.054086,-0.066592,-0.077669,-0.088748,-0.098201,-0.10603,-0.11386,-0.12184,-0.12998,-0.13812,-0.14646,-0.15501,-0.16357,-0.17017,-0.17483,-0.17948,-0.18146,-0.18076,-0.18006,-0.17541,-0.16682,-0.15823,-0.14769,-0.13519,-0.1227,-0.10806,-0.091274,-0.07449,-0.056164,-0.036294,-0.016419,0.0030926,0.022238,0.041385,0.059772,0.077392,0.09501,0.1116,0.12716,0.14271,0.15732,0.17099,0.18466,0.19741,0.20926,0.22111,0.23216,0.2424,0.25264,0.26169,0.26956,0.27744,0.28314,0.28668,0.29022,0.29093,0.2888,0.28667,0.28254,0.27641,0.27029,0.26433,0.25854,0.25274,0.24861,0.24614,0.24366,0.24405,0.24731,0.25056,0.25507,0.25983,0.26294,0.26645,0.26886,0.26747,0.26252,0.25443,0.2451,0.23669,0.23041,0.2247,0.21975,0.21576,0.21009,0.20114,0.18789,0.1691,0.1494,0.13613,0.12816,0.12253,0.1173,0.11002,0.10138,0.092738,0.084218,0.076563,0.07058,0.066449,0.064096,0.062863,0.062061,0.061705,0.062127,0.063252,0.064511,0.065334,0.066898,0.068622,0.069585,0.070911,0.072715,0.074987,0.07794,0.081835,0.086033,0.088824,0.092316,0.094773,0.095091,0.095464,0.093453,0.089632,0.088403,0.09447,0.10708,0.12018,0.12734,0.12444,0.11429,0.10736,0.1096,0.11917,0.13154,0.13611,0.13666,0.14232,0.15044,0.15818,0.15958,0.14984,0.129,0.10233,0.076056,0.052942,0.04257,0,0.014186,0.01805,0.011483,-0.0055104,-0.033992,-0.063344,-0.085014,-0.10182,-0.11937,-0.13577,-0.14746,-0.15247,-0.15029,-0.142,-0.12996,-0.11711,-0.10464,-0.091319,-0.077866,0,0,0,0,0,0,0,0,0,0,0,0,0,0,0,0,0,0,0,0,0,0,0,0,0,0,0,0,0,0,0,0,0,0,0,0,0,0,0,0,0,0,0,0,0,0,0,0.0039798,0.0053941,0.0068084,0.0077922,0.0083445,0.0088965,0.0076442,0.0045871,0,0,0,0,0,0,0,0,-0.013873,-0.023124,-0.027861,-0.028085,-0.028308,-0.023272,-0.012976,-0.0026802,0.011033,0.028161,0.045288,0.06066,0.074275,0.087888,0.095532,0.097204,0.098876,0.095552,0.087234,0.078916,0.070213,0.061127,0.052038,0.045431,0.041304,0.037176,0.033185,0.029331,0.025476,0.022153,0.019361,0.016568,0.011372,0.003771,-0.0038297,-0.012556,-0.022411,-0.032266,-0.042184,-0.052166,-0.06215,-0.070924,-0.078485,-0.086045,-0.095196,-0.10594,-0.11668,-0.12414,-0.12831,-0.13249,-0.13437,-0.13396,-0.13355,-0.13098,-0.12624,-0.12151,-0.11636,-0.11081,-0.10526,-0.096636,-0.084932,-0.073228,-0.060182,-0.045795,-0.031408,-0.015197,0.0028377,0.020873,0.040517,0.061776,0.083036,0.10565,0.12961,0.15357,0.17789,0.20257,0.22725,0.25112,0.27419,0.29725,0.31918,0.33997,0.36077,0.37544,0.38398,0.39251,0.39956,0.40513,0.41069,0.41639,0.42221,0.42803,0.43025,0.42888,0.42751,0.42816,0.43084,0.43352,0.43546,0.43667,0.43788,0.4362,0.43164,0.42707,0.41982,0.40989,0.39996,0.38886,0.37659,0.36432,0.35189,0.33931,0.32673,0.31428,0.30195,0.28963,0.27764,0.26597,0.2543,0.24335,0.23312,0.2229,0.21418,0.20696,0.19975,0.19257,0.18543,0.17828,0.17233,0.16759,0.16284,0.15923,0.15674,0.15425,0.15255,0.15164,0.15074,0.14968,0.14848,0.14727,0.14652,0.14623,0.14594,0.14495,0.14327,0.14159,0.14094,0.14131,0.14169,0.14318,0.14578,0.14838,0.15007,0.15085,0.15162,0.15229,0.15284,0.1534,0.15437,0.15575,0.15714,0.15935,0.16241,0.16546,0.16896,0.1729,0.17683,0.18121,0.18603,0.19086,0.19368,0.19451,0.19533,0.19485,0.19307,0.19129,0.1886,0.18499,0.18138,0.17733,0.17281,0.1683,0.16328,0.15775,0.15223,0.14569,0.13813,0.13058,0.12143,0.11067,0.099915,0.087469,0.07333,0.059192,0.044289,0.028616,0.012945,-0.0020079,-0.016242,-0.030476,-0.043103,-0.054122,-0.06514,-0.074903,-0.08341,-0.091919,-0.10026,-0.10842,-0.11659,-0.1253,-0.13457,-0.14384,-0.15334,-0.16309,-0.17284,-0.18201,-0.19058,-0.19916,-0.2067,-0.2132,-0.21971,-0.22536,-0.23016,-0.23497,-0.23901,-0.24229,-0.24558,-0.24723,-0.24723,-0.24723,-0.20603,-0.12364,-0.041227
0,0,0,0,-0.10781,-0.10865,-0.11349,-0.12233,-0.13118,-0.14143,-0.15307,-0.16472,-0.17362,-0.17976,-0.18589,-0.18814,-0.1865,-0.18486,-0.18037,-0.17304,-0.1657,-0.15818,-0.15048,-0.14278,-0.13653,-0.13172,-0.12691,-0.12326,-0.12077,-0.11828,-0.115,-0.11094,-0.10687,-0.10274,-0.098534,-0.094332,-0.091183,-0.089085,-0.086988,-0.085077,-0.08335,-0.081623,-0.07992,-0.078241,-0.076562,-0.073396,-0.068742,-0.064089,-0.057539,-0.049093,-0.040649,-0.030445,-0.018488,-0.0065345,0.0058047,0.018532,0.031261,0.043202,0.054356,0.065512,0.074573,0.081537,0.088501,0.093809,0.09746,0.10111,0.10473,0.10832,0.11191,0.11495,0.11744,0.11992,0.12191,0.1234,0.12489,0.12489,0.12339,0.1219,0.11719,0.10927,0.10136,0.091811,0.080628,0.069446,0.056807,0.04271,0.028614,0.014002,-0.0011237,-0.016249,-0.030871,-0.044985,-0.059097,-0.071904,-0.083409,-0.094914,-0.10488,-0.11331,-0.12174,-0.13024,-0.1388,-0.14736,-0.1559,-0.16442,-0.17294,-0.17948,-0.18406,-0.18864,-0.19043,-0.18943,-0.18842,-0.18378,-0.17551,-0.16723,-0.15685,-0.14436,-0.13188,-0.11717,-0.10025,-0.083322,-0.065028,-0.045363,-0.025693,-0.0064681,0.012313,0.031102,0.04949,0.067467,0.08545,0.10245,0.11847,0.13449,0.14956,0.16367,0.17778,0.19095,0.20319,0.21543,0.22686,0.23748,0.24811,0.25755,0.26581,0.27407,0.28019,0.28417,0.28815,0.28933,0.28771,0.28609,0.28244,0.27675,0.27107,0.26555,0.26018,0.25482,0.25111,0.24903,0.24695,0.24762,0.25103,0.25444,0.25995,0.26596,0.2692,0.27341,0.27596,0.27325,0.26738,0.25861,0.24857,0.23958,0.23315,0.22666,0.22114,0.21751,0.21177,0.20217,0.18792,0.17005,0.15173,0.13677,0.12669,0.12026,0.11486,0.10808,0.099014,0.089815,0.080722,0.071606,0.064446,0.059646,0.056906,0.055221,0.053857,0.052839,0.052577,0.053134,0.053993,0.054561,0.05575,0.057066,0.057658,0.058353,0.05967,0.062197,0.065659,0.069429,0.072998,0.075772,0.08089,0.086608,0.090234,0.091874,0.088333,0.081775,0.079825,0.088682,0.10631,0.1229,0.1309,0.13065,0.12257,0.11556,0.11784,0.12664,0.13873,0.14394,0.14616,0.15159,0.15741,0.16512,0.17009,0.16732,0.15585,0.13644,0.11,0.078246,0.060948,0,0.037932,0.030221,0.017392,-0.0089725,-0.039718,-0.067048,-0.085428,-0.095513,-0.10437,-0.11167,-0.1173,-0.12183,-0.12121,-0.114,-0.10417,-0.095769,-0.087797,-0.080309,-0.072829,-0.02896,-0.01785,0,0,0,0,0,0,0,0,0,0,0,0,0,0,0,0,0,0,0,0,0,0,0,0,0,0,0,0,0,0,0,0,0,0,0,0,0,0,0,0,0,0,0,0,0,-0.0016582,0.00042453,0.0025072,0.004007,0.0049239,0.0058407,0.0032007,0.0019207,0,0,0,0,0,0,0,0,-0.009002,-0.015004,-0.017464,-0.016379,-0.015293,-0.0092617,0.0017152,0.012694,0.026536,0.04324,0.059944,0.074566,0.087106,0.099645,0.10607,0.1064,0.10672,0.10229,0.093127,0.08396,0.074614,0.065087,0.055559,0.048328,0.043393,0.038458,0.034393,0.0312,0.028006,0.025091,0.022454,0.019818,0.015268,0.0088031,0.002338,-0.0059328,-0.016011,-0.026089,-0.036013,-0.045785,-0.055559,-0.064782,-0.073452,-0.082123,-0.091562,-0.10176,-0.11197,-0.11887,-0.12248,-0.12608,-0.12662,-0.12409,-0.12156,-0.11707,-0.1106,-0.10413,-0.098019,-0.092264,-0.086508,-0.07793,-0.06653,-0.055129,-0.042463,-0.028534,-0.014604,0.0012491,0.019025,0.036801,0.056441,0.077944,0.099448,0.12209,0.14587,0.16966,0.19364,0.21782,0.242,0.26521,0.28746,0.30971,0.33018,0.34888,0.36758,0.38086,0.38872,0.39657,0.40281,0.40745,0.41208,0.41753,0.42381,0.43008,0.43175,0.4288,0.42585,0.42637,0.43035,0.43433,0.43652,0.43693,0.43733,0.43504,0.43006,0.42507,0.4174,0.40704,0.39668,0.38511,0.37232,0.35954,0.34669,0.33379,0.32089,0.30825,0.29587,0.28349,0.27145,0.25976,0.24807,0.23686,0.2261,0.21535,0.2066,0.19986,0.19311,0.18623,0.17922,0.17221,0.1665,0.16209,0.15768,0.1544,0.15225,0.1501,0.14859,0.14771,0.14683,0.14566,0.14423,0.14279,0.14175,0.14111,0.14048,0.13934,0.13771,0.13607,0.13542,0.13575,0.13608,0.138,0.1415,0.14501,0.14742,0.14872,0.15003,0.15107,0.15184,0.15262,0.1537,0.15508,0.15646,0.15865,0.16163,0.16461,0.168,0.1718,0.17559,0.17964,0.18393,0.18822,0.19077,0.19159,0.1924,0.19175,0.18964,0.18753,0.18457,0.18076,0.17695,0.17277,0.16823,0.16368,0.15867,0.15319,0.14771,0.14117,0.13358,0.12599,0.11673,0.10581,0.094881,0.08222,0.06782,0.053422,0.038235,0.022254,0.0062755,-0.0090089,-0.023601,-0.03819,-0.051234,-0.062731,-0.074226,-0.084512,-0.093589,-0.10267,-0.11153,-0.12019,-0.12884,-0.13789,-0.14733,-0.15678,-0.16622,-0.17565,-0.18508,-0.19369,-0.20147,-0.20925,-0.21587,-0.22134,-0.22681,-0.23151,-0.23544,-0.23938,-0.24297,-0.24622,-0.24948,-0.25187,-0.25342,-0.25496,-0.21312,-0.12789,-0.042641
0,0,0,0,-0.089947,-0.085833,-0.087749,-0.0957,-0.10365,-0.11491,-0.12946,-0.14401,-0.15588,-0.16507,-0.17426,-0.1781,-0.17658,-0.17505,-0.1706,-0.16321,-0.15582,-0.14827,-0.14055,-0.13282,-0.12686,-0.12264,-0.11843,-0.11569,-0.11443,-0.11317,-0.11129,-0.1088,-0.10631,-0.10326,-0.099645,-0.096033,-0.093087,-0.090807,-0.088527,-0.086758,-0.085499,-0.084241,-0.082983,-0.081725,-0.080468,-0.077831,-0.073812,-0.069792,-0.063953,-0.056297,-0.04864,-0.038896,-0.027069,-0.015245,-0.0025747,0.010947,0.024469,0.037377,0.049673,0.061968,0.071919,0.079525,0.087131,0.092716,0.09628,0.099842,0.10298,0.1057,0.10843,0.11059,0.11221,0.11383,0.11519,0.11631,0.11743,0.11719,0.11558,0.11398,0.10945,0.102,0.094544,0.085423,0.074633,0.063845,0.051577,0.037828,0.024079,0.00971,-0.0052803,-0.020273,-0.034919,-0.049214,-0.063511,-0.07666,-0.08866,-0.10066,-0.11119,-0.12024,-0.12928,-0.13821,-0.14702,-0.15583,-0.16439,-0.1727,-0.18102,-0.18742,-0.19191,-0.19639,-0.19781,-0.19616,-0.19451,-0.18989,-0.1823,-0.17471,-0.16475,-0.15241,-0.14007,-0.12534,-0.10824,-0.091134,-0.073092,-0.05411,-0.035125,-0.016409,0.0020428,0.020502,0.039082,0.057782,0.076488,0.094078,0.11054,0.12701,0.14248,0.15694,0.1714,0.18492,0.19751,0.2101,0.22186,0.23279,0.24372,0.25344,0.26194,0.27044,0.27683,0.28112,0.2854,0.28698,0.28584,0.28471,0.28154,0.27632,0.27109,0.26591,0.26078,0.25564,0.25241,0.25108,0.24975,0.25083,0.25431,0.25779,0.26408,0.2712,0.27651,0.28068,0.28078,0.27683,0.27011,0.26056,0.24947,0.23931,0.23198,0.2254,0.22034,0.21682,0.21055,0.20002,0.18504,0.1676,0.15092,0.13709,0.1264,0.11838,0.11167,0.10403,0.094475,0.08501,0.075597,0.066103,0.05861,0.053344,0.049828,0.0472,0.044827,0.04284,0.041851,0.041906,0.042428,0.042945,0.044266,0.04576,0.046333,0.046571,0.047256,0.049416,0.052929,0.056472,0.058728,0.061738,0.068108,0.076062,0.083156,0.086352,0.082674,0.074996,0.0724,0.08154,0.10019,0.11826,0.12813,0.12934,0.12615,0.12577,0.13002,0.13786,0.14556,0.15011,0.15557,0.15915,0.16063,0.16621,0.17354,0.17771,0.17635,0.16812,0.14491,0.10706,0.072362,0.020488,0.045128,0.042579,0.024198,-0.012165,-0.046763,-0.071963,-0.086854,-0.093813,-0.095555,-0.093842,-0.094544,-0.096793,-0.097622,-0.091977,-0.082403,-0.076956,-0.073291,-0.069488,-0.063937,-0.051972,-0.034586,0,0,0,0,0,0,0,0,0,0,0,0,0,0,0,0,0,0,0,0,0,0,0,0,0,0,0,0,0,0,0,0,0,0,0,0,0,0,0,0,0,0,0,0,0,-0.0058216,-0.003662,-0.0015026,0.00023663,0.0015561,0.0028751,0,0,0,0,0,0,0,0,0,0,-0.0034961,-0.0058278,-0.0058453,-0.0035487,-0.0012509,0.0053306,0.016197,0.027064,0.040312,0.05594,0.071568,0.085087,0.096496,0.1079,0.11338,0.11292,0.11246,0.10754,0.098177,0.088812,0.079291,0.069616,0.05994,0.051955,0.045661,0.039367,0.035197,0.033151,0.031104,0.028451,0.025192,0.021933,0.018095,0.013679,0.0092619,0.0015125,-0.00957,-0.020652,-0.030778,-0.039951,-0.049124,-0.059123,-0.069948,-0.080775,-0.090777,-0.099955,-0.10913,-0.11457,-0.11626,-0.11795,-0.11652,-0.11197,-0.10741,-0.10118,-0.093281,-0.085382,-0.078597,-0.072928,-0.067259,-0.058881,-0.047793,-0.036704,-0.02433,-0.010669,0.002991,0.018618,0.036209,0.0538,0.073198,0.094401,0.1156,0.13784,0.1611,0.18437,0.20762,0.23085,0.25408,0.27617,0.29712,0.31807,0.33731,0.35484,0.37237,0.38478,0.39206,0.39935,0.40548,0.41046,0.41543,0.42019,0.42472,0.42926,0.42991,0.42668,0.42345,0.4245,0.42983,0.43517,0.43756,0.437,0.43644,0.43342,0.42792,0.42243,0.41426,0.40341,0.39257,0.38045,0.36706,0.35368,0.3404,0.32722,0.31405,0.30136,0.28917,0.27698,0.26517,0.25376,0.24235,0.23135,0.22076,0.21017,0.20159,0.19502,0.18845,0.18175,0.17494,0.16812,0.16268,0.15861,0.15454,0.15157,0.14969,0.1478,0.14634,0.14529,0.14425,0.14286,0.14114,0.13942,0.1382,0.13747,0.13673,0.13564,0.13418,0.13273,0.13227,0.13281,0.13335,0.1356,0.13955,0.1435,0.14642,0.14829,0.15016,0.15162,0.15265,0.15369,0.1549,0.15627,0.15763,0.15972,0.16253,0.16533,0.16848,0.17196,0.17545,0.17888,0.18225,0.18563,0.18783,0.18886,0.18989,0.18919,0.18674,0.1843,0.18104,0.17698,0.17292,0.1685,0.16372,0.15894,0.15369,0.14797,0.14225,0.13548,0.12766,0.11984,0.11036,0.099232,0.088104,0.075284,0.060772,0.046261,0.030989,0.014957,-0.0010748,-0.016443,-0.031146,-0.045848,-0.059133,-0.071004,-0.082873,-0.093659,-0.10336,-0.11307,-0.12254,-0.13179,-0.14104,-0.15047,-0.16009,-0.1697,-0.17904,-0.1881,-0.19716,-0.20518,-0.21216,-0.21914,-0.22489,-0.22943,-0.23396,-0.2378,-0.24095,-0.2441,-0.24723,-0.25034,-0.25346,-0.25681,-0.2604,-0.264,-0.22151,-0.13293,-0.044322
0,0,0,0,-0.072087,-0.063024,-0.062019,-0.069075,-0.07613,-0.088386,-0.10584,-0.1233,-0.13815,-0.15039,-0.16263,-0.16805,-0.16665,-0.16524,-0.16082,-0.15339,-0.14595,-0.13836,-0.13061,-0.12287,-0.11718,-0.11357,-0.10995,-0.10812,-0.10809,-0.10806,-0.10758,-0.10666,-0.10575,-0.10378,-0.10076,-0.097735,-0.094993,-0.09253,-0.090066,-0.088439,-0.087649,-0.086859,-0.086046,-0.08521,-0.084374,-0.082265,-0.07888,-0.075495,-0.070367,-0.063499,-0.05663,-0.047346,-0.035651,-0.023957,-0.010952,0.0033624,0.017674,0.031549,0.044988,0.058423,0.069264,0.077513,0.085759,0.091622,0.095099,0.098573,0.10124,0.10309,0.10494,0.10624,0.10698,0.10773,0.10848,0.10922,0.10996,0.10948,0.10777,0.10606,0.10171,0.094718,0.087728,0.079035,0.068639,0.058243,0.046345,0.032945,0.019543,0.005415,-0.0094398,-0.024297,-0.038966,-0.053444,-0.067924,-0.081412,-0.09391,-0.10641,-0.11749,-0.12716,-0.13682,-0.14618,-0.15524,-0.1643,-0.17288,-0.18099,-0.1891,-0.19535,-0.19975,-0.20414,-0.20519,-0.2029,-0.2006,-0.196,-0.1891,-0.1822,-0.17265,-0.16045,-0.14825,-0.13351,-0.11623,-0.098943,-0.081153,-0.062855,-0.044555,-0.026348,-0.0082253,0.0099017,0.028675,0.048102,0.06753,0.085704,0.10262,0.11954,0.1354,0.15021,0.16502,0.1789,0.19184,0.20477,0.21686,0.2281,0.23934,0.24933,0.25807,0.26681,0.27348,0.27806,0.28264,0.28462,0.28398,0.28333,0.28063,0.27588,0.27112,0.26628,0.26137,0.25646,0.25372,0.25313,0.25255,0.25403,0.25759,0.26115,0.26811,0.27615,0.28329,0.28728,0.2853,0.28068,0.27344,0.26339,0.25131,0.23963,0.23076,0.22435,0.21905,0.21421,0.20728,0.19592,0.18064,0.16406,0.14908,0.13645,0.1256,0.11705,0.10941,0.099433,0.088105,0.078324,0.069091,0.060201,0.053207,0.047734,0.043252,0.039234,0.035455,0.032368,0.030587,0.030011,0.03018,0.030938,0.03311,0.035664,0.036834,0.036766,0.036394,0.037376,0.040304,0.04363,0.045261,0.049105,0.056116,0.064439,0.073311,0.077826,0.075524,0.069527,0.067753,0.075748,0.092063,0.10945,0.11944,0.12226,0.1262,0.13414,0.14348,0.14999,0.15261,0.15674,0.16073,0.161,0.16073,0.16424,0.17153,0.17977,0.1885,0.19265,0.1784,0.13959,0.090441,0.059624,0.054615,0.050564,0.026572,-0.013765,-0.05185,-0.076464,-0.085796,-0.086773,-0.083086,-0.076125,-0.073533,-0.075288,-0.077509,-0.077773,-0.073775,-0.067797,-0.062875,-0.059477,-0.054267,-0.043761,-0.032095,0,0,0,-0.00091174,-0.00022398,-0.00055218,-0.00068737,-0.00070398,-0.00064117,0,0,0,0,0,0,0,0,0,0,0,0,0,0,0,0,0,0,0,0,0,0,0,0,0,0,0,0,0,0,0,0,0,0,0,0,-0.0099848,-0.0077485,-0.0055118,-0.0035327,-0.001811,-9.0061e-05,0,0,0,0,0,0,0,0,0,0,0.0020084,0.0033479,0.0057723,0.009281,0.01279,0.019922,0.030678,0.041434,0.054088,0.06864,0.083192,0.095607,0.10588,0.11616,0.12068,0.11944,0.11819,0.11279,0.10323,0.093664,0.08397,0.074145,0.064319,0.055581,0.04793,0.04028,0.036003,0.035102,0.034201,0.031812,0.027931,0.024049,0.020925,0.018556,0.016186,0.0089578,-0.0031294,-0.015217,-0.025546,-0.03412,-0.042691,-0.053465,-0.066444,-0.079427,-0.089993,-0.098144,-0.1063,-0.11026,-0.11005,-0.10983,-0.10642,-0.099837,-0.093251,-0.085292,-0.075963,-0.066632,-0.059175,-0.053592,-0.04801,-0.039833,-0.029057,-0.018281,-0.0061965,0.0071948,0.020586,0.035986,0.053393,0.0708,0.089954,0.11086,0.13176,0.15358,0.17633,0.19908,0.22159,0.24388,0.26616,0.28713,0.30678,0.32643,0.34444,0.36079,0.37715,0.38869,0.39541,0.40213,0.40815,0.41347,0.41878,0.42284,0.42564,0.42844,0.42808,0.42456,0.42105,0.42263,0.42932,0.43602,0.4386,0.43708,0.43555,0.43179,0.42579,0.41979,0.41112,0.39978,0.38845,0.37579,0.3618,0.34782,0.3341,0.32065,0.3072,0.29448,0.28247,0.27047,0.2589,0.24776,0.23662,0.22583,0.21541,0.20499,0.19658,0.19018,0.18378,0.17727,0.17066,0.16404,0.15886,0.15514,0.15141,0.14874,0.14712,0.1455,0.14409,0.14288,0.14167,0.14006,0.13806,0.13606,0.13465,0.13382,0.13299,0.13194,0.13066,0.12938,0.12912,0.12987,0.13062,0.1332,0.1376,0.142,0.14542,0.14785,0.15029,0.15216,0.15346,0.15477,0.1561,0.15745,0.15881,0.1608,0.16342,0.16605,0.16895,0.17213,0.17531,0.17813,0.18058,0.18304,0.18489,0.18614,0.18739,0.18662,0.18385,0.18107,0.17752,0.17321,0.1689,0.16423,0.15921,0.15419,0.1487,0.14275,0.1368,0.12979,0.12174,0.11368,0.10399,0.092658,0.081326,0.068346,0.053721,0.039097,0.023743,0.0076585,-0.0084264,-0.023876,-0.038692,-0.053506,-0.067034,-0.079277,-0.091519,-0.10281,-0.11314,-0.12347,-0.13355,-0.14339,-0.15323,-0.16305,-0.17284,-0.18263,-0.19186,-0.20055,-0.20923,-0.21667,-0.22285,-0.22902,-0.23391,-0.23751,-0.24111,-0.24409,-0.24645,-0.24882,-0.25149,-0.25447,-0.25744,-0.26175,-0.26739,-0.27303,-0.22989,-0.13796,-0.02258
0,0,0,0,-0.055322,-0.042875,-0.039735,-0.045905,-0.052075,-0.064717,-0.083828,-0.10294,-0.11953,-0.13359,-0.14765,-0.15452,-0.1542,-0.15387,-0.15011,-0.14292,-0.13572,-0.12833,-0.12075,-0.11316,-0.10779,-0.10463,-0.10147,-0.10044,-0.10154,-0.10264,-0.10351,-0.10416,-0.10481,-0.10412,-0.10209,-0.10006,-0.097742,-0.095141,-0.092539,-0.090812,-0.089961,-0.08911,-0.088426,-0.087909,-0.087391,-0.085828,-0.083219,-0.080611,-0.076341,-0.070409,-0.064476,-0.055963,-0.044869,-0.033772,-0.02085,-0.0061064,0.0086346,0.023221,0.037648,0.052073,0.063899,0.073127,0.082356,0.088847,0.0926,0.096351,0.098879,0.10018,0.10149,0.10209,0.102,0.1019,0.10187,0.1019,0.10193,0.10093,0.098911,0.096892,0.092618,0.08609,0.079562,0.071399,0.061604,0.051808,0.040493,0.02766,0.014828,0.0011321,-0.013426,-0.027984,-0.042542,-0.057093,-0.071643,-0.08537,-0.098273,-0.11118,-0.12273,-0.13294,-0.14315,-0.15289,-0.16217,-0.17145,-0.18006,-0.18799,-0.19592,-0.20184,-0.20575,-0.20966,-0.21045,-0.20812,-0.2058,-0.20141,-0.19497,-0.18853,-0.17924,-0.16711,-0.15498,-0.1405,-0.12366,-0.10683,-0.089616,-0.072028,-0.05444,-0.036516,-0.018249,2.2048e-05,0.019089,0.038958,0.058826,0.07745,0.094838,0.11223,0.12851,0.14368,0.15886,0.17306,0.1863,0.19954,0.21189,0.22337,0.23484,0.24492,0.2536,0.26228,0.26908,0.274,0.27893,0.28134,0.28124,0.28114,0.27897,0.27473,0.27049,0.26605,0.26142,0.25679,0.2544,0.25426,0.25411,0.25601,0.25998,0.26394,0.27154,0.28027,0.28764,0.29138,0.28911,0.28434,0.27707,0.26702,0.25445,0.24136,0.23056,0.22351,0.21717,0.21059,0.203,0.19116,0.17596,0.16002,0.14566,0.13367,0.12359,0.11552,0.10704,0.095505,0.083105,0.072134,0.062607,0.054669,0.048341,0.042853,0.037672,0.032451,0.027389,0.023149,0.020263,0.018787,0.018596,0.019861,0.023447,0.027612,0.029736,0.02953,0.027941,0.027248,0.028882,0.031916,0.03442,0.039405,0.046621,0.05417,0.062241,0.067034,0.066982,0.06512,0.066365,0.07363,0.086676,0.099813,0.10822,0.11576,0.1264,0.14009,0.15237,0.15901,0.16302,0.1637,0.16173,0.16004,0.15931,0.16099,0.16607,0.1777,0.19365,0.20477,0.1992,0.16966,0.12993,0.099115,0.079845,0.058444,0.025082,-0.015036,-0.052724,-0.075829,-0.081309,-0.075086,-0.064958,-0.055846,-0.050626,-0.053458,-0.060888,-0.067947,-0.070153,-0.066209,-0.059703,-0.052824,-0.046912,-0.040249,-0.030968,-0.011155,-0.0067608,-0.0036245,-0.0028774,-0.0013646,-0.0017319,-0.0020802,-0.0017877,-0.001575,0,0,0,-0.0014649,0,0,0,0,0,0,0,0,0,0,0,0,0,0,0,0,0,0,0,0,0,0,0,0,0,0,0,0,0,0,0,0,-0.012934,-0.010778,-0.0086231,-0.0067312,-0.005103,-0.0034758,0,0,0,0,0,0,0,0,0,0,0.0064746,0.011813,0.017015,0.02208,0.027145,0.034783,0.044994,0.055204,0.066855,0.079945,0.093035,0.10414,0.11325,0.12236,0.1259,0.12386,0.12183,0.1163,0.10727,0.09825,0.088776,0.078849,0.06892,0.060009,0.052117,0.044226,0.039721,0.038603,0.037487,0.035122,0.031509,0.027895,0.025158,0.023299,0.02144,0.014341,0.0020029,-0.010336,-0.021011,-0.03002,-0.039029,-0.050263,-0.063725,-0.077189,-0.087277,-0.093988,-0.1007,-0.10296,-0.10075,-0.098554,-0.093322,-0.085059,-0.076795,-0.067545,-0.057308,-0.047071,-0.039332,-0.034092,-0.028853,-0.02096,-0.010411,0.00014019,0.012007,0.02519,0.038372,0.053553,0.070733,0.087911,0.10676,0.12728,0.1478,0.16911,0.19122,0.21333,0.23502,0.25629,0.27756,0.29738,0.31576,0.33413,0.35093,0.36614,0.38135,0.39202,0.39813,0.40425,0.41004,0.41549,0.42095,0.42476,0.42693,0.42909,0.42843,0.42494,0.42145,0.42326,0.43038,0.43749,0.43983,0.43738,0.43493,0.42979,0.42194,0.4141,0.40424,0.39238,0.38051,0.3674,0.35304,0.33868,0.32516,0.3125,0.29984,0.28771,0.27612,0.26453,0.25339,0.2427,0.232,0.22158,0.21142,0.20126,0.19308,0.18688,0.18069,0.17435,0.16787,0.16139,0.15642,0.15296,0.14951,0.14707,0.14566,0.14425,0.1429,0.14161,0.14032,0.13861,0.1365,0.13439,0.13293,0.13211,0.1313,0.13035,0.12928,0.1282,0.12814,0.12909,0.13004,0.13269,0.13703,0.14138,0.14495,0.14776,0.15056,0.15297,0.15499,0.15701,0.15869,0.16005,0.16141,0.16325,0.16559,0.16792,0.17045,0.17319,0.17592,0.1781,0.17972,0.18135,0.18271,0.1838,0.18489,0.18388,0.18077,0.17766,0.17384,0.16932,0.1648,0.15988,0.15458,0.14927,0.14344,0.13709,0.13074,0.1233,0.11478,0.10626,0.096169,0.084496,0.072822,0.059653,0.044988,0.030324,0.015047,-0.0008453,-0.016739,-0.032015,-0.046675,-0.061335,-0.074851,-0.087224,-0.099597,-0.11119,-0.12201,-0.13283,-0.14344,-0.15384,-0.16423,-0.17443,-0.18443,-0.19442,-0.20361,-0.21198,-0.22035,-0.22731,-0.23286,-0.2384,-0.24262,-0.2455,-0.24839,-0.25079,-0.25271,-0.25463,-0.25701,-0.25985,-0.26269,-0.26727,-0.27358,-0.2799,-0.23589,-0.14156,0
0,0,0,0,-0.039654,-0.025385,-0.020898,-0.026196,-0.031495,-0.043897,-0.063411,-0.082921,-0.10001,-0.11467,-0.12933,-0.13752,-0.13923,-0.14094,-0.13846,-0.1318,-0.12514,-0.11819,-0.11095,-0.10371,-0.098677,-0.095846,-0.093016,-0.092663,-0.09479,-0.096916,-0.099081,-0.10129,-0.10349,-0.10428,-0.10364,-0.103,-0.10133,-0.098639,-0.095942,-0.093875,-0.092435,-0.090995,-0.090124,-0.089822,-0.08952,-0.088523,-0.086832,-0.085141,-0.081873,-0.077026,-0.072179,-0.064745,-0.054722,-0.044692,-0.032271,-0.017459,-0.0026475,0.012393,0.027656,0.042916,0.055823,0.066369,0.076918,0.084389,0.088782,0.093173,0.095911,0.096995,0.098078,0.098164,0.097253,0.096341,0.095371,0.094342,0.093313,0.091535,0.089007,0.086479,0.082182,0.076114,0.070047,0.062518,0.053529,0.04454,0.03402,0.021973,0.0099274,-0.0031447,-0.017242,-0.031341,-0.045648,-0.060158,-0.07467,-0.088533,-0.10175,-0.11496,-0.12691,-0.13758,-0.14826,-0.15833,-0.16781,-0.17729,-0.18592,-0.1937,-0.20147,-0.20687,-0.20991,-0.21294,-0.21359,-0.21185,-0.2101,-0.20613,-0.19992,-0.19371,-0.18453,-0.17239,-0.16025,-0.1463,-0.13055,-0.1148,-0.098492,-0.081638,-0.064784,-0.046911,-0.028024,-0.0091347,0.010323,0.030346,0.050367,0.069315,0.087193,0.10507,0.12178,0.13734,0.15289,0.16742,0.1809,0.19439,0.20695,0.21859,0.23022,0.2402,0.24852,0.25684,0.26365,0.26895,0.27425,0.27715,0.27764,0.27813,0.27654,0.27287,0.26919,0.26521,0.26092,0.25664,0.25448,0.25445,0.25443,0.25677,0.26147,0.26617,0.27368,0.2821,0.28992,0.29414,0.29224,0.28784,0.2809,0.27114,0.25861,0.24471,0.23209,0.22282,0.21469,0.20708,0.19902,0.18715,0.17203,0.15589,0.1412,0.12948,0.12039,0.1128,0.10366,0.091724,0.079084,0.067322,0.057746,0.050295,0.044203,0.038829,0.033504,0.027783,0.021825,0.016301,0.012052,0.0096701,0.00939,0.011475,0.016455,0.021757,0.024403,0.024308,0.022266,0.020206,0.020048,0.022491,0.026697,0.034115,0.041852,0.047348,0.05246,0.056212,0.058749,0.061949,0.067604,0.076163,0.087243,0.095329,0.10221,0.11274,0.12616,0.141,0.15443,0.16597,0.16985,0.16577,0.16328,0.16099,0.15741,0.15677,0.16197,0.17517,0.19245,0.20462,0.20403,0.18939,0.1653,0.13785,0.10918,0.073679,0.030701,-0.012189,-0.048133,-0.067458,-0.06853,-0.056437,-0.041864,-0.033978,-0.032028,-0.035376,-0.045357,-0.055546,-0.061294,-0.064267,-0.06198,-0.05367,-0.044494,-0.038317,-0.032289,-0.024454,-0.015944,-0.0088962,-0.0045889,-0.0028375,-0.0025416,-0.0019026,0.00024862,0.0024925,0.0048263,0.0042579,0.0011018,-0.0059925,0,0,0,0,0,0,0,0,0,0,0,0,0,0,0,0,0,0,0,0,0,0,0,0,0,0,0,0,0,0,0,0,-0.014669,-0.012752,-0.010836,-0.0093581,-0.0083195,-0.0072816,-0.0054925,0,0,0,0,0,-0.011776,-0.0082907,-0.0048046,-0.00010604,0.0099013,0.019566,0.027882,0.034848,0.041815,0.049914,0.059145,0.068376,0.078612,0.089855,0.1011,0.11068,0.11859,0.1265,0.12904,0.1262,0.12335,0.11806,0.11032,0.10257,0.093708,0.083726,0.073742,0.065239,0.058222,0.051205,0.046349,0.043655,0.040961,0.038384,0.035925,0.033467,0.030795,0.027908,0.025024,0.017662,0.005824,-0.0060123,-0.017172,-0.027656,-0.03814,-0.049517,-0.061792,-0.074067,-0.082631,-0.087486,-0.092339,-0.092642,-0.088391,-0.084139,-0.077219,-0.067631,-0.058041,-0.047936,-0.037317,-0.026697,-0.019067,-0.014429,-0.0097903,-0.0022656,0.0081464,0.018559,0.030281,0.043315,0.056349,0.07132,0.088228,0.10514,0.12361,0.14366,0.16371,0.18442,0.20578,0.22714,0.24791,0.2681,0.28828,0.30693,0.32405,0.34117,0.35678,0.37087,0.38496,0.39475,0.40024,0.40572,0.41116,0.41654,0.42193,0.42594,0.42857,0.43121,0.43095,0.42781,0.42467,0.4264,0.433,0.4396,0.44123,0.43791,0.43458,0.4274,0.41638,0.40536,0.39363,0.3812,0.36876,0.35528,0.34077,0.32625,0.31358,0.30277,0.29195,0.28106,0.27012,0.25917,0.24866,0.23858,0.2285,0.21857,0.20877,0.19898,0.1911,0.18513,0.17916,0.17298,0.16659,0.16019,0.15536,0.15209,0.14883,0.14656,0.14531,0.14405,0.14277,0.14148,0.14019,0.13852,0.13647,0.13441,0.13304,0.13235,0.13166,0.13089,0.13003,0.12918,0.12933,0.13046,0.1316,0.13406,0.13785,0.14165,0.14503,0.148,0.15098,0.15405,0.15723,0.16041,0.16269,0.16406,0.16543,0.16709,0.16902,0.17095,0.17299,0.17513,0.17727,0.17878,0.17966,0.18055,0.18128,0.18184,0.18241,0.18097,0.17753,0.17408,0.17001,0.16531,0.16062,0.15545,0.14982,0.14419,0.13791,0.13099,0.12407,0.116,0.10679,0.097577,0.086897,0.074745,0.062594,0.049205,0.034574,0.019944,0.0049008,-0.010557,-0.026014,-0.04086,-0.055095,-0.06933,-0.082579,-0.094844,-0.10711,-0.11882,-0.12999,-0.14116,-0.1522,-0.16312,-0.17404,-0.18462,-0.19486,-0.2051,-0.21427,-0.22239,-0.2305,-0.2371,-0.24219,-0.24727,-0.25101,-0.2534,-0.2558,-0.2579,-0.25971,-0.26152,-0.26379,-0.26649,-0.2692,-0.27337,-0.27899,-0.28461,-0.23953,-0.14375,-0.024148
0,0,0,0,-0.023987,-0.007898,-0.0020653,-0.0064913,-0.010918,-0.023085,-0.042998,-0.062907,-0.08049,-0.095753,-0.11101,-0.12051,-0.12426,-0.128,-0.12681,-0.12069,-0.11456,-0.10805,-0.10116,-0.094263,-0.089563,-0.08706,-0.084557,-0.084884,-0.088039,-0.091195,-0.094652,-0.098414,-0.10218,-0.10443,-0.10519,-0.10594,-0.10493,-0.10214,-0.099347,-0.096937,-0.094909,-0.092881,-0.091823,-0.091736,-0.091648,-0.091218,-0.090444,-0.089671,-0.087403,-0.083643,-0.079882,-0.073525,-0.06457,-0.055613,-0.043696,-0.028812,-0.013928,0.0015613,0.017659,0.033758,0.047745,0.05961,0.071478,0.07993,0.084962,0.089995,0.092943,0.093805,0.094666,0.094233,0.092507,0.090781,0.088874,0.086788,0.084702,0.08214,0.079104,0.076067,0.071746,0.066139,0.060532,0.053637,0.045454,0.037271,0.027548,0.016287,0.0050265,-0.0074232,-0.021061,-0.034699,-0.048753,-0.063226,-0.077698,-0.091696,-0.10522,-0.11875,-0.13108,-0.14223,-0.15337,-0.16378,-0.17345,-0.18313,-0.19178,-0.1994,-0.20702,-0.21191,-0.21407,-0.21622,-0.21672,-0.21557,-0.21441,-0.21084,-0.20486,-0.19888,-0.18982,-0.17767,-0.16552,-0.15211,-0.13744,-0.12277,-0.10737,-0.091249,-0.075127,-0.057311,-0.037799,-0.01829,0.001554,0.021734,0.041908,0.061181,0.07955,0.097914,0.11506,0.13099,0.14693,0.16177,0.17551,0.18924,0.20201,0.2138,0.2256,0.23548,0.24344,0.2514,0.25822,0.2639,0.26958,0.27296,0.27404,0.27512,0.27411,0.27101,0.2679,0.26438,0.26043,0.25648,0.25455,0.25465,0.25476,0.25753,0.26296,0.2684,0.27619,0.28462,0.2913,0.29495,0.29427,0.29071,0.28409,0.27462,0.26259,0.24872,0.23508,0.22383,0.21343,0.20428,0.19583,0.18411,0.16889,0.15201,0.13661,0.12498,0.11653,0.10946,0.10042,0.088247,0.075509,0.064101,0.054746,0.04718,0.041022,0.035767,0.030735,0.025213,0.018804,0.012055,0.0064227,0.0033804,0.003529,0.0064795,0.011815,0.016945,0.019539,0.019848,0.018318,0.015998,0.014611,0.016218,0.021425,0.030937,0.039541,0.043519,0.046041,0.048658,0.052948,0.060017,0.069605,0.080844,0.092523,0.099042,0.10397,0.11345,0.12433,0.13759,0.15486,0.1671,0.16857,0.16677,0.16555,0.16108,0.1555,0.15526,0.16136,0.17271,0.18575,0.19615,0.19932,0.19527,0.1852,0.1667,0.13872,0.09693,0.046358,0.00016306,-0.033321,-0.048176,-0.044682,-0.030401,-0.016839,-0.011109,-0.013677,-0.019676,-0.028825,-0.039712,-0.05003,-0.06077,-0.066687,-0.063438,-0.052065,-0.041303,-0.035087,-0.029325,-0.022,-0.013036,-0.0056451,-0.0029901,-0.0026061,0.00083776,0.0085749,0.015087,0.01642,0.012423,0.0035802,-0.0085956,-0.0082884,0,0,0,0,-0.015616,-0.0098958,0,0,0,0,0,0,0,0,0,0,0,0,0,0,0,0,0,0,0,0,0,0,0,0,0,-0.016405,-0.014727,-0.013049,-0.011985,-0.011536,-0.011086,-0.013603,-0.01142,-0.01473,0,0,0,-0.029433,-0.020722,-0.012009,-0.00065958,0.013329,0.027318,0.038747,0.047616,0.056484,0.065043,0.073295,0.081546,0.090369,0.099765,0.10916,0.11722,0.12393,0.13064,0.13217,0.12853,0.12488,0.11983,0.11336,0.10689,0.098639,0.0886,0.078561,0.07047,0.064328,0.058184,0.052977,0.048706,0.044435,0.041646,0.040341,0.039037,0.036429,0.032517,0.028606,0.020983,0.0096447,-0.0016922,-0.013338,-0.025295,-0.03725,-0.048771,-0.059857,-0.070943,-0.077984,-0.08098,-0.083976,-0.082325,-0.076025,-0.069723,-0.061116,-0.050202,-0.039287,-0.028328,-0.017327,-0.0063243,0.0011975,0.0052353,0.0092733,0.016429,0.026703,0.036978,0.048556,0.061441,0.074327,0.089087,0.10572,0.12236,0.14047,0.16005,0.17963,0.19973,0.22034,0.24095,0.2608,0.2799,0.299,0.31648,0.33235,0.34821,0.36263,0.3756,0.38857,0.39749,0.40234,0.4072,0.41228,0.41759,0.42291,0.42712,0.43022,0.43333,0.43348,0.43068,0.42788,0.42953,0.43561,0.4417,0.44264,0.43843,0.43422,0.42502,0.41082,0.39663,0.38303,0.37002,0.35701,0.34317,0.3285,0.31383,0.30201,0.29303,0.28406,0.27442,0.26411,0.2538,0.24392,0.23446,0.225,0.21556,0.20613,0.1967,0.18912,0.18338,0.17764,0.17161,0.1653,0.15899,0.15429,0.15122,0.14815,0.14606,0.14495,0.14384,0.14265,0.14136,0.14007,0.13843,0.13643,0.13443,0.13315,0.13258,0.13202,0.13142,0.13079,0.13017,0.13052,0.13184,0.13316,0.13544,0.13868,0.14191,0.1451,0.14825,0.15139,0.15513,0.15947,0.16381,0.16668,0.16807,0.16946,0.17092,0.17245,0.17398,0.17552,0.17707,0.17862,0.17946,0.17961,0.17975,0.17984,0.17989,0.17993,0.17806,0.17428,0.17049,0.16617,0.1613,0.15644,0.15102,0.14507,0.13911,0.13238,0.12489,0.11739,0.1087,0.098793,0.08889,0.077624,0.064994,0.052366,0.038755,0.024157,0.0095612,-0.0052472,-0.020269,-0.03529,-0.049705,-0.063515,-0.077324,-0.090307,-0.10246,-0.11462,-0.12646,-0.13797,-0.14948,-0.16096,-0.1724,-0.18384,-0.19481,-0.20529,-0.21577,-0.22494,-0.2328,-0.24066,-0.2469,-0.25152,-0.25614,-0.2594,-0.2613,-0.2632,-0.26501,-0.26672,-0.26842,-0.27056,-0.27314,-0.27571,-0.27946,-0.28439,-0.28932,-0.24317,-0.14592,-0.048661
0,0,0,0,-0.012613,0.0027912,0.0086382,0.0049249,0.0012084,-0.009792,-0.028079,-0.046366,-0.062931,-0.077778,-0.092624,-0.10255,-0.10756,-0.11258,-0.11261,-0.10768,-0.10274,-0.097243,-0.091191,-0.085139,-0.081108,-0.079097,-0.077087,-0.078121,-0.082199,-0.086277,-0.090892,-0.096044,-0.1012,-0.10456,-0.10613,-0.1077,-0.10734,-0.10505,-0.10277,-0.10041,-0.097977,-0.095548,-0.094299,-0.094229,-0.09416,-0.094025,-0.093822,-0.093619,-0.092116,-0.089313,-0.086511,-0.081206,-0.073398,-0.06559,-0.054447,-0.039962,-0.025476,-0.010016,0.006426,0.022872,0.037582,0.050557,0.063534,0.073047,0.07909,0.085134,0.088717,0.089833,0.090949,0.090471,0.088397,0.086323,0.083808,0.080853,0.077897,0.074619,0.071019,0.067418,0.062887,0.057424,0.05196,0.045452,0.0379,0.030346,0.021327,0.010843,0.00035901,-0.01141,-0.024464,-0.037517,-0.05119,-0.065481,-0.079772,-0.0938,-0.10756,-0.12133,-0.13402,-0.14562,-0.15722,-0.16797,-0.17785,-0.18774,-0.19645,-0.20398,-0.21151,-0.21608,-0.21769,-0.2193,-0.21968,-0.21883,-0.21797,-0.21455,-0.20857,-0.20259,-0.19383,-0.18229,-0.17074,-0.15821,-0.14468,-0.13115,-0.11643,-0.10052,-0.084609,-0.066766,-0.046987,-0.027208,-0.0071873,0.013074,0.033332,0.052809,0.071503,0.090193,0.10763,0.12382,0.14002,0.15503,0.16886,0.18269,0.19553,0.20737,0.21921,0.22921,0.23736,0.24551,0.25265,0.2588,0.26494,0.26872,0.27013,0.27154,0.27104,0.26863,0.26621,0.26328,0.25983,0.25638,0.25478,0.25504,0.25531,0.25824,0.26383,0.26943,0.27719,0.28529,0.29041,0.29368,0.29476,0.2923,0.28606,0.27697,0.26563,0.25246,0.23871,0.22612,0.21347,0.2025,0.19334,0.1815,0.16622,0.149,0.13306,0.12103,0.11252,0.10524,0.09664,0.085625,0.07371,0.062636,0.053097,0.045317,0.039125,0.034058,0.029454,0.024263,0.01762,0.010018,0.0035092,0.00035584,0.0010661,0.004036,0.0081484,0.011956,0.014424,0.015609,0.015174,0.013527,0.012007,0.013014,0.018002,0.02796,0.03725,0.041604,0.044049,0.046409,0.050829,0.059098,0.070924,0.085021,0.097415,0.10466,0.11033,0.11595,0.12335,0.1352,0.15058,0.16174,0.16636,0.16831,0.16727,0.16192,0.15674,0.15706,0.16205,0.17031,0.1783,0.18471,0.18972,0.19367,0.19406,0.18564,0.16121,0.12007,0.070097,0.023735,-0.0067844,-0.017756,-0.013024,-0.0013422,0.0085563,0.011311,0.0063226,-0.0027366,-0.013375,-0.023895,-0.035116,-0.050276,-0.065569,-0.071863,-0.062542,-0.046951,-0.038743,-0.033046,-0.025724,-0.01755,-0.007323,-0.001013,0.0010828,0.0048899,0.017438,0.02898,0.027867,0.019499,0.0072875,-0.0051471,-0.014375,-0.010481,-0.014241,-0.017626,-0.019924,-0.036245,-0.021905,0,0,0,0,0,0,0,0,0,0,0,0,0,0,0,0,0,0,0,0,0,0,0,0,0,-0.017658,-0.01625,-0.014843,-0.014194,-0.014302,-0.014411,-0.017498,-0.023562,-0.029628,-0.016503,-0.016957,-0.01741,-0.032521,-0.021749,-0.010976,0.0024827,0.01863,0.034779,0.04799,0.058264,0.068537,0.077499,0.08515,0.092801,0.10044,0.10807,0.1157,0.1222,0.12756,0.13293,0.13378,0.13011,0.12643,0.12183,0.11628,0.11074,0.10299,0.093045,0.083097,0.075553,0.070415,0.065277,0.059946,0.054422,0.048897,0.045171,0.043243,0.041315,0.038061,0.033478,0.028896,0.021152,0.010246,-0.0006596,-0.012098,-0.024069,-0.03604,-0.046722,-0.05611,-0.065498,-0.070734,-0.071816,-0.072896,-0.069474,-0.061548,-0.05362,-0.043709,-0.031813,-0.019917,-0.0083399,0.0029174,0.014175,0.021518,0.024945,0.028371,0.035153,0.045292,0.055432,0.066859,0.079575,0.092291,0.10682,0.12316,0.1395,0.1572,0.17626,0.19533,0.21474,0.2345,0.25425,0.27314,0.29116,0.30917,0.32557,0.34036,0.35515,0.36855,0.38056,0.39256,0.40122,0.40653,0.41184,0.41702,0.42207,0.42712,0.43085,0.43327,0.43568,0.43569,0.43329,0.43089,0.43252,0.43819,0.44386,0.44415,0.43905,0.43395,0.4233,0.4071,0.39089,0.37602,0.36248,0.34893,0.33486,0.32026,0.30566,0.29414,0.28569,0.27724,0.26843,0.25924,0.25006,0.24097,0.23197,0.22297,0.21388,0.20472,0.19556,0.18821,0.18267,0.17714,0.17126,0.16503,0.15881,0.15421,0.15123,0.14825,0.14626,0.14528,0.1443,0.14328,0.14222,0.14116,0.13978,0.13808,0.13637,0.1352,0.13457,0.13394,0.13344,0.13307,0.1327,0.13311,0.13429,0.13548,0.13743,0.14015,0.14287,0.14581,0.14897,0.15213,0.15606,0.16077,0.16547,0.16883,0.17084,0.17286,0.17449,0.17574,0.17699,0.17804,0.1789,0.17976,0.1798,0.17903,0.17826,0.17735,0.1763,0.17526,0.17281,0.16896,0.16511,0.16064,0.15554,0.15044,0.1448,0.13861,0.13243,0.12538,0.11744,0.1095,0.10024,0.089646,0.079056,0.067168,0.053981,0.040793,0.0269,0.012298,-0.0023029,-0.016834,-0.031297,-0.045758,-0.059557,-0.072692,-0.085827,-0.098308,-0.11013,-0.12196,-0.1337,-0.14536,-0.15702,-0.16877,-0.18062,-0.19246,-0.20374,-0.21445,-0.22516,-0.23438,-0.2421,-0.24982,-0.25582,-0.26008,-0.26433,-0.2673,-0.26896,-0.27063,-0.27228,-0.27391,-0.27555,-0.27759,-0.28004,-0.28248,-0.28594,-0.29039,-0.29485,-0.24758,-0.14857,-0.049542
0,0,0,0,-0.0055316,0.0066869,0.011216,0.0080555,0.0048923,-0.0040093,-0.018651,-0.033294,-0.047324,-0.060746,-0.074165,-0.083631,-0.089148,-0.09466,-0.09587,-0.092775,-0.089678,-0.085772,-0.081057,-0.076341,-0.073307,-0.071955,-0.070603,-0.072374,-0.077268,-0.082162,-0.087798,-0.094177,-0.10056,-0.10465,-0.10645,-0.10826,-0.10857,-0.10739,-0.1062,-0.10428,-0.10164,-0.098995,-0.097549,-0.097302,-0.097056,-0.096944,-0.096965,-0.096986,-0.096011,-0.094039,-0.092067,-0.087792,-0.08121,-0.074628,-0.064528,-0.050912,-0.037295,-0.022338,-0.0060378,0.010261,0.025343,0.039216,0.053089,0.06374,0.071164,0.078591,0.083231,0.085079,0.086929,0.086876,0.084921,0.082966,0.080171,0.076535,0.072898,0.06897,0.06475,0.060529,0.055601,0.049965,0.044329,0.037962,0.030863,0.023764,0.015357,0.0056405,-0.0040766,-0.015108,-0.027454,-0.039798,-0.052956,-0.066923,-0.080892,-0.094841,-0.10877,-0.12271,-0.13571,-0.14776,-0.15982,-0.1709,-0.18101,-0.19111,-0.19992,-0.20742,-0.21492,-0.21938,-0.22077,-0.22217,-0.22246,-0.22163,-0.22079,-0.21727,-0.21105,-0.20484,-0.19657,-0.18624,-0.17591,-0.16459,-0.15227,-0.13995,-0.12568,-0.10946,-0.093231,-0.075271,-0.05558,-0.035886,-0.015904,0.0043661,0.024634,0.044195,0.063049,0.081903,0.099493,0.11582,0.13215,0.1472,0.16097,0.17474,0.18751,0.19928,0.21105,0.22138,0.23026,0.23915,0.24695,0.25365,0.26035,0.26444,0.26592,0.2674,0.26733,0.26572,0.26411,0.26191,0.25912,0.25633,0.25516,0.25562,0.25609,0.2589,0.26408,0.26925,0.27584,0.28244,0.28721,0.29131,0.29368,0.29232,0.28697,0.27868,0.26822,0.25599,0.24253,0.22904,0.21464,0.20208,0.19197,0.17963,0.16434,0.14739,0.13144,0.11869,0.10932,0.10139,0.093312,0.083687,0.07267,0.062102,0.052789,0.045145,0.03909,0.034136,0.029534,0.024269,0.017488,0.0096993,0.0032278,0.00039962,0.0010566,0.002866,0.0046945,0.0070559,0.0098654,0.012106,0.012799,0.012129,0.011416,0.012553,0.0168,0.025881,0.035367,0.041372,0.045799,0.049047,0.052997,0.060144,0.071953,0.087811,0.10077,0.10989,0.1183,0.12136,0.12754,0.1365,0.14584,0.1579,0.16567,0.16901,0.16891,0.16395,0.16029,0.16041,0.1638,0.16866,0.1728,0.17762,0.18333,0.1922,0.19808,0.19559,0.17521,0.13907,0.096567,0.055734,0.029221,0.019208,0.021707,0.027991,0.031877,0.030696,0.023832,0.013224,0.00099143,-0.010673,-0.022249,-0.037158,-0.057001,-0.073216,-0.078653,-0.064946,-0.043665,-0.032719,-0.023206,-0.013538,-0.0054448,0.00028029,0.0023269,0.0035423,0.010196,0.034272,0.033368,0.023537,0.011143,-0.00016577,-0.010334,-0.019822,-0.028361,-0.035589,-0.040131,-0.041732,-0.02429,0,0,0,0,0,0,0,0,0,0,0,0,0,0,0,0,0,0,0,0,0,0,0,0,0,-0.018428,-0.017323,-0.016218,-0.015983,-0.016619,-0.017255,-0.020052,-0.025008,-0.029965,-0.032477,-0.032544,-0.032609,-0.026936,-0.015525,-0.004112,0.0096647,0.025805,0.041946,0.055609,0.066794,0.077977,0.087283,0.094713,0.10214,0.10883,0.11477,0.12071,0.12562,0.1295,0.13338,0.13386,0.13093,0.128,0.12405,0.11909,0.11412,0.10678,0.097061,0.087345,0.080487,0.076485,0.072484,0.067256,0.060804,0.05435,0.048958,0.04463,0.040303,0.03569,0.030792,0.025894,0.018173,0.0076295,-0.0029143,-0.013451,-0.023981,-0.034514,-0.043372,-0.050555,-0.057738,-0.060883,-0.059991,-0.059098,-0.054087,-0.044959,-0.03583,-0.024999,-0.012465,6.9744e-05,0.01203,0.023416,0.034802,0.041898,0.0447,0.047501,0.053906,0.063913,0.07392,0.085187,0.097715,0.11024,0.12451,0.14053,0.15655,0.17381,0.19231,0.2108,0.22946,0.24826,0.26707,0.28494,0.30187,0.3188,0.33422,0.34811,0.362,0.37454,0.38574,0.39693,0.40595,0.4128,0.41964,0.42536,0.42997,0.43457,0.43715,0.43771,0.43828,0.43758,0.43564,0.43369,0.43538,0.44073,0.44607,0.44575,0.43976,0.43376,0.42225,0.4052,0.38816,0.37261,0.35856,0.34451,0.33034,0.31604,0.30174,0.28998,0.28073,0.27149,0.26308,0.25551,0.24794,0.2398,0.23109,0.22239,0.21354,0.20455,0.19556,0.18838,0.18302,0.17766,0.17192,0.16579,0.15966,0.1551,0.15211,0.14912,0.14718,0.1463,0.14542,0.14467,0.14407,0.14347,0.14258,0.1414,0.14023,0.1392,0.13831,0.13742,0.13694,0.13686,0.13678,0.13711,0.13783,0.13855,0.14003,0.14227,0.1445,0.14713,0.15017,0.15321,0.15685,0.16111,0.16537,0.16913,0.17238,0.17563,0.1778,0.17889,0.17998,0.18056,0.18063,0.18069,0.17979,0.17793,0.17606,0.17379,0.17109,0.1684,0.16523,0.16158,0.15794,0.15341,0.14801,0.14262,0.13677,0.13047,0.12418,0.1169,0.10864,0.10038,0.090615,0.079347,0.068077,0.05553,0.041704,0.027877,0.013641,-0.0010041,-0.015649,-0.029861,-0.043641,-0.05742,-0.070415,-0.082627,-0.094838,-0.10658,-0.11785,-0.12913,-0.14057,-0.15217,-0.16377,-0.17563,-0.18776,-0.19989,-0.21142,-0.22235,-0.23328,-0.24259,-0.2503,-0.258,-0.26386,-0.26786,-0.27187,-0.27471,-0.27639,-0.27808,-0.27971,-0.2813,-0.2829,-0.28486,-0.28719,-0.28952,-0.29279,-0.297,-0.30121,-0.25277,-0.15168,-0.050571
0,0,0,0,0.0015486,0.010581,0.013794,0.011185,0.0085756,0.0017733,-0.0092233,-0.020222,-0.031715,-0.043713,-0.055709,-0.064713,-0.070731,-0.076744,-0.079125,-0.077873,-0.076617,-0.0743,-0.070922,-0.067542,-0.065506,-0.064813,-0.064119,-0.066628,-0.072338,-0.078048,-0.084705,-0.092309,-0.099914,-0.10474,-0.10678,-0.10882,-0.1098,-0.10972,-0.10963,-0.10816,-0.1053,-0.10244,-0.1008,-0.10038,-0.099952,-0.099863,-0.10011,-0.10035,-0.099905,-0.098764,-0.097623,-0.094376,-0.089021,-0.083666,-0.074614,-0.061864,-0.049115,-0.034661,-0.018504,-0.002351,0.013111,0.027878,0.042644,0.054431,0.063237,0.072047,0.077745,0.080326,0.082908,0.083281,0.081446,0.07961,0.076533,0.072216,0.067899,0.063321,0.058481,0.053641,0.048317,0.042508,0.036699,0.030473,0.023828,0.017184,0.0093867,0.00043684,-0.0085133,-0.018806,-0.030442,-0.042079,-0.05472,-0.068364,-0.08201,-0.095881,-0.10998,-0.12408,-0.13739,-0.14991,-0.16242,-0.17384,-0.18416,-0.19448,-0.20338,-0.21086,-0.21834,-0.22267,-0.22386,-0.22505,-0.22523,-0.22442,-0.22361,-0.21998,-0.21353,-0.20708,-0.1993,-0.19019,-0.18108,-0.17097,-0.15987,-0.14876,-0.13493,-0.11839,-0.10185,-0.083779,-0.064171,-0.044566,-0.024622,-0.0043445,0.015933,0.03558,0.054594,0.073607,0.091347,0.10781,0.12428,0.13937,0.15308,0.16679,0.17949,0.19119,0.20288,0.21354,0.22317,0.2328,0.24124,0.2485,0.25575,0.26015,0.2617,0.26325,0.26362,0.26282,0.26202,0.26055,0.25842,0.25628,0.25554,0.2562,0.25687,0.25957,0.26432,0.26907,0.2749,0.28067,0.28497,0.28885,0.29144,0.2909,0.28704,0.28071,0.27186,0.25995,0.2458,0.2316,0.21651,0.20285,0.19155,0.17851,0.16338,0.14716,0.13149,0.11793,0.10722,0.09858,0.090589,0.081936,0.071888,0.061704,0.053165,0.04661,0.041337,0.036299,0.030761,0.024572,0.017734,0.010539,0.0045486,0.0016657,0.0013941,0.0012638,0.00090078,0.0030696,0.0075166,0.010667,0.010869,0.0098858,0.010942,0.014471,0.01839,0.024669,0.033206,0.042502,0.051691,0.056808,0.058651,0.062517,0.073433,0.090215,0.10388,0.11407,0.12427,0.12851,0.13342,0.13905,0.14592,0.15768,0.16545,0.16822,0.16862,0.16617,0.16515,0.16713,0.16835,0.16959,0.17058,0.17407,0.18232,0.19432,0.20198,0.20108,0.18591,0.15694,0.12328,0.091683,0.069724,0.057712,0.054733,0.054125,0.051293,0.045635,0.03706,0.026869,0.014867,0.0010616,-0.015575,-0.032989,-0.052721,-0.076776,-0.096864,-0.083428,-0.044967,-0.025403,-0.016833,-0.0037523,-0.0011438,0,0,0,0,0.026104,0.02959,0.021378,0.011467,0.002182,-0.0067811,-0.015763,-0.024221,-0.030967,-0.034741,-0.036364,-0.02161,0,0,0,0,0,0,0,0,0,0,0,0,0,0,0,0,0,0,0,0,0,0,0,0,0,-0.0094063,-0.0089301,-0.017593,-0.017773,-0.018936,-0.020099,-0.022606,-0.026454,-0.030302,-0.031419,-0.029803,-0.028187,-0.021353,-0.009301,0.0027521,0.016845,0.032977,0.049111,0.063225,0.075321,0.087416,0.097064,0.10427,0.11148,0.11721,0.12146,0.12572,0.12904,0.13143,0.13383,0.13393,0.13175,0.12956,0.12628,0.12189,0.1175,0.11056,0.10108,0.091595,0.08542,0.082555,0.07969,0.074565,0.067183,0.059799,0.052742,0.046016,0.03929,0.03332,0.028106,0.022892,0.015195,0.0050134,-0.0051672,-0.014803,-0.023894,-0.032985,-0.040021,-0.044999,-0.049977,-0.051032,-0.048165,-0.045297,-0.0387,-0.02837,-0.01804,-0.0062886,0.0068842,0.020057,0.0324,0.043914,0.055428,0.062277,0.064455,0.066633,0.072661,0.082534,0.092408,0.10352,0.11586,0.1282,0.14221,0.15791,0.1736,0.19042,0.20835,0.22628,0.24417,0.26202,0.27988,0.29673,0.31258,0.32844,0.34286,0.35585,0.36885,0.38053,0.39092,0.4013,0.41068,0.41907,0.42744,0.43371,0.43786,0.44201,0.44344,0.44216,0.44087,0.43948,0.43798,0.43648,0.43825,0.44326,0.44828,0.44735,0.44046,0.43358,0.42119,0.40331,0.38542,0.3692,0.35465,0.34009,0.32582,0.31182,0.29783,0.28581,0.27578,0.26575,0.25774,0.25178,0.24582,0.23863,0.23022,0.22181,0.21319,0.20437,0.19555,0.18855,0.18337,0.17818,0.17257,0.16654,0.1605,0.15598,0.15298,0.14999,0.14809,0.14731,0.14653,0.14607,0.14592,0.14578,0.14538,0.14473,0.14409,0.14319,0.14205,0.1409,0.14044,0.14065,0.14086,0.1411,0.14137,0.14163,0.14264,0.14439,0.14613,0.14846,0.15137,0.15428,0.15764,0.16146,0.16528,0.16943,0.17391,0.17839,0.1811,0.18203,0.18296,0.18307,0.18235,0.18163,0.17979,0.17683,0.17387,0.17022,0.16588,0.16154,0.15765,0.1542,0.15076,0.14619,0.14049,0.1348,0.12874,0.12233,0.11592,0.10842,0.099839,0.091258,0.080995,0.069047,0.057097,0.043891,0.029426,0.01496,0.00038236,-0.014307,-0.028995,-0.042888,-0.055985,-0.069082,-0.081274,-0.092562,-0.10385,-0.11485,-0.12557,-0.1363,-0.14743,-0.15897,-0.17052,-0.1825,-0.19491,-0.20732,-0.2191,-0.23025,-0.24139,-0.25081,-0.25849,-0.26618,-0.2719,-0.27565,-0.2794,-0.28212,-0.28382,-0.28552,-0.28715,-0.2887,-0.29025,-0.29213,-0.29434,-0.29655,-0.29964,-0.3036,-0.30757,-0.25797,-0.15479,-0.051611
0,0,0,0,0.0056362,0.012297,0.01478,0.013083,0.011386,0.0068422,-0.0005509,-0.0079439,-0.016569,-0.026435,-0.036299,-0.044265,-0.050334,-0.056395,-0.059679,-0.060181,-0.06068,-0.060132,-0.058538,-0.056946,-0.056556,-0.057371,-0.058186,-0.061915,-0.068559,-0.075203,-0.082751,-0.091201,-0.099651,-0.10509,-0.10751,-0.10992,-0.11133,-0.11173,-0.11213,-0.11108,-0.1086,-0.10612,-0.10446,-0.10361,-0.10276,-0.10247,-0.10273,-0.103,-0.10282,-0.10218,-0.10154,-0.099052,-0.094702,-0.090353,-0.082487,-0.071102,-0.059718,-0.046322,-0.030915,-0.015505,-0.0002056,0.014977,0.03016,0.042816,0.05294,0.063066,0.070006,0.073759,0.077512,0.078749,0.077468,0.076187,0.073265,0.068701,0.064138,0.059171,0.053798,0.048426,0.042757,0.036791,0.030825,0.024635,0.018221,0.011805,0.004411,-0.0039612,-0.012333,-0.022017,-0.033015,-0.044014,-0.056162,-0.069457,-0.082752,-0.096499,-0.1107,-0.12491,-0.13846,-0.15137,-0.16427,-0.176,-0.18654,-0.19708,-0.20592,-0.21306,-0.22021,-0.22447,-0.22585,-0.22723,-0.22736,-0.22624,-0.22511,-0.22149,-0.21537,-0.20925,-0.20225,-0.19438,-0.1865,-0.17726,-0.16664,-0.15603,-0.14247,-0.12598,-0.10949,-0.091553,-0.072165,-0.05278,-0.033011,-0.012867,0.0072783,0.026839,0.045808,0.064774,0.082467,0.098891,0.11531,0.13034,0.14398,0.15761,0.17028,0.18199,0.1937,0.20465,0.21485,0.22504,0.23406,0.24191,0.24975,0.25468,0.25671,0.25874,0.2598,0.2599,0.25999,0.25935,0.25797,0.2566,0.25636,0.25728,0.2582,0.26086,0.26528,0.26969,0.27472,0.27966,0.28355,0.28677,0.28903,0.28911,0.28644,0.28202,0.27528,0.26386,0.249,0.23486,0.22011,0.20549,0.19252,0.17876,0.16411,0.14876,0.13354,0.11944,0.10727,0.097455,0.089241,0.081374,0.071962,0.061813,0.054074,0.048922,0.044594,0.039394,0.032776,0.025572,0.018828,0.0126,0.007023,0.0033889,0.0017775,-1.1436e-05,-0.0013092,0.0013941,0.0070883,0.010489,0.0092707,0.0073933,0.01032,0.017254,0.021839,0.025275,0.032446,0.045017,0.059182,0.066193,0.065876,0.067059,0.077471,0.094206,0.10672,0.11619,0.12728,0.13304,0.1376,0.14103,0.14646,0.15815,0.16542,0.16689,0.16768,0.16839,0.17077,0.17473,0.17391,0.17271,0.17275,0.17607,0.18664,0.19957,0.20656,0.20627,0.1955,0.17364,0.1485,0.12548,0.10701,0.092638,0.083276,0.075237,0.066859,0.057229,0.046824,0.036655,0.02502,0.010396,-0.011597,-0.035648,-0.056649,-0.078926,-0.085388,-0.064704,-0.03417,-0.016436,-0.0065338,0,0,0,0,0,0,0.01246,0.015568,0.011196,0.0061038,0.0010266,-0.0041512,-0.009414,-0.014174,-0.017863,-0.02018,-0.020295,-0.01235,0,0,0,0,0,0,0,0,0,0,0,0,0,0,0,0,0,0,0,0,0,0,0,0,0,0,0,-0.01833,-0.018712,-0.020342,-0.021972,-0.024195,-0.027008,-0.029822,-0.029801,-0.026945,-0.024088,-0.016605,-0.0044953,0.0076162,0.021535,0.037261,0.052988,0.067014,0.079338,0.091663,0.10139,0.10853,0.11567,0.12094,0.12436,0.12777,0.13019,0.13163,0.13307,0.13315,0.13188,0.1306,0.12805,0.1242,0.12035,0.114,0.10513,0.096266,0.090032,0.086433,0.082834,0.077154,0.069391,0.061627,0.053633,0.045408,0.037182,0.03047,0.025273,0.020077,0.012753,0.0033015,-0.0061488,-0.014549,-0.021898,-0.029246,-0.034293,-0.037039,-0.039785,-0.038905,-0.034402,-0.029898,-0.022092,-0.010983,0.00012576,0.012467,0.02604,0.039613,0.052234,0.063903,0.075574,0.082957,0.08605,0.089142,0.094883,0.10327,0.11166,0.12191,0.13404,0.14616,0.15988,0.17521,0.19054,0.20688,0.22421,0.24154,0.25869,0.27564,0.2926,0.30852,0.32342,0.33831,0.35186,0.36406,0.37627,0.3872,0.39687,0.40655,0.41573,0.42442,0.4331,0.43917,0.44261,0.44605,0.44709,0.44573,0.44438,0.44322,0.44227,0.44132,0.44269,0.44639,0.45009,0.44802,0.44017,0.43231,0.41914,0.40065,0.38216,0.36526,0.34994,0.33462,0.32031,0.307,0.2937,0.28222,0.27257,0.26292,0.25527,0.24961,0.24396,0.23724,0.22947,0.2217,0.21345,0.20474,0.19602,0.18889,0.18334,0.1778,0.1723,0.16684,0.16138,0.15713,0.15409,0.15105,0.14919,0.14851,0.14783,0.14769,0.14808,0.14848,0.14872,0.14882,0.14892,0.14848,0.14751,0.14654,0.14623,0.14656,0.14689,0.14684,0.14641,0.14598,0.14628,0.14731,0.14833,0.15013,0.15271,0.15528,0.15834,0.16189,0.16543,0.16957,0.17429,0.17901,0.18192,0.18301,0.18409,0.18393,0.18251,0.18109,0.17842,0.1745,0.17058,0.16584,0.16026,0.15468,0.15,0.14621,0.14242,0.13752,0.13151,0.1255,0.11922,0.11269,0.10615,0.09845,0.08959,0.08073,0.070052,0.057556,0.045059,0.031313,0.01632,0.0013269,-0.013532,-0.028256,-0.042981,-0.056566,-0.069014,-0.081462,-0.092878,-0.10326,-0.11364,-0.12389,-0.13399,-0.1441,-0.15481,-0.16614,-0.17747,-0.18936,-0.20181,-0.21426,-0.22609,-0.23731,-0.24853,-0.25794,-0.26554,-0.27313,-0.27874,-0.28234,-0.28594,-0.28856,-0.2902,-0.29183,-0.29343,-0.29499,-0.29655,-0.29828,-0.30018,-0.30209,-0.30511,-0.30926,-0.31341,-0.26293,-0.15777,-0.052611
0,0,0,0,0.0067334,0.011835,0.014175,0.01375,0.013325,0.011198,0.0073662,0.0035349,-0.0018914,-0.0089154,-0.01594,-0.022289,-0.027957,-0.033618,-0.037533,-0.0397,-0.041866,-0.043269,-0.043908,-0.04455,-0.046457,-0.049629,-0.052801,-0.058235,-0.06593,-0.073628,-0.081936,-0.09085,-0.099764,-0.10569,-0.10863,-0.11156,-0.11316,-0.11342,-0.11368,-0.11306,-0.11155,-0.11003,-0.10852,-0.10699,-0.10547,-0.10476,-0.10484,-0.10493,-0.10474,-0.10429,-0.10383,-0.10182,-0.098256,-0.094689,-0.088145,-0.078627,-0.06911,-0.057321,-0.04326,-0.0292,-0.01461,0.00051239,0.015638,0.028893,0.040273,0.051647,0.060018,0.065381,0.070743,0.07328,0.072988,0.072697,0.070364,0.065989,0.061613,0.056517,0.050699,0.044882,0.038921,0.032814,0.026707,0.020449,0.014039,0.0076283,0.00043173,-0.0075505,-0.015533,-0.024741,-0.035173,-0.045606,-0.057282,-0.070199,-0.083117,-0.096697,-0.11094,-0.12519,-0.13893,-0.15215,-0.16538,-0.17737,-0.18813,-0.19889,-0.20752,-0.21402,-0.22053,-0.22477,-0.22675,-0.22873,-0.22883,-0.22706,-0.22529,-0.22179,-0.21657,-0.21135,-0.20543,-0.1988,-0.19217,-0.18344,-0.1726,-0.16177,-0.14831,-0.13223,-0.11615,-0.098592,-0.079558,-0.060521,-0.041071,-0.021202,-0.001332,0.017963,0.036683,0.055402,0.072859,0.089054,0.10525,0.12012,0.13366,0.1472,0.15988,0.1717,0.18352,0.19472,0.2053,0.21588,0.2254,0.23388,0.24235,0.24804,0.25095,0.25386,0.25586,0.25695,0.25804,0.25833,0.2578,0.25727,0.25762,0.25885,0.26008,0.26278,0.26694,0.2711,0.27514,0.27916,0.28308,0.2859,0.2877,0.28832,0.2857,0.28101,0.27573,0.2666,0.25351,0.24049,0.22575,0.21002,0.19576,0.18169,0.1674,0.15227,0.1375,0.12363,0.11047,0.099277,0.090191,0.081949,0.072969,0.063726,0.056472,0.051262,0.046634,0.041202,0.034786,0.028069,0.021829,0.016335,0.011134,0.0066403,0.00389,0.0017861,0.0006936,0.0025981,0.0064207,0.0087919,0.0085971,0.008729,0.012516,0.01962,0.025413,0.030634,0.038251,0.049484,0.062461,0.070433,0.073281,0.07699,0.086579,0.10039,0.11061,0.11932,0.13056,0.13702,0.14214,0.14539,0.14897,0.15815,0.16502,0.16811,0.17049,0.17162,0.17415,0.17882,0.1789,0.1793,0.18204,0.18744,0.19558,0.20247,0.20685,0.20746,0.20179,0.18757,0.16911,0.15311,0.13726,0.11963,0.10556,0.092681,0.07978,0.066763,0.053425,0.040841,0.027289,0.01168,-0.009438,-0.03821,-0.061355,-0.070655,-0.064041,-0.042467,-0.012533,-0.0067323,0,0,0,0,0,0,0,0.0033081,0.0030712,0.0020213,0.0009709,-0.00024198,-0.0016172,-0.0029918,-0.0040726,-0.0048595,-0.0056461,-0.005033,-0.0030203,0,0,0,0,0,0,0,0,0,0,0,0,0,0,0,0,0,0,0,0,0,0,0,0,0,0,0,-0.018429,-0.018801,-0.020837,-0.022874,-0.024819,-0.026672,-0.028525,-0.027624,-0.023968,-0.020312,-0.012691,-0.0011061,0.010481,0.023736,0.038655,0.053574,0.06697,0.078846,0.090723,0.10027,0.10749,0.1147,0.12002,0.12345,0.12687,0.12908,0.13009,0.1311,0.13151,0.13131,0.13112,0.12936,0.12602,0.12269,0.11709,0.10922,0.10136,0.094321,0.088119,0.081918,0.075023,0.067432,0.059841,0.051633,0.042806,0.033979,0.027142,0.022295,0.017448,0.010847,0.0024909,-0.005864,-0.012692,-0.017996,-0.023299,-0.026192,-0.026678,-0.027163,-0.024504,-0.018701,-0.012897,-0.0042631,0.0072014,0.018667,0.031267,0.045003,0.058739,0.071534,0.083387,0.095242,0.10394,0.10948,0.11503,0.12057,0.12612,0.13167,0.14038,0.15226,0.16413,0.17753,0.19245,0.20737,0.22319,0.23989,0.2566,0.27301,0.28913,0.30524,0.32032,0.33437,0.34841,0.3612,0.37273,0.38426,0.39455,0.40361,0.41267,0.42108,0.42885,0.43662,0.44174,0.4442,0.44667,0.44809,0.44845,0.4488,0.44882,0.4485,0.44818,0.44871,0.4501,0.45149,0.44775,0.43886,0.42998,0.4161,0.39724,0.37837,0.36077,0.34444,0.3281,0.31382,0.30159,0.28936,0.2792,0.27111,0.26302,0.25565,0.24901,0.24237,0.23565,0.22885,0.22205,0.21431,0.20564,0.19696,0.1894,0.18295,0.17651,0.17109,0.16669,0.16229,0.15853,0.15543,0.15232,0.15048,0.1499,0.14932,0.14954,0.15056,0.15157,0.15261,0.15367,0.15473,0.15508,0.15471,0.15434,0.1543,0.15459,0.15487,0.15433,0.15297,0.15161,0.15096,0.15103,0.1511,0.15215,0.15418,0.15621,0.15895,0.16239,0.16583,0.16954,0.17351,0.17748,0.18025,0.18181,0.18337,0.18314,0.18111,0.17909,0.1757,0.17095,0.1662,0.16063,0.15423,0.14783,0.14229,0.1376,0.13292,0.1274,0.12106,0.11472,0.10821,0.10154,0.094873,0.086989,0.077891,0.068793,0.057787,0.044873,0.03196,0.017798,0.0023863,-0.013024,-0.028104,-0.042855,-0.057606,-0.070897,-0.082729,-0.094562,-0.10523,-0.11473,-0.12423,-0.13369,-0.14311,-0.15253,-0.16272,-0.17368,-0.18464,-0.19623,-0.20846,-0.22069,-0.23238,-0.24353,-0.25469,-0.26399,-0.27142,-0.27886,-0.28437,-0.28794,-0.29151,-0.29404,-0.29552,-0.29701,-0.29856,-0.30019,-0.30181,-0.30333,-0.30472,-0.30612,-0.3092,-0.31397,-0.31873,-0.26763,-0.16061,-0.053552
0,0,0,0,0.0078328,0.011376,0.013571,0.014419,0.015267,0.015555,0.015284,0.015013,0.012785,0.0085997,0.0044127,-0.00031501,-0.0055812,-0.010843,-0.015388,-0.01922,-0.023051,-0.026405,-0.029278,-0.032153,-0.036356,-0.041885,-0.047414,-0.054553,-0.063303,-0.072054,-0.081119,-0.090497,-0.099876,-0.10629,-0.10975,-0.1132,-0.11499,-0.11511,-0.11524,-0.11503,-0.11449,-0.11395,-0.11258,-0.11038,-0.10819,-0.10705,-0.10695,-0.10686,-0.10667,-0.1064,-0.10612,-0.10459,-0.10181,-0.099023,-0.093805,-0.086153,-0.078501,-0.06832,-0.055607,-0.042896,-0.029009,-0.013945,0.0011192,0.014969,0.0276,0.040229,0.05003,0.057002,0.063973,0.067808,0.068507,0.069206,0.067463,0.063275,0.059087,0.053862,0.0476,0.041339,0.035084,0.028837,0.02259,0.016263,0.0098574,0.0034523,-0.0035468,-0.01114,-0.018733,-0.027463,-0.03733,-0.047197,-0.058401,-0.070942,-0.08348,-0.096893,-0.11118,-0.12547,-0.13939,-0.15294,-0.16649,-0.17875,-0.18973,-0.2007,-0.20913,-0.21499,-0.22085,-0.22507,-0.22765,-0.23023,-0.23031,-0.22789,-0.22546,-0.22209,-0.21777,-0.21345,-0.2086,-0.20322,-0.19783,-0.18962,-0.17857,-0.16752,-0.15415,-0.13848,-0.12281,-0.10563,-0.086948,-0.068263,-0.04913,-0.02954,-0.0099502,0.0090823,0.027557,0.04603,0.06325,0.079217,0.095185,0.10989,0.12334,0.13679,0.14947,0.16141,0.17334,0.18478,0.19575,0.20671,0.21674,0.22585,0.23495,0.2414,0.2452,0.24899,0.25193,0.25401,0.25609,0.2573,0.25762,0.25795,0.25888,0.26042,0.26197,0.26469,0.2686,0.27231,0.27582,0.27973,0.28394,0.2866,0.28798,0.28894,0.28613,0.28047,0.27569,0.26881,0.25821,0.24637,0.23224,0.21572,0.20019,0.1864,0.17216,0.15662,0.14191,0.12843,0.11489,0.1028,0.092393,0.082919,0.074322,0.066437,0.059489,0.05345,0.047918,0.042309,0.036758,0.031226,0.025608,0.020436,0.015497,0.010538,0.0070498,0.0051222,0.0041731,0.0044267,0.0053018,0.0064089,0.0087066,0.012384,0.016526,0.02183,0.028583,0.037886,0.047347,0.0553,0.063937,0.072245,0.080584,0.08878,0.097192,0.1073,0.1157,0.12425,0.13509,0.14124,0.14679,0.15037,0.15215,0.15854,0.16543,0.17128,0.17549,0.17566,0.17712,0.18288,0.18569,0.18968,0.19543,0.20015,0.20429,0.20667,0.20904,0.21157,0.20988,0.2022,0.19029,0.17615,0.16097,0.142,0.12328,0.10727,0.090853,0.074805,0.058908,0.042423,0.025592,0.0083784,-0.0093901,-0.034467,-0.056311,-0.052085,-0.050665,-0.040122,0,0,0,0,0,0,0,0,0,0,0,0,0,0,0,0,0,0,0,0,0,0,0,0,0,0,0,0,0,0,0,0,0,0,0,0,0,0,0,0,0,0,0,0,0,0,0,0,-0.018528,-0.018889,-0.021331,-0.023774,-0.025442,-0.026335,-0.027227,-0.025447,-0.020992,-0.016536,-0.0087772,0.0022835,0.013344,0.025931,0.040042,0.054152,0.066922,0.078352,0.089781,0.099144,0.10644,0.11374,0.1191,0.12254,0.12597,0.12797,0.12855,0.12913,0.12986,0.13075,0.13163,0.13067,0.12785,0.12503,0.12018,0.11331,0.10644,0.098609,0.089806,0.081003,0.072892,0.065473,0.058055,0.049633,0.040204,0.030776,0.023814,0.019316,0.014818,0.00894,0.001681,-0.005578,-0.010836,-0.014092,-0.017349,-0.01809,-0.016316,-0.014541,-0.010103,-0.0029998,0.0041039,0.013566,0.025387,0.037208,0.050068,0.063967,0.077866,0.090833,0.10287,0.11491,0.12492,0.13291,0.1409,0.14626,0.14897,0.15168,0.15885,0.17048,0.18211,0.19518,0.20969,0.22421,0.2395,0.25558,0.27166,0.28733,0.30261,0.31788,0.33212,0.34532,0.35852,0.37055,0.3814,0.39225,0.4019,0.41034,0.41879,0.42644,0.43328,0.44013,0.44431,0.4458,0.4473,0.44908,0.45116,0.45323,0.45442,0.45473,0.45505,0.45474,0.45382,0.4529,0.44748,0.43756,0.42764,0.41306,0.39382,0.37458,0.35629,0.33894,0.32159,0.30733,0.29617,0.28502,0.27617,0.26964,0.26312,0.25604,0.24841,0.24078,0.23405,0.22823,0.22241,0.21518,0.20654,0.1979,0.1899,0.18256,0.17522,0.16988,0.16654,0.16319,0.15994,0.15676,0.15359,0.15176,0.15129,0.15081,0.15139,0.15303,0.15467,0.15649,0.15852,0.16054,0.16167,0.16191,0.16215,0.16238,0.16262,0.16285,0.16182,0.15953,0.15723,0.15564,0.15475,0.15386,0.15416,0.15565,0.15714,0.15955,0.1629,0.16624,0.16952,0.17274,0.17596,0.17858,0.18061,0.18264,0.18234,0.17971,0.17708,0.17298,0.1674,0.16182,0.15542,0.1482,0.14098,0.13458,0.12899,0.12341,0.11728,0.11061,0.10394,0.097203,0.0904,0.083597,0.075528,0.066191,0.056854,0.045521,0.03219,0.01886,0.0042817,-0.011547,-0.027374,-0.042676,-0.057454,-0.07223,-0.085227,-0.096445,-0.10766,-0.11758,-0.12619,-0.13481,-0.14348,-0.15222,-0.16096,-0.17062,-0.18121,-0.1918,-0.2031,-0.21511,-0.22712,-0.23867,-0.24976,-0.26085,-0.27004,-0.27731,-0.28459,-0.29,-0.29354,-0.29707,-0.29951,-0.30084,-0.30218,-0.30369,-0.30538,-0.30708,-0.30837,-0.30926,-0.31015,-0.31329,-0.31867,-0.32406,-0.27231,-0.16341,-0.054492
0,0,0,0,0.013029,0.015318,0.017407,0.019298,0.02119,0.023128,0.025112,0.027095,0.027233,0.025522,0.02381,0.020742,0.016318,0.011895,0.0072419,0.0023579,-0.0025267,-0.0076088,-0.012889,-0.018174,-0.024768,-0.032672,-0.040574,-0.049428,-0.059235,-0.069037,-0.078773,-0.088443,-0.098113,-0.10515,-0.10955,-0.11394,-0.11636,-0.11681,-0.11725,-0.1174,-0.11726,-0.11712,-0.11593,-0.11368,-0.11143,-0.11002,-0.10945,-0.10889,-0.10834,-0.10782,-0.10731,-0.10593,-0.10368,-0.10144,-0.097357,-0.091433,-0.08551,-0.077068,-0.066102,-0.055135,-0.0425,-0.028197,-0.013896,-9.1523e-05,0.013214,0.026518,0.037376,0.045785,0.054194,0.059365,0.061297,0.063231,0.062375,0.058733,0.055091,0.05015,0.04391,0.037671,0.031447,0.025239,0.019032,0.012769,0.0064517,0.00013495,-0.0066903,-0.014024,-0.021358,-0.029799,-0.039348,-0.048899,-0.059857,-0.07222,-0.084582,-0.097937,-0.11229,-0.12663,-0.14064,-0.15431,-0.16798,-0.18032,-0.19132,-0.20232,-0.21054,-0.21596,-0.22138,-0.22532,-0.22777,-0.23023,-0.23023,-0.22778,-0.22532,-0.2224,-0.21904,-0.21567,-0.21152,-0.20657,-0.20162,-0.19367,-0.18273,-0.17178,-0.15869,-0.14346,-0.12823,-0.1115,-0.09326,-0.075023,-0.056333,-0.037191,-0.018047,0.00052952,0.018536,0.036539,0.053336,0.068933,0.084532,0.099006,0.11236,0.12571,0.13845,0.15059,0.16272,0.1745,0.18592,0.19735,0.20796,0.21776,0.22756,0.23498,0.24002,0.24507,0.24903,0.25192,0.2548,0.25686,0.25809,0.25932,0.26087,0.26275,0.26463,0.2674,0.27105,0.2745,0.27804,0.28189,0.28586,0.28832,0.28935,0.2905,0.28826,0.28302,0.27861,0.27186,0.26184,0.25107,0.23849,0.22213,0.20572,0.19188,0.17758,0.16188,0.14709,0.13362,0.11977,0.10735,0.096453,0.086294,0.077581,0.069874,0.062807,0.056453,0.050591,0.044788,0.039249,0.033863,0.028325,0.023104,0.018137,0.012979,0.0090406,0.0066544,0.0050481,0.0046129,0.0048845,0.0056309,0.008698,0.013745,0.01854,0.02416,0.031681,0.041336,0.051967,0.060811,0.068925,0.077794,0.08766,0.096728,0.10436,0.11328,0.12109,0.12886,0.13864,0.14404,0.14888,0.15437,0.15599,0.15999,0.16709,0.17365,0.17899,0.17983,0.18199,0.18873,0.19284,0.19832,0.2043,0.20855,0.21329,0.21716,0.21944,0.22137,0.22047,0.21448,0.20656,0.19291,0.17499,0.15717,0.13723,0.11867,0.099977,0.080415,0.062594,0.043734,0.025147,0.0072027,-0.0098518,-0.027835,-0.039137,-0.034538,-0.051036,-0.043935,0,0,0,0,0,0,0,0,0,0,0,0,0,0,0,0,0,0,0,0,0,0,0,0,0,0,0,0,0,0,0,0,0,0,0,0,0,0,0,0,0,0,0,0,0,0,0,0,-0.017268,-0.01804,-0.02048,-0.02292,-0.024428,-0.025004,-0.02558,-0.023638,-0.019179,-0.014719,-0.0073078,0.0030543,0.013417,0.025193,0.038382,0.051573,0.063629,0.074546,0.085462,0.094539,0.10177,0.10901,0.11462,0.11862,0.12261,0.12519,0.12635,0.12752,0.12881,0.13024,0.13167,0.13105,0.12837,0.12568,0.12127,0.11513,0.10899,0.10069,0.090237,0.079782,0.070678,0.062925,0.055172,0.046427,0.036688,0.026949,0.019918,0.015593,0.011269,0.0067215,0.00195,-0.0028228,-0.0059355,-0.007386,-0.0088372,-0.0077835,-0.0042226,-0.00066107,0.0051747,0.013286,0.0214,0.031466,0.043485,0.055504,0.068433,0.082272,0.09611,0.10834,0.11895,0.12956,0.1396,0.14908,0.15856,0.16469,0.16748,0.17026,0.17737,0.18879,0.20022,0.21295,0.22697,0.241,0.25571,0.27111,0.28652,0.3015,0.31606,0.33062,0.34417,0.3567,0.36924,0.3806,0.39079,0.40099,0.40997,0.41774,0.42551,0.43238,0.43834,0.44431,0.4475,0.44792,0.44833,0.44975,0.45218,0.4546,0.45648,0.45783,0.45917,0.45833,0.45531,0.45228,0.44537,0.43457,0.42377,0.40896,0.39013,0.3713,0.35319,0.33581,0.31843,0.30462,0.29439,0.28417,0.27598,0.26984,0.2637,0.25649,0.24823,0.23996,0.23284,0.22687,0.2209,0.21389,0.20583,0.19776,0.18989,0.1822,0.1745,0.16901,0.16572,0.16243,0.15918,0.15596,0.15275,0.15118,0.15127,0.15136,0.15254,0.1548,0.15706,0.15969,0.16271,0.16572,0.16801,0.16958,0.17114,0.17193,0.17194,0.17195,0.17042,0.16735,0.16429,0.16181,0.15992,0.15804,0.15748,0.15825,0.15903,0.1609,0.16387,0.16684,0.16964,0.17226,0.17488,0.17712,0.17897,0.18083,0.18008,0.17673,0.17337,0.16859,0.16239,0.15619,0.14923,0.1415,0.13378,0.12663,0.12006,0.11349,0.10668,0.099642,0.092599,0.085466,0.078243,0.07102,0.062552,0.052837,0.043123,0.031485,0.01792,0.0043545,-0.010356,-0.026212,-0.042066,-0.057271,-0.071825,-0.086377,-0.099035,-0.1098,-0.12056,-0.12997,-0.13803,-0.14609,-0.15421,-0.1624,-0.17059,-0.17973,-0.18982,-0.1999,-0.21071,-0.22225,-0.23378,-0.24488,-0.25556,-0.26623,-0.27508,-0.2821,-0.28913,-0.29434,-0.29773,-0.30112,-0.30345,-0.30471,-0.30598,-0.30732,-0.30873,-0.31014,-0.31129,-0.31218,-0.31307,-0.31623,-0.32166,-0.32709,-0.27485,-0.16494,-0.054999
0,0,0,0,0.022321,0.023657,0.025679,0.028386,0.031093,0.033914,0.036849,0.039783,0.041452,0.041854,0.042255,0.040883,0.037741,0.034596,0.03036,0.025035,0.019709,0.013118,0.0052553,-0.0026135,-0.011695,-0.021989,-0.032285,-0.042864,-0.053723,-0.064579,-0.074902,-0.08469,-0.094478,-0.10226,-0.10803,-0.1138,-0.11729,-0.11849,-0.1197,-0.12016,-0.11986,-0.11956,-0.11857,-0.11688,-0.11519,-0.11368,-0.11235,-0.11101,-0.10975,-0.10857,-0.10739,-0.10582,-0.10388,-0.10194,-0.098804,-0.094471,-0.090137,-0.083561,-0.074739,-0.065917,-0.055089,-0.04225,-0.029409,-0.016286,-0.0028864,0.010515,0.022057,0.031733,0.04141,0.047954,0.051362,0.054768,0.055102,0.052363,0.049624,0.045379,0.039628,0.033877,0.028008,0.02202,0.016032,0.0099663,0.0038215,-0.0023229,-0.008997,-0.016202,-0.023408,-0.031751,-0.041229,-0.050709,-0.061646,-0.074033,-0.086421,-0.099825,-0.11425,-0.12867,-0.14268,-0.15627,-0.16986,-0.18207,-0.19291,-0.20375,-0.21176,-0.21694,-0.22212,-0.22551,-0.22713,-0.22874,-0.22861,-0.22673,-0.22485,-0.22273,-0.22037,-0.21801,-0.21417,-0.20884,-0.20352,-0.1956,-0.18508,-0.17456,-0.16193,-0.14717,-0.13242,-0.11619,-0.098494,-0.080797,-0.062683,-0.044153,-0.025619,-0.0076942,0.0096162,0.026926,0.043122,0.058202,0.073283,0.087455,0.10072,0.11397,0.12682,0.13924,0.15167,0.16387,0.17583,0.1878,0.19906,0.20961,0.22016,0.22877,0.23543,0.2421,0.24717,0.25066,0.25415,0.257,0.25919,0.26139,0.2636,0.26584,0.26808,0.27089,0.27428,0.27766,0.2811,0.28448,0.28791,0.29009,0.29094,0.29199,0.29039,0.28617,0.28219,0.27526,0.26541,0.25564,0.24351,0.22794,0.21218,0.19757,0.18286,0.16752,0.15285,0.13904,0.12495,0.11253,0.10178,0.091342,0.082225,0.07416,0.066436,0.059617,0.053496,0.047332,0.041308,0.035472,0.029624,0.024069,0.018779,0.013393,0.0092056,0.0063056,0.0037172,0.0029796,0.0038022,0.0046467,0.0076574,0.012894,0.018252,0.025175,0.033658,0.042374,0.052906,0.063961,0.074229,0.083876,0.09288,0.10142,0.10907,0.11716,0.12461,0.13129,0.13857,0.1438,0.14824,0.15392,0.15693,0.16084,0.16783,0.17438,0.18021,0.1835,0.18741,0.19395,0.19963,0.20593,0.2118,0.21723,0.22313,0.22758,0.23049,0.23193,0.22977,0.22213,0.21396,0.20137,0.18216,0.16404,0.14503,0.12498,0.10466,0.083327,0.063303,0.043063,0.023994,0.0059329,-0.011852,-0.024368,-0.025854,-0.026646,-0.040662,-0.030774,0,0,0,0,0,0,0,0,0,0,0,0,0,0,0,0,0,0,0,0,0,0,0,0,0,0,0,0,0,0,0,0,0,0,0,0,0,0,0,0,0,0,0,0,0,0,0,0,-0.0079792,-0.016253,-0.018282,-0.020312,-0.021778,-0.02268,-0.023581,-0.022198,-0.01853,-0.01486,-0.0082812,0.0012082,0.0107,0.021523,0.033678,0.045837,0.05709,0.06743,0.07777,0.086456,0.093483,0.10051,0.10658,0.1117,0.11681,0.12075,0.1235,0.12626,0.12835,0.1298,0.13124,0.1305,0.12758,0.12467,0.12037,0.11468,0.10899,0.10057,0.089411,0.078257,0.068381,0.059785,0.051191,0.042015,0.032255,0.022496,0.015453,0.011127,0.0068016,0.0041905,0.0032944,0.0023978,0.0020068,0.0021216,0.0022359,0.0047293,0.0096021,0.014476,0.021328,0.030159,0.038992,0.049437,0.061496,0.073556,0.086364,0.09992,0.11348,0.12404,0.13162,0.1392,0.14799,0.158,0.16801,0.17589,0.18165,0.18742,0.19593,0.2072,0.21847,0.23083,0.24429,0.25775,0.27182,0.2865,0.30118,0.31551,0.32949,0.34348,0.35649,0.36853,0.38056,0.39136,0.40091,0.41046,0.41876,0.42579,0.43283,0.4389,0.44403,0.44915,0.45132,0.45055,0.44979,0.4501,0.45151,0.45291,0.45501,0.45779,0.46057,0.4595,0.45457,0.44964,0.44142,0.4299,0.41838,0.40381,0.38616,0.36852,0.35148,0.33506,0.31863,0.30569,0.29625,0.28681,0.27862,0.27169,0.26476,0.25702,0.24846,0.23991,0.23201,0.22477,0.21753,0.21044,0.2035,0.19657,0.18935,0.18185,0.17436,0.16849,0.16424,0.16,0.15626,0.15303,0.14979,0.14874,0.14985,0.15097,0.15298,0.15586,0.15874,0.1622,0.16625,0.17029,0.17411,0.17772,0.18132,0.18293,0.18254,0.18216,0.18012,0.17645,0.17277,0.16948,0.16656,0.16364,0.16211,0.16199,0.16187,0.16298,0.16531,0.16764,0.1699,0.17208,0.17425,0.17586,0.17689,0.17792,0.17634,0.17215,0.16795,0.16255,0.15593,0.14932,0.14205,0.13413,0.12622,0.11844,0.1108,0.10316,0.095609,0.088151,0.080694,0.073,0.06507,0.05714,0.048061,0.03783,0.027599,0.015677,0.00206,-0.011558,-0.026115,-0.04161,-0.057105,-0.071892,-0.08597,-0.10005,-0.11232,-0.12279,-0.13326,-0.14241,-0.15024,-0.15807,-0.16587,-0.17366,-0.18144,-0.19005,-0.1995,-0.20895,-0.21907,-0.22987,-0.24067,-0.25102,-0.26093,-0.27083,-0.27912,-0.2858,-0.29247,-0.29738,-0.30051,-0.30365,-0.30586,-0.30713,-0.30841,-0.30944,-0.31023,-0.31101,-0.3121,-0.31348,-0.31487,-0.31801,-0.32291,-0.32782,-0.27526,-0.16518,-0.055074
0,0,0,0,0.031612,0.031998,0.033951,0.037474,0.040997,0.044702,0.048587,0.052473,0.055672,0.058187,0.060701,0.061025,0.059161,0.057296,0.05348,0.047712,0.041947,0.033843,0.023394,0.012945,0.0013773,-0.011308,-0.023997,-0.036301,-0.048211,-0.060121,-0.071029,-0.080937,-0.090845,-0.09937,-0.10651,-0.11365,-0.11821,-0.12018,-0.12215,-0.12291,-0.12246,-0.122,-0.12121,-0.12008,-0.11896,-0.11735,-0.11524,-0.11314,-0.11117,-0.10932,-0.10747,-0.10572,-0.10408,-0.10244,-0.10025,-0.097508,-0.094764,-0.090052,-0.083373,-0.076695,-0.067669,-0.056294,-0.044919,-0.032482,-0.018985,-0.0054847,0.0067393,0.017685,0.028629,0.036541,0.041421,0.046302,0.047827,0.045992,0.044155,0.040606,0.035344,0.030082,0.024567,0.0188,0.013033,0.0071635,0.0011913,-0.0047803,-0.011304,-0.018381,-0.025459,-0.033702,-0.043111,-0.052521,-0.063434,-0.075847,-0.08826,-0.10171,-0.11621,-0.1307,-0.14471,-0.15822,-0.17174,-0.18383,-0.19451,-0.20518,-0.21299,-0.21792,-0.22285,-0.22571,-0.22648,-0.22725,-0.22699,-0.22569,-0.22439,-0.22306,-0.2217,-0.22035,-0.21682,-0.21112,-0.20542,-0.19753,-0.18744,-0.17735,-0.16516,-0.15088,-0.1366,-0.12088,-0.10372,-0.08657,-0.069034,-0.051113,-0.033191,-0.015919,0.00069857,0.017314,0.032906,0.047472,0.062036,0.0759,0.08907,0.10224,0.11518,0.1279,0.14062,0.15323,0.16574,0.17825,0.19016,0.20146,0.21277,0.22256,0.23084,0.23912,0.24531,0.24941,0.25351,0.25714,0.26029,0.26345,0.26633,0.26893,0.27153,0.27439,0.27751,0.28063,0.28368,0.28664,0.28961,0.29148,0.29226,0.29304,0.29165,0.2881,0.28455,0.27829,0.26933,0.26037,0.24843,0.2335,0.21857,0.20359,0.18854,0.1735,0.15888,0.14467,0.13046,0.11791,0.10703,0.096139,0.086519,0.078162,0.069804,0.062356,0.055818,0.04928,0.04295,0.036826,0.030703,0.024802,0.019121,0.013441,0.008977,0.0057295,0.0024824,0.0012478,0.0020255,0.0028038,0.0061147,0.011958,0.017803,0.02547,0.034957,0.044444,0.054976,0.066555,0.078132,0.088324,0.097128,0.10593,0.1137,0.12042,0.12715,0.13306,0.13816,0.14326,0.14784,0.15189,0.15594,0.16141,0.16829,0.17518,0.18122,0.18642,0.19162,0.19813,0.20595,0.21378,0.22076,0.22689,0.23303,0.23725,0.23956,0.24187,0.23872,0.2301,0.22148,0.2079,0.18935,0.1708,0.15078,0.12928,0.10777,0.086038,0.06409,0.042144,0.022264,0.004456,-0.013348,-0.021698,-0.020592,-0.019484,-0.015775,-0.009465,0,0,0,0,0,0,0,0,0,0,0,0,0,0,0,0,0,0,0,0,0,0,0,0,0,0,0,0,0,0,0,0,0,0,0,0,0,0,0,0,0,0,0,0,0,0,0,0,0,-0.014467,-0.016085,-0.017704,-0.019127,-0.020355,-0.021583,-0.020758,-0.01788,-0.015001,-0.0092537,-0.00063619,0.007983,0.017854,0.028977,0.040102,0.050549,0.060316,0.07008,0.078374,0.085196,0.092017,0.098543,0.10477,0.11101,0.1163,0.12065,0.125,0.1279,0.12935,0.1308,0.12995,0.1268,0.12365,0.11946,0.11422,0.10898,0.10044,0.088584,0.07673,0.066084,0.056647,0.04721,0.037602,0.027822,0.018042,0.010988,0.0066615,0.002335,0.0016605,0.0046389,0.0076179,0.0099476,0.011629,0.013311,0.017243,0.023427,0.029612,0.03748,0.047032,0.056583,0.067409,0.079508,0.091608,0.1043,0.11757,0.13084,0.13975,0.1443,0.14884,0.15638,0.16692,0.17745,0.18709,0.19583,0.20457,0.2145,0.22561,0.23671,0.24871,0.26161,0.2745,0.28792,0.30188,0.31584,0.32953,0.34293,0.35633,0.36881,0.38035,0.39189,0.40212,0.41103,0.41994,0.42754,0.43384,0.44014,0.44543,0.44971,0.45398,0.45515,0.45319,0.45124,0.45045,0.45084,0.45123,0.45353,0.45775,0.46197,0.46066,0.45383,0.447,0.43747,0.42523,0.41299,0.39865,0.3822,0.36574,0.34978,0.3343,0.31882,0.30675,0.2981,0.28944,0.28126,0.27354,0.26583,0.25755,0.2487,0.23985,0.23118,0.22267,0.21416,0.207,0.20118,0.19536,0.18881,0.18151,0.17421,0.16796,0.16277,0.15757,0.15334,0.15009,0.14684,0.14629,0.14844,0.15059,0.15342,0.15692,0.16043,0.16472,0.16979,0.17486,0.18021,0.18586,0.19151,0.19394,0.19315,0.19237,0.18983,0.18555,0.18126,0.17714,0.17319,0.16923,0.16675,0.16573,0.16472,0.16506,0.16675,0.16845,0.17016,0.17189,0.17363,0.1746,0.17481,0.17502,0.1726,0.16757,0.16254,0.1565,0.14947,0.14245,0.13488,0.12677,0.11866,0.11025,0.10154,0.092824,0.084531,0.076659,0.068788,0.060533,0.051896,0.04326,0.033568,0.022822,0.012074,-0.00013316,-0.013802,-0.027473,-0.041875,-0.057009,-0.072144,-0.086513,-0.10011,-0.11372,-0.12561,-0.13579,-0.14597,-0.15485,-0.16245,-0.17005,-0.17753,-0.18491,-0.19228,-0.20037,-0.20918,-0.21799,-0.22743,-0.2375,-0.24756,-0.25716,-0.2663,-0.27543,-0.28316,-0.28949,-0.29581,-0.30041,-0.3033,-0.30618,-0.30826,-0.30955,-0.31084,-0.31157,-0.31173,-0.31188,-0.3129,-0.31478,-0.31666,-0.31979,-0.32417,-0.32855,-0.27565,-0.16542,-0.055148
0,0,0,0,0.041808,0.04208,0.044306,0.048487,0.05267,0.057152,0.061935,0.066718,0.071104,0.075092,0.079082,0.080541,0.079473,0.078403,0.074577,0.067998,0.061419,0.05194,0.039562,0.027186,0.013763,-0.00070469,-0.015174,-0.02875,-0.041427,-0.054104,-0.065481,-0.075564,-0.085647,-0.09498,-0.10357,-0.11216,-0.11787,-0.12069,-0.12351,-0.12507,-0.12537,-0.12567,-0.12522,-0.12402,-0.12283,-0.12085,-0.11809,-0.11534,-0.11267,-0.11008,-0.1075,-0.1054,-0.10378,-0.10216,-0.10058,-0.099054,-0.097524,-0.094384,-0.089636,-0.08489,-0.077729,-0.068157,-0.058589,-0.047386,-0.034548,-0.021712,-0.0095459,0.0019505,0.013445,0.0222,0.028217,0.034236,0.036923,0.036276,0.035629,0.033158,0.028862,0.024565,0.019912,0.014904,0.0098958,0.0046482,-0.00083872,-0.0063254,-0.012599,-0.019662,-0.026723,-0.035139,-0.044912,-0.054685,-0.065981,-0.078794,-0.091608,-0.1053,-0.11988,-0.13445,-0.1483,-0.16142,-0.17454,-0.18598,-0.19572,-0.20546,-0.21258,-0.21707,-0.22157,-0.22405,-0.22452,-0.22499,-0.22494,-0.22436,-0.22378,-0.22296,-0.22191,-0.22086,-0.21748,-0.21177,-0.20607,-0.19836,-0.18866,-0.17895,-0.16719,-0.15339,-0.13958,-0.12443,-0.10792,-0.091412,-0.074603,-0.057489,-0.040373,-0.023894,-0.0080571,0.007778,0.022747,0.036848,0.050945,0.064565,0.077715,0.090869,0.10398,0.11705,0.13011,0.14317,0.15624,0.1693,0.18184,0.19388,0.20592,0.21673,0.22632,0.2359,0.24319,0.24819,0.25318,0.25775,0.2619,0.26605,0.26964,0.27267,0.27569,0.27867,0.2816,0.28452,0.28727,0.28984,0.29241,0.29402,0.29468,0.29535,0.29412,0.29102,0.28791,0.28228,0.27413,0.26598,0.25466,0.24017,0.22568,0.21099,0.19608,0.18117,0.16653,0.15214,0.13775,0.12486,0.11347,0.10207,0.091801,0.082665,0.07353,0.06535,0.05813,0.05091,0.043997,0.037391,0.030785,0.024474,0.018456,0.012438,0.0076622,0.0041289,0.00059571,-0.0007822,-4.9565e-06,0.00077306,0.0043605,0.010757,0.017155,0.025478,0.035727,0.045977,0.057033,0.068898,0.080765,0.091167,0.10011,0.10904,0.11666,0.12295,0.12924,0.13447,0.13864,0.1428,0.14696,0.15111,0.15527,0.16101,0.16836,0.1757,0.18234,0.18827,0.1942,0.2015,0.21017,0.21883,0.22639,0.23284,0.23929,0.24324,0.24469,0.24614,0.24226,0.23305,0.22384,0.20993,0.19133,0.17273,0.15254,0.13074,0.10895,0.086881,0.064539,0.042202,0.022835,0.0064372,-0.0099535,-0.016795,-0.014086,-0.011375,-0.00799,-0.0039322,0,0,0,0,0,0,0,0,0,0,0,0,0,0,0,0,0,0,0,0,0,0,0,0,0,0,0,0,0,0,0,0,0,0,0,0,0,0,0,0,0,0,0,0,0,0,0,0,0,-0.013627,-0.014773,-0.015918,-0.017141,-0.018442,-0.019744,-0.019311,-0.017141,-0.014972,-0.0099402,-0.0020473,0.0058455,0.014981,0.025358,0.035735,0.045552,0.054811,0.064067,0.072088,0.078875,0.085659,0.092421,0.099159,0.1059,0.11193,0.11725,0.12257,0.126,0.12753,0.12906,0.12807,0.12454,0.12102,0.11662,0.11135,0.10607,0.097598,0.085919,0.074239,0.063305,0.053116,0.042923,0.033356,0.024412,0.015468,0.0091504,0.0054569,0.0017634,0.0024178,0.0074215,0.012426,0.016995,0.021131,0.025267,0.030791,0.037703,0.044615,0.053061,0.063041,0.073022,0.08407,0.096187,0.1083,0.12087,0.13388,0.14688,0.15567,0.16023,0.16479,0.17257,0.18357,0.19456,0.20455,0.21354,0.22253,0.23262,0.24382,0.25502,0.26686,0.27933,0.2918,0.30465,0.31788,0.33111,0.34407,0.35677,0.36947,0.38127,0.39218,0.40308,0.41263,0.42081,0.42898,0.43585,0.44141,0.44697,0.45158,0.45523,0.45889,0.45984,0.45808,0.45633,0.45505,0.45424,0.45343,0.45467,0.45796,0.46126,0.45919,0.45176,0.44433,0.43423,0.42145,0.40866,0.3942,0.37805,0.36191,0.34677,0.33264,0.31851,0.30743,0.29939,0.29137,0.28325,0.27503,0.26681,0.25805,0.24874,0.23942,0.2301,0.22076,0.21142,0.20393,0.19829,0.19265,0.18637,0.17945,0.17253,0.16634,0.16088,0.15541,0.15111,0.14798,0.14486,0.14464,0.14734,0.15004,0.15338,0.15736,0.16134,0.16626,0.17213,0.178,0.18453,0.1917,0.19888,0.2022,0.20167,0.20115,0.19885,0.19479,0.19073,0.18627,0.1814,0.17653,0.17308,0.17104,0.16901,0.16819,0.1686,0.16901,0.16979,0.17095,0.17211,0.17233,0.17161,0.1709,0.16773,0.16212,0.1565,0.15002,0.14267,0.13533,0.12743,0.11897,0.11051,0.10139,0.091619,0.081843,0.072531,0.063683,0.054836,0.045674,0.036197,0.026721,0.016276,0.0048643,-0.0065488,-0.018911,-0.032222,-0.045533,-0.059317,-0.073574,-0.087831,-0.10134,-0.11409,-0.12684,-0.13813,-0.14794,-0.15776,-0.16644,-0.174,-0.18155,-0.18892,-0.1961,-0.20329,-0.21101,-0.21928,-0.22754,-0.23627,-0.24545,-0.25463,-0.26332,-0.27149,-0.27967,-0.28659,-0.29226,-0.29792,-0.30207,-0.3047,-0.30734,-0.30922,-0.31034,-0.31147,-0.31202,-0.312,-0.31198,-0.31292,-0.31482,-0.31672,-0.31977,-0.32397,-0.32817,-0.27525,-0.16517,-0.055062
0,0,0,0,0.052908,0.053903,0.056742,0.061425,0.066109,0.071265,0.076892,0.082519,0.087745,0.092572,0.097398,0.099432,0.098676,0.097919,0.093657,0.085891,0.078125,0.067418,0.053769,0.040118,0.025469,0.0098229,-0.0058195,-0.020216,-0.033373,-0.046528,-0.058258,-0.068571,-0.078882,-0.089092,-0.099204,-0.10932,-0.11625,-0.12001,-0.12376,-0.12663,-0.1286,-0.13057,-0.1306,-0.1287,-0.1268,-0.1242,-0.1209,-0.11759,-0.11425,-0.11087,-0.10749,-0.10486,-0.10297,-0.10109,-0.099803,-0.09911,-0.098418,-0.096558,-0.093531,-0.090505,-0.085275,-0.077845,-0.070417,-0.060995,-0.049584,-0.038173,-0.026799,-0.01547,-0.0041435,0.0049296,0.011748,0.018565,0.02239,0.023219,0.024046,0.023033,0.02018,0.017326,0.014043,0.010332,0.0066204,0.0024199,-0.0022695,-0.0069588,-0.012883,-0.020043,-0.027202,-0.036066,-0.046633,-0.057201,-0.069284,-0.082875,-0.096467,-0.11059,-0.12525,-0.13991,-0.15345,-0.16586,-0.17827,-0.1885,-0.19655,-0.2046,-0.21055,-0.2144,-0.21826,-0.22054,-0.22126,-0.22198,-0.22247,-0.22275,-0.22303,-0.22244,-0.22099,-0.21955,-0.21615,-0.21081,-0.20547,-0.19811,-0.18874,-0.17937,-0.16802,-0.15469,-0.14137,-0.12683,-0.11107,-0.09532,-0.079387,-0.063275,-0.047161,-0.031615,-0.016643,-0.0016759,0.01265,0.026333,0.040012,0.053454,0.066664,0.079876,0.093217,0.10669,0.12015,0.13369,0.14731,0.16093,0.17412,0.18687,0.19962,0.21129,0.22186,0.23243,0.24081,0.24699,0.25317,0.25884,0.26401,0.26918,0.27352,0.27705,0.28058,0.28374,0.28654,0.28934,0.29186,0.2941,0.29634,0.29778,0.2984,0.29901,0.29796,0.29521,0.29247,0.28736,0.27988,0.2724,0.26163,0.24758,0.23353,0.21918,0.20452,0.18985,0.17526,0.16075,0.14623,0.133,0.12106,0.10911,0.098036,0.087832,0.077629,0.068396,0.060138,0.05188,0.044088,0.036764,0.029439,0.022587,0.016206,0.009824,0.0048193,0.0011916,-0.0024361,-0.0037547,-0.0027632,-0.0017714,0.0021324,0.0089476,0.015762,0.024608,0.035486,0.046365,0.057782,0.069741,0.0817,0.092179,0.10118,0.11018,0.11778,0.12399,0.1302,0.13482,0.13784,0.14086,0.14446,0.14864,0.15281,0.15893,0.167,0.17507,0.1825,0.18929,0.19608,0.20399,0.21301,0.22203,0.22962,0.23578,0.24194,0.24511,0.24529,0.24547,0.24047,0.23028,0.22008,0.20582,0.18748,0.16914,0.14928,0.1279,0.10651,0.085084,0.06361,0.042134,0.024374,0.01033,-0.0037108,-0.0096678,-0.0075397,-0.0054097,-0.0025435,0.001059,0.0034648,0,0,0,0,0,0,0,0,0,0,0,0,0,0,0,0,0,0,0,0,0,0,0,0,0,0,0,0,0,0,0,0,0,0,0,0,0,0,0,0,0,0,0,0,0,0,0,0,-0.013735,-0.014345,-0.014954,-0.015819,-0.016942,-0.018065,-0.017856,-0.016314,-0.014772,-0.010343,-0.0030254,0.0042913,0.012906,0.022819,0.032733,0.042098,0.050915,0.05973,0.067599,0.07452,0.08144,0.088217,0.094852,0.10149,0.10764,0.11331,0.11898,0.12266,0.12434,0.12602,0.12485,0.12081,0.11677,0.11185,0.10606,0.10026,0.09205,0.08142,0.070789,0.060046,0.049188,0.03833,0.029276,0.022025,0.014775,0.0099378,0.0075115,0.005085,0.0064612,0.011641,0.016822,0.023151,0.030629,0.038107,0.045373,0.052429,0.059486,0.068073,0.078192,0.088311,0.099425,0.11153,0.12364,0.13608,0.14884,0.1616,0.1718,0.17942,0.18705,0.19656,0.20795,0.21934,0.22828,0.23478,0.24128,0.2503,0.26185,0.27339,0.28527,0.29747,0.30967,0.32201,0.33449,0.34697,0.35915,0.37102,0.38289,0.39389,0.40401,0.41414,0.42288,0.43024,0.4376,0.44369,0.4485,0.45331,0.45735,0.4606,0.46386,0.4654,0.46523,0.46506,0.46388,0.4617,0.45951,0.45842,0.45843,0.45844,0.45508,0.44836,0.44164,0.43171,0.41855,0.40539,0.39045,0.37373,0.35702,0.34246,0.33007,0.31768,0.3077,0.30014,0.29258,0.28458,0.27615,0.26771,0.25852,0.24857,0.23861,0.22877,0.21905,0.20932,0.20125,0.19483,0.18841,0.18203,0.17567,0.16932,0.16362,0.15857,0.15353,0.14957,0.1467,0.14383,0.14378,0.14655,0.14932,0.15286,0.15716,0.16147,0.16684,0.17329,0.17974,0.18706,0.19525,0.20344,0.20773,0.20811,0.2085,0.20719,0.20418,0.20118,0.19685,0.19119,0.18553,0.18111,0.17792,0.17474,0.17238,0.17086,0.16934,0.1688,0.16925,0.16969,0.16905,0.16731,0.16557,0.16173,0.15578,0.14984,0.14309,0.13553,0.12798,0.11972,0.11075,0.10177,0.091872,0.081043,0.070214,0.059607,0.049222,0.038837,0.028421,0.017972,0.0075237,-0.0038149,-0.016043,-0.02827,-0.040655,-0.053198,-0.06574,-0.078443,-0.091306,-0.10417,-0.11637,-0.1279,-0.13942,-0.14988,-0.15926,-0.16864,-0.17718,-0.18488,-0.19258,-0.20003,-0.20724,-0.21445,-0.22196,-0.22978,-0.2376,-0.24558,-0.25374,-0.26189,-0.26949,-0.27652,-0.28355,-0.28941,-0.2941,-0.29879,-0.30233,-0.30473,-0.30713,-0.30872,-0.3095,-0.31029,-0.3108,-0.31105,-0.3113,-0.31214,-0.31359,-0.31503,-0.31794,-0.3223,-0.32667,-0.27407,-0.16447,-0.054834
0,0,0,0,0.064006,0.065725,0.069177,0.074363,0.079549,0.085377,0.091848,0.09832,0.10439,0.11005,0.11571,0.11832,0.11788,0.11743,0.11274,0.10378,0.094831,0.082894,0.067972,0.053047,0.037175,0.020352,0.0035315,-0.011689,-0.025322,-0.038953,-0.051036,-0.061577,-0.072117,-0.083203,-0.094838,-0.10648,-0.11464,-0.11933,-0.12402,-0.12818,-0.13183,-0.13547,-0.13599,-0.13338,-0.13078,-0.12755,-0.1237,-0.11986,-0.11584,-0.11166,-0.10748,-0.10431,-0.10217,-0.10002,-0.099022,-0.099167,-0.099312,-0.098731,-0.097425,-0.09612,-0.092821,-0.08753,-0.082241,-0.074601,-0.064616,-0.05463,-0.044053,-0.032888,-0.021729,-0.012342,-0.0047239,0.0028943,0.0078569,0.01016,0.012461,0.012907,0.011497,0.010086,0.0081731,0.005759,0.0033446,0.00019156,-0.0037004,-0.0075922,-0.013167,-0.020426,-0.027683,-0.036993,-0.048357,-0.059718,-0.072586,-0.086957,-0.10133,-0.11588,-0.13062,-0.14537,-0.15859,-0.1703,-0.182,-0.19103,-0.19738,-0.20373,-0.20851,-0.21173,-0.21495,-0.21704,-0.218,-0.21896,-0.22,-0.22114,-0.22227,-0.22192,-0.22008,-0.21824,-0.21483,-0.20985,-0.20487,-0.19786,-0.18882,-0.17979,-0.16884,-0.156,-0.14315,-0.12923,-0.11423,-0.099225,-0.084168,-0.069055,-0.053945,-0.039336,-0.02523,-0.01113,0.0025521,0.015819,0.029084,0.042348,0.055617,0.068888,0.082458,0.09632,0.11018,0.12421,0.13839,0.15257,0.16639,0.17985,0.19332,0.20583,0.2174,0.22897,0.23843,0.24579,0.25316,0.25993,0.26612,0.2723,0.27741,0.28143,0.28546,0.28881,0.29148,0.29416,0.29645,0.29837,0.30028,0.30153,0.30211,0.30268,0.30179,0.29941,0.29704,0.29244,0.28563,0.27882,0.26861,0.25499,0.24138,0.22737,0.21295,0.19853,0.184,0.16935,0.15471,0.14114,0.12865,0.11616,0.10427,0.093,0.081726,0.071441,0.062144,0.052848,0.044179,0.036136,0.028094,0.0207,0.013955,0.0072099,0.0019764,-0.0017459,-0.0054682,-0.006727,-0.0055213,-0.0043157,-9.6952e-05,0.007137,0.014371,0.02374,0.035247,0.046753,0.058531,0.070584,0.082636,0.09319,0.10225,0.1113,0.1189,0.12503,0.13116,0.13517,0.13705,0.13893,0.14197,0.14616,0.15036,0.15685,0.16564,0.17443,0.18266,0.19031,0.19797,0.20648,0.21586,0.22523,0.23285,0.23872,0.24459,0.24698,0.24589,0.2448,0.23867,0.2275,0.21632,0.2017,0.18362,0.16555,0.14602,0.12505,0.10408,0.083283,0.062675,0.042067,0.025915,0.014223,0.0025307,-0.0025425,-0.00099462,0.00055416,0.0029017,0.006049,0.0091958,0,0,0,0,0,0,0,0,0,0,0,0,0,0,0,0,0,0,0,0,0,0,0,0,0,0,0,0,0,0,0,0,0,0,0,0,0,0,0,0,0,0,0,0,0,0,0,0,-0.013845,-0.013918,-0.013991,-0.014499,-0.015442,-0.016386,-0.016401,-0.015487,-0.014573,-0.010746,-0.0040045,0.0027376,0.010832,0.020281,0.029731,0.038643,0.047018,0.055394,0.063111,0.070167,0.077222,0.084014,0.090546,0.097077,0.10335,0.10938,0.1154,0.11932,0.12115,0.12298,0.12162,0.11707,0.11252,0.10708,0.10077,0.094449,0.0865,0.076919,0.067338,0.056785,0.04526,0.033736,0.025196,0.019639,0.014083,0.010725,0.0095656,0.0084062,0.010505,0.015862,0.02122,0.029308,0.040126,0.050944,0.059954,0.067155,0.074356,0.083084,0.093341,0.1036,0.11478,0.12688,0.13898,0.15129,0.16381,0.17632,0.18792,0.19861,0.2093,0.22054,0.23232,0.24411,0.25201,0.25602,0.26003,0.26798,0.27987,0.29176,0.30368,0.31561,0.32754,0.33937,0.3511,0.36284,0.37423,0.38527,0.39632,0.40651,0.41585,0.42519,0.43313,0.43968,0.44622,0.45152,0.45559,0.45966,0.46312,0.46597,0.46883,0.47096,0.47237,0.47379,0.47271,0.46915,0.46559,0.46217,0.45889,0.45562,0.45097,0.44496,0.43895,0.42918,0.41565,0.40212,0.38671,0.36941,0.35212,0.33815,0.3275,0.31685,0.30798,0.30089,0.2938,0.28592,0.27727,0.26861,0.25899,0.24839,0.2378,0.22745,0.21733,0.20722,0.19856,0.19137,0.18418,0.17769,0.1719,0.16611,0.1609,0.15627,0.15165,0.14803,0.14542,0.14281,0.14293,0.14576,0.1486,0.15233,0.15697,0.1616,0.16742,0.17444,0.18147,0.18958,0.19879,0.20801,0.21326,0.21455,0.21585,0.21552,0.21357,0.21163,0.20743,0.20098,0.19453,0.18914,0.1848,0.18047,0.17657,0.17312,0.16967,0.16781,0.16754,0.16728,0.16577,0.16301,0.16025,0.15573,0.14945,0.14317,0.13615,0.12839,0.12063,0.112,0.10252,0.093031,0.082348,0.070467,0.058585,0.046683,0.03476,0.022839,0.011167,-0.00025481,-0.011676,-0.023908,-0.036951,-0.049993,-0.062401,-0.074174,-0.085948,-0.097569,-0.10904,-0.12051,-0.1314,-0.1417,-0.15201,-0.16163,-0.17058,-0.17953,-0.18792,-0.19576,-0.2036,-0.21114,-0.21838,-0.22561,-0.23291,-0.24028,-0.24765,-0.2549,-0.26203,-0.26915,-0.27566,-0.28154,-0.28743,-0.29223,-0.29594,-0.29966,-0.3026,-0.30476,-0.30692,-0.30822,-0.30867,-0.30911,-0.30959,-0.3101,-0.31061,-0.31136,-0.31235,-0.31334,-0.31611,-0.32064,-0.32517,-0.27289,-0.16376,-0.054605
0,0,0,0,0.071224,0.074135,0.078756,0.085087,0.091419,0.098506,0.10635,0.11419,0.12126,0.12755,0.13384,0.13654,0.13566,0.13478,0.12916,0.11882,0.10848,0.095236,0.079099,0.062962,0.046155,0.028675,0.011197,-0.0043926,-0.018096,-0.031799,-0.043968,-0.0546,-0.065234,-0.076883,-0.089545,-0.10221,-0.11137,-0.11701,-0.12266,-0.12797,-0.13295,-0.13793,-0.13931,-0.13708,-0.13486,-0.13171,-0.12764,-0.12356,-0.1191,-0.11426,-0.10942,-0.10571,-0.10313,-0.10056,-0.099389,-0.099628,-0.099868,-0.099944,-0.099856,-0.099768,-0.098012,-0.094589,-0.091166,-0.085335,-0.077095,-0.068858,-0.059652,-0.049477,-0.039306,-0.030302,-0.022463,-0.014625,-0.0089477,-0.005433,-0.0019159,0.00012307,0.00068355,0.0012438,0.0012046,0.00056549,-7.4131e-05,-0.0018197,-0.004672,-0.0075241,-0.012682,-0.020146,-0.02761,-0.037592,-0.050091,-0.062588,-0.076525,-0.091896,-0.10727,-0.12229,-0.13696,-0.15164,-0.16427,-0.17484,-0.18542,-0.19327,-0.19838,-0.2035,-0.20709,-0.20916,-0.21123,-0.21286,-0.21407,-0.21527,-0.21657,-0.21795,-0.21934,-0.21916,-0.21742,-0.21569,-0.21252,-0.20791,-0.20331,-0.19665,-0.18794,-0.17923,-0.16869,-0.15634,-0.14398,-0.13071,-0.11654,-0.10237,-0.088248,-0.074185,-0.060124,-0.046458,-0.033186,-0.019918,-0.0068104,0.0061379,0.019084,0.032259,0.045664,0.059074,0.072901,0.087145,0.1014,0.11586,0.13054,0.14522,0.15961,0.17372,0.18782,0.20111,0.21358,0.22605,0.23667,0.24544,0.25422,0.26206,0.26897,0.27588,0.28166,0.28633,0.291,0.29473,0.29754,0.30035,0.30267,0.30448,0.3063,0.30752,0.30814,0.30876,0.30803,0.30594,0.30385,0.29959,0.29316,0.28673,0.27677,0.26328,0.24979,0.23589,0.22157,0.20726,0.19278,0.17814,0.16351,0.14953,0.1362,0.12287,0.11003,0.097653,0.085277,0.073879,0.063464,0.053049,0.043429,0.034604,0.025778,0.017837,0.010779,0.0037204,-0.0016548,-0.005347,-0.0090386,-0.010131,-0.0086232,-0.007115,-0.0025696,0.0050158,0.012603,0.022356,0.034272,0.046188,0.058234,0.070411,0.082587,0.093198,0.10225,0.1113,0.11875,0.12462,0.13048,0.13413,0.13557,0.137,0.13982,0.14402,0.14823,0.15486,0.16392,0.17298,0.18179,0.19033,0.19887,0.20768,0.21677,0.22585,0.2331,0.23853,0.24395,0.24546,0.24306,0.24065,0.23356,0.2218,0.21003,0.19529,0.17757,0.15986,0.14082,0.12047,0.10012,0.080265,0.060904,0.041546,0.026834,0.016771,0.0067075,0.0021804,0.0031906,0.0042022,0.0059795,0.0085236,0.005731,0,0,0,0,0,0,0,0,0,0,0,0,0,0,0,0,0,0,0,0,0,0,0,0,0,0,0,0,0,0,0,0,0,0,0,0,0,0,0,0,0,0,0,0,0,0,-0.0039426,-0.0065711,-0.014767,-0.014533,-0.014298,-0.014472,-0.015055,-0.015638,-0.015623,-0.01501,-0.014397,-0.011091,-0.0050889,0.00091402,0.0083348,0.017175,0.026014,0.034402,0.042339,0.050277,0.057884,0.065162,0.07244,0.079593,0.086626,0.093659,0.10005,0.1058,0.11155,0.11533,0.11713,0.11893,0.11739,0.11252,0.10765,0.1018,0.094976,0.088154,0.080232,0.071209,0.062186,0.052204,0.041264,0.03032,0.022562,0.017988,0.013414,0.011408,0.011972,0.012536,0.015723,0.021536,0.027349,0.036336,0.048498,0.06066,0.071057,0.079687,0.088316,0.097696,0.10783,0.11796,0.129,0.14096,0.15292,0.16509,0.17749,0.18988,0.20224,0.21457,0.2269,0.23916,0.25135,0.26354,0.27194,0.27655,0.28116,0.28887,0.29968,0.31049,0.32188,0.33387,0.34585,0.3574,0.36853,0.37966,0.39026,0.40033,0.41041,0.41961,0.42795,0.43629,0.44332,0.44902,0.45473,0.45932,0.46281,0.46629,0.46932,0.4719,0.47448,0.47683,0.47895,0.48107,0.48029,0.47661,0.47293,0.4681,0.46212,0.45614,0.44998,0.44364,0.43731,0.42728,0.41357,0.39986,0.38443,0.36727,0.35012,0.33673,0.32711,0.31749,0.30912,0.30199,0.29487,0.28673,0.27755,0.26838,0.2582,0.24703,0.23586,0.22506,0.21464,0.20422,0.19519,0.18755,0.17991,0.17341,0.16805,0.16268,0.15796,0.15389,0.14981,0.14669,0.14452,0.14235,0.14258,0.14522,0.14786,0.15153,0.15624,0.16095,0.16698,0.17431,0.18165,0.19032,0.20034,0.21035,0.21651,0.2188,0.22109,0.2218,0.22093,0.22005,0.21624,0.2095,0.20275,0.19678,0.19158,0.18639,0.18145,0.17676,0.17207,0.16894,0.16738,0.16582,0.16307,0.15912,0.15517,0.14979,0.143,0.1362,0.12878,0.12073,0.11268,0.10362,0.093557,0.083493,0.071979,0.059014,0.046049,0.03274,0.019092,0.005443,-0.0079418,-0.021062,-0.03418,-0.047358,-0.060594,-0.073831,-0.085849,-0.096651,-0.10745,-0.1178,-0.12769,-0.13759,-0.14702,-0.15599,-0.16496,-0.17363,-0.18198,-0.19034,-0.19843,-0.20626,-0.21408,-0.22164,-0.22891,-0.23619,-0.24329,-0.25023,-0.25716,-0.26367,-0.26975,-0.27584,-0.28119,-0.2858,-0.2904,-0.29409,-0.29687,-0.29964,-0.30191,-0.30367,-0.30544,-0.30654,-0.30697,-0.3074,-0.30791,-0.30851,-0.3091,-0.3099,-0.31089,-0.31188,-0.31462,-0.3191,-0.32359,-0.27155,-0.16296,-0.054328
0,0,0,0,0.074566,0.079136,0.085481,0.0936,0.10172,0.11065,0.1204,0.13014,0.13836,0.14507,0.15177,0.15409,0.15202,0.14995,0.14294,0.131,0.11905,0.10444,0.087155,0.069872,0.052419,0.034795,0.017173,0.0016763,-0.011694,-0.025067,-0.037052,-0.047644,-0.058239,-0.070136,-0.083328,-0.096521,-0.10643,-0.11305,-0.11968,-0.12598,-0.13196,-0.13794,-0.14056,-0.13981,-0.13905,-0.13669,-0.1327,-0.12872,-0.12404,-0.11868,-0.11331,-0.10904,-0.10587,-0.10269,-0.1009,-0.10049,-0.10009,-0.1002,-0.10082,-0.10145,-0.10085,-0.099022,-0.097194,-0.093195,-0.087027,-0.08086,-0.073596,-0.065238,-0.05688,-0.048959,-0.041478,-0.033998,-0.028024,-0.023552,-0.019082,-0.015318,-0.012259,-0.0092007,-0.0068638,-0.0052497,-0.0036364,-0.0036144,-0.0051844,-0.0067547,-0.011428,-0.019204,-0.026983,-0.037861,-0.051836,-0.065812,-0.081101,-0.097695,-0.11429,-0.12981,-0.14427,-0.15872,-0.17046,-0.1795,-0.18853,-0.19521,-0.19956,-0.2039,-0.20628,-0.20669,-0.2071,-0.20803,-0.20947,-0.21092,-0.21216,-0.21319,-0.21422,-0.21417,-0.21304,-0.2119,-0.20923,-0.20502,-0.2008,-0.1945,-0.1861,-0.1777,-0.16757,-0.15571,-0.14386,-0.13129,-0.11802,-0.10474,-0.091625,-0.078661,-0.065697,-0.052978,-0.040508,-0.028039,-0.015438,-0.0027107,0.010015,0.023187,0.036808,0.05043,0.064549,0.079163,0.093782,0.10865,0.12377,0.13889,0.15379,0.16846,0.18312,0.1971,0.21039,0.22368,0.23553,0.24594,0.25635,0.26522,0.27256,0.27989,0.28628,0.29174,0.29719,0.30152,0.30473,0.30793,0.3105,0.31245,0.31439,0.31574,0.31649,0.31725,0.31668,0.3148,0.31292,0.30881,0.30247,0.29612,0.28611,0.27243,0.25876,0.24474,0.23038,0.21603,0.20161,0.18711,0.17262,0.15816,0.14371,0.12927,0.1153,0.10179,0.088276,0.075714,0.064098,0.052482,0.041838,0.032166,0.022495,0.013998,0.006676,-0.00064601,-0.0060752,-0.0096115,-0.013147,-0.013966,-0.012068,-0.010169,-0.0052856,0.0025862,0.01046,0.020451,0.032561,0.044671,0.056892,0.069222,0.08155,0.092202,0.10118,0.11015,0.11735,0.12276,0.12817,0.13172,0.1334,0.13508,0.13802,0.14222,0.14642,0.15296,0.16184,0.17072,0.17989,0.18934,0.19878,0.20758,0.21573,0.22388,0.23038,0.23521,0.24004,0.24057,0.2368,0.23303,0.22515,0.21319,0.20122,0.1866,0.16934,0.15207,0.13368,0.11416,0.094652,0.076028,0.058299,0.040572,0.027129,0.017974,0.0088198,0.0045005,0.0050173,0.0055357,0.0066915,0.0084848,0,0,0,0,0,0,0,0,0,0,0,0,0,0,0,0,0,0,0,0,0,0,0,0,0,0,0,0,0,0,0,0,0,0,0,0,0,0,0,0,0,0,0,0,0,0,0,-0.0083278,-0.013881,-0.016501,-0.016189,-0.015876,-0.01574,-0.015781,-0.015822,-0.015523,-0.014884,-0.014244,-0.011376,-0.006277,-0.0011766,0.0054145,0.013499,0.021583,0.029374,0.036875,0.044376,0.051919,0.059505,0.067091,0.074953,0.083093,0.091232,0.097732,0.10259,0.10745,0.11068,0.11227,0.11386,0.11216,0.10715,0.10215,0.095992,0.088685,0.081377,0.073247,0.064291,0.055336,0.046304,0.037195,0.028084,0.021376,0.017072,0.012768,0.011988,0.01473,0.017473,0.022117,0.028662,0.035208,0.044236,0.055746,0.067258,0.078684,0.090025,0.10137,0.11191,0.12165,0.13139,0.1421,0.15377,0.16544,0.17748,0.18989,0.20229,0.21476,0.2273,0.23984,0.25242,0.26502,0.27762,0.28807,0.29637,0.30467,0.31297,0.32127,0.32956,0.33989,0.35225,0.36461,0.37612,0.38678,0.39745,0.40725,0.41621,0.42516,0.43319,0.44032,0.44744,0.45343,0.45828,0.46313,0.46709,0.47015,0.47321,0.47596,0.47839,0.48083,0.48302,0.48496,0.48691,0.48661,0.48407,0.48154,0.47622,0.46811,0.46001,0.4521,0.44441,0.43671,0.42601,0.41231,0.39862,0.38361,0.3673,0.35099,0.33819,0.32889,0.31959,0.31111,0.30346,0.29581,0.28699,0.277,0.26701,0.25617,0.24448,0.23279,0.22162,0.21097,0.20032,0.19112,0.18337,0.17562,0.1692,0.16412,0.15904,0.1548,0.15142,0.14803,0.14556,0.144,0.14244,0.14275,0.14492,0.14709,0.15045,0.15499,0.15953,0.1655,0.17289,0.18028,0.18928,0.19988,0.21048,0.21747,0.22085,0.22423,0.22603,0.22624,0.22646,0.22329,0.21674,0.21018,0.20403,0.19826,0.1925,0.18701,0.18177,0.17654,0.1722,0.16876,0.16532,0.16095,0.15564,0.15033,0.14393,0.13642,0.12892,0.12096,0.11254,0.10413,0.094572,0.083864,0.073156,0.060764,0.046685,0.032606,0.017782,0.0022159,-0.013351,-0.028905,-0.044446,-0.059988,-0.074163,-0.086972,-0.099781,-0.111,-0.12063,-0.13026,-0.13914,-0.14727,-0.1554,-0.16323,-0.17076,-0.1783,-0.18587,-0.19347,-0.20107,-0.20871,-0.21636,-0.22402,-0.23152,-0.23885,-0.24618,-0.2531,-0.25961,-0.26612,-0.27189,-0.27693,-0.28196,-0.28608,-0.28928,-0.29248,-0.29501,-0.29687,-0.29873,-0.30027,-0.30148,-0.30269,-0.30366,-0.3044,-0.30514,-0.30576,-0.30626,-0.30676,-0.30774,-0.30919,-0.31064,-0.31347,-0.3177,-0.32193,-0.27006,-0.16206,-0.054033
0,0,0,0,0.077909,0.084138,0.092205,0.10211,0.11202,0.1228,0.13444,0.14608,0.15547,0.16258,0.1697,0.17163,0.16838,0.16513,0.15673,0.14318,0.12963,0.11364,0.095209,0.076782,0.058686,0.040917,0.023149,0.0077456,-0.0052954,-0.018335,-0.030133,-0.040691,-0.05125,-0.063391,-0.077112,-0.090832,-0.10149,-0.10909,-0.1167,-0.12399,-0.13097,-0.13796,-0.14181,-0.14253,-0.14325,-0.14166,-0.13776,-0.13387,-0.12898,-0.12309,-0.1172,-0.11237,-0.1086,-0.10483,-0.10241,-0.10136,-0.1003,-0.10045,-0.10179,-0.10314,-0.10369,-0.10345,-0.10322,-0.10105,-0.096956,-0.09286,-0.087538,-0.080996,-0.074454,-0.067619,-0.060495,-0.053373,-0.047097,-0.041671,-0.03625,-0.03076,-0.025201,-0.019644,-0.014933,-0.011065,-0.0071989,-0.00541,-0.0056978,-0.0059859,-0.010175,-0.018265,-0.026357,-0.03813,-0.053583,-0.069039,-0.085678,-0.1035,-0.12131,-0.13734,-0.15157,-0.1658,-0.17666,-0.18415,-0.19164,-0.19716,-0.20073,-0.2043,-0.20546,-0.20421,-0.20297,-0.20319,-0.20488,-0.20657,-0.20775,-0.20843,-0.20911,-0.20918,-0.20865,-0.20812,-0.20594,-0.20212,-0.1983,-0.19234,-0.18425,-0.17617,-0.16644,-0.15509,-0.14373,-0.13187,-0.11949,-0.10712,-0.094998,-0.083133,-0.071268,-0.059499,-0.047828,-0.036159,-0.024071,-0.01156,0.00094884,0.014119,0.027952,0.041785,0.056197,0.071183,0.086171,0.10144,0.117,0.13256,0.14796,0.16319,0.17843,0.1931,0.2072,0.22131,0.23439,0.24644,0.25849,0.26839,0.27615,0.28391,0.2909,0.29715,0.30339,0.30831,0.31191,0.31551,0.31834,0.32041,0.32248,0.32396,0.32485,0.32573,0.32534,0.32366,0.32199,0.31803,0.31177,0.30552,0.29546,0.28159,0.26773,0.25359,0.23919,0.2248,0.21043,0.19608,0.18173,0.16678,0.15123,0.13567,0.12056,0.10592,0.091278,0.07755,0.064732,0.051914,0.040247,0.029729,0.019212,0.01016,0.0025731,-0.0050137,-0.010497,-0.013876,-0.017255,-0.017801,-0.015513,-0.013224,-0.0080017,0.00015705,0.008317,0.018548,0.030851,0.043156,0.055549,0.068032,0.080512,0.091204,0.10011,0.10901,0.11594,0.1209,0.12586,0.12931,0.13124,0.13317,0.13623,0.14042,0.14461,0.15105,0.15976,0.16846,0.17799,0.18834,0.1987,0.20748,0.2147,0.22192,0.22765,0.23189,0.23613,0.23569,0.23055,0.2254,0.21675,0.20457,0.1924,0.17791,0.1611,0.14429,0.12654,0.10786,0.089179,0.071788,0.055691,0.039595,0.027424,0.019177,0.01093,0.0068188,0.0068433,0.0068688,0.0074031,0.0084463,0,0,0,0,0,0,0,0,0,0,0,0,0,0,0,0,0,0,0,0,0,0,0,0,0,0,0,0,0,0,0,0,0,0,0,0,0,0,0,0,0,0,0,0,0,0,0,-0.0092134,-0.015358,-0.018234,-0.017844,-0.017453,-0.017007,-0.016507,-0.016006,-0.015423,-0.014758,-0.014092,-0.011662,-0.0074663,-0.0032693,0.0024921,0.009822,0.017152,0.024346,0.031411,0.038476,0.045954,0.053847,0.061741,0.070314,0.07956,0.088804,0.095414,0.099386,0.10336,0.10603,0.10741,0.1088,0.10692,0.10179,0.09665,0.090186,0.082394,0.074601,0.066261,0.057374,0.048487,0.040405,0.033126,0.025847,0.020191,0.016157,0.012124,0.012568,0.017489,0.02241,0.028509,0.035787,0.043066,0.052135,0.062993,0.073853,0.08631,0.10036,0.11442,0.12612,0.13547,0.14482,0.15519,0.16658,0.17797,0.18987,0.20228,0.2147,0.22728,0.24003,0.25279,0.26567,0.27869,0.2917,0.3042,0.31619,0.32818,0.33707,0.34285,0.34864,0.3579,0.37063,0.38336,0.39483,0.40503,0.41523,0.42425,0.43208,0.43991,0.44678,0.45268,0.45859,0.46354,0.46754,0.47154,0.47486,0.4775,0.48014,0.4826,0.48489,0.48717,0.4892,0.49097,0.49275,0.49293,0.49153,0.49014,0.48432,0.4741,0.46387,0.45422,0.44517,0.43611,0.42474,0.41106,0.39738,0.3828,0.36733,0.35187,0.33964,0.33066,0.32168,0.3131,0.30492,0.29675,0.28726,0.27645,0.26564,0.25413,0.24192,0.22971,0.21817,0.2073,0.19642,0.18706,0.17919,0.17132,0.16499,0.16019,0.15539,0.15164,0.14894,0.14625,0.14442,0.14348,0.14253,0.14291,0.14462,0.14633,0.14937,0.15374,0.15811,0.16402,0.17147,0.17892,0.18823,0.19942,0.2106,0.21843,0.2229,0.22736,0.23025,0.23156,0.23287,0.23034,0.22398,0.21762,0.21128,0.20495,0.19862,0.19257,0.18679,0.18102,0.17547,0.17014,0.16482,0.15883,0.15216,0.1455,0.13806,0.12985,0.12163,0.11314,0.10436,0.095589,0.085525,0.074172,0.062819,0.049548,0.034356,0.019162,0.0028223,-0.014661,-0.032145,-0.049869,-0.067831,-0.085795,-0.10097,-0.11335,-0.12573,-0.13615,-0.1446,-0.15306,-0.16047,-0.16684,-0.17321,-0.17944,-0.18554,-0.19163,-0.1981,-0.20496,-0.21181,-0.21898,-0.22647,-0.23396,-0.2414,-0.24879,-0.25618,-0.26291,-0.269,-0.27508,-0.28011,-0.2841,-0.28808,-0.29097,-0.29276,-0.29456,-0.29593,-0.29688,-0.29783,-0.29863,-0.29928,-0.29994,-0.30079,-0.30184,-0.30289,-0.30362,-0.30402,-0.30443,-0.30558,-0.30749,-0.30939,-0.31233,-0.31629,-0.32026,-0.26856,-0.16116,-0.053737
0,0,0,0,0.084611,0.089986,0.098259,0.10943,0.1206,0.13278,0.14596,0.15914,0.1694,0.17674,0.18407,0.18556,0.18119,0.17683,0.16723,0.15241,0.13759,0.12078,0.10197,0.083159,0.064936,0.047307,0.029679,0.014533,0.0018682,-0.010795,-0.022599,-0.033545,-0.044492,-0.056827,-0.070552,-0.08428,-0.095598,-0.10451,-0.11342,-0.12187,-0.12987,-0.13786,-0.14268,-0.14431,-0.14595,-0.14509,-0.14174,-0.1384,-0.13371,-0.12767,-0.12164,-0.11649,-0.11224,-0.10799,-0.10499,-0.10323,-0.10147,-0.10131,-0.10277,-0.10422,-0.10534,-0.10613,-0.10692,-0.10622,-0.10402,-0.10183,-0.098461,-0.093926,-0.089393,-0.084089,-0.078015,-0.071944,-0.065936,-0.059998,-0.054063,-0.047341,-0.039836,-0.03233,-0.025405,-0.019061,-0.012718,-0.0090666,-0.0081059,-0.0071451,-0.01086,-0.019252,-0.027644,-0.040233,-0.057019,-0.073806,-0.091614,-0.11044,-0.12927,-0.1456,-0.15944,-0.17327,-0.18312,-0.18897,-0.19482,-0.1989,-0.2012,-0.2035,-0.20337,-0.2008,-0.19824,-0.19758,-0.19883,-0.20008,-0.20106,-0.20178,-0.20249,-0.2029,-0.203,-0.20309,-0.20146,-0.1981,-0.19474,-0.18921,-0.18152,-0.17382,-0.16459,-0.15384,-0.14309,-0.13197,-0.12049,-0.10901,-0.097804,-0.086875,-0.075944,-0.064959,-0.053918,-0.042878,-0.031182,-0.018828,-0.0064724,0.0067134,0.02073,0.034746,0.049391,0.064662,0.079932,0.095509,0.11139,0.12729,0.14309,0.15881,0.17452,0.18982,0.20468,0.21955,0.23366,0.24701,0.26036,0.2715,0.28042,0.28934,0.29715,0.30385,0.31055,0.31601,0.32025,0.32449,0.32779,0.33015,0.33251,0.33418,0.33516,0.33614,0.3358,0.33413,0.33246,0.32844,0.32207,0.3157,0.30568,0.29199,0.27829,0.2641,0.2494,0.23471,0.21993,0.20506,0.19019,0.17451,0.15802,0.14153,0.12545,0.10978,0.094105,0.079321,0.065415,0.051511,0.038902,0.027584,0.016266,0.0066737,-0.0011963,-0.0090679,-0.014651,-0.017946,-0.021242,-0.021601,-0.019022,-0.016442,-0.010982,-0.0026384,0.0057049,0.016065,0.028445,0.040826,0.053314,0.065914,0.078513,0.089292,0.098255,0.10722,0.11402,0.11868,0.12333,0.12657,0.12839,0.13022,0.13317,0.13724,0.14132,0.14775,0.15653,0.16531,0.17526,0.18639,0.19752,0.20644,0.21317,0.2199,0.22485,0.22803,0.2312,0.22987,0.22402,0.21818,0.20914,0.19689,0.18465,0.17032,0.1539,0.13748,0.12021,0.10208,0.083944,0.067356,0.052313,0.037269,0.026036,0.018609,0.011181,0.0074531,0.0074248,0.0073975,0.0077066,0.0083522,0,0,0,0,0,0,0,0,0,0,0,0,0,0,0,0,0,0,0,0,0,0,0,0,0,0,0,0,0,0,0,0,0,0,0,0,0,0,0,0,0,0,0,0,0,0,0,-0.0080471,-0.013413,-0.015916,-0.015558,-0.0152,-0.015319,-0.015918,-0.016516,-0.016498,-0.015865,-0.015231,-0.013249,-0.0099185,-0.0065867,-0.0015973,0.0050538,0.011707,0.01824,0.024659,0.03108,0.038285,0.046279,0.054275,0.063342,0.073479,0.083616,0.090833,0.095128,0.099421,0.10199,0.10284,0.1037,0.10146,0.096144,0.090824,0.084078,0.075906,0.067734,0.059315,0.050653,0.04199,0.034777,0.029016,0.023255,0.018949,0.016098,0.013248,0.014585,0.020108,0.025631,0.032574,0.040936,0.049299,0.058819,0.069498,0.080177,0.093117,0.10832,0.12353,0.13559,0.14451,0.15342,0.16426,0.17702,0.18978,0.20233,0.21468,0.22704,0.23968,0.25262,0.26556,0.27871,0.29205,0.30539,0.31907,0.33308,0.34709,0.35644,0.36113,0.36582,0.37483,0.38818,0.40152,0.41321,0.42325,0.43329,0.44177,0.44869,0.45562,0.4609,0.46454,0.46819,0.47167,0.475,0.47832,0.48163,0.48493,0.48823,0.49087,0.49285,0.49483,0.49644,0.49767,0.49889,0.49881,0.4974,0.496,0.48994,0.47922,0.4685,0.45772,0.44688,0.43604,0.42397,0.41065,0.39734,0.38347,0.36904,0.35461,0.34283,0.33369,0.32454,0.31545,0.3064,0.29735,0.28698,0.27528,0.26359,0.2514,0.23869,0.22599,0.21394,0.20255,0.19115,0.18151,0.17363,0.16575,0.15953,0.15498,0.15043,0.14711,0.14503,0.14295,0.14176,0.14147,0.14117,0.14184,0.14347,0.14511,0.14801,0.1522,0.15638,0.16212,0.16941,0.1767,0.18605,0.19746,0.20887,0.21729,0.22271,0.22813,0.23218,0.23488,0.23757,0.23644,0.23149,0.22654,0.22079,0.21423,0.20766,0.20108,0.19447,0.18787,0.18098,0.17382,0.16665,0.15888,0.1505,0.14211,0.13349,0.12463,0.11577,0.10664,0.097232,0.087828,0.077016,0.064797,0.052579,0.038014,0.021103,0.0041915,-0.013864,-0.033061,-0.052258,-0.071545,-0.090919,-0.11029,-0.12615,-0.13849,-0.15083,-0.16074,-0.16823,-0.17571,-0.18188,-0.18671,-0.19155,-0.19638,-0.20121,-0.20604,-0.21151,-0.21762,-0.22372,-0.23032,-0.2374,-0.24448,-0.25153,-0.25854,-0.26554,-0.27173,-0.2771,-0.28247,-0.2866,-0.28948,-0.29236,-0.29413,-0.29479,-0.29546,-0.29588,-0.29608,-0.29627,-0.29657,-0.29699,-0.2974,-0.29816,-0.29927,-0.30038,-0.30118,-0.30168,-0.30217,-0.30341,-0.30539,-0.30738,-0.31047,-0.31467,-0.31887,-0.26748,-0.16051,-0.053526
0,0,0,0,0.094671,0.096681,0.10364,0.11556,0.12747,0.14061,0.15496,0.16932,0.18017,0.18753,0.19488,0.19586,0.19045,0.18505,0.17447,0.15871,0.14295,0.12586,0.10743,0.088999,0.071175,0.053972,0.036764,0.022039,0.0097988,-0.002446,-0.014448,-0.026208,-0.037969,-0.05045,-0.063653,-0.076859,-0.08874,-0.099299,-0.10986,-0.11964,-0.12865,-0.13765,-0.14316,-0.14515,-0.14715,-0.14698,-0.14464,-0.1423,-0.13822,-0.13241,-0.12661,-0.1214,-0.11679,-0.11219,-0.10863,-0.1061,-0.10358,-0.1028,-0.10375,-0.1047,-0.10579,-0.10704,-0.10829,-0.10869,-0.10823,-0.10776,-0.10637,-0.10403,-0.1017,-0.09837,-0.09404,-0.089712,-0.084541,-0.078531,-0.072522,-0.065066,-0.056165,-0.047259,-0.038283,-0.029238,-0.020195,-0.014585,-0.012407,-0.01023,-0.013481,-0.022162,-0.030843,-0.044168,-0.062138,-0.080109,-0.098907,-0.11853,-0.13815,-0.1546,-0.16786,-0.18113,-0.18983,-0.19396,-0.19809,-0.20042,-0.20096,-0.2015,-0.2,-0.19646,-0.19292,-0.19121,-0.19134,-0.19147,-0.1921,-0.19324,-0.19438,-0.19532,-0.19607,-0.19682,-0.19579,-0.19297,-0.19014,-0.18512,-0.17789,-0.17066,-0.16202,-0.15197,-0.14192,-0.1316,-0.12101,-0.11041,-0.10004,-0.089885,-0.079727,-0.069356,-0.058777,-0.048197,-0.036774,-0.024513,-0.012251,0.00096516,0.015136,0.029308,0.044129,0.059599,0.075067,0.090852,0.10696,0.12306,0.13918,0.1553,0.17142,0.18726,0.20283,0.21839,0.23333,0.24765,0.26197,0.27454,0.28537,0.2962,0.30503,0.31185,0.31867,0.32464,0.32975,0.33487,0.33883,0.34165,0.34447,0.3464,0.34744,0.34848,0.34806,0.34619,0.34432,0.34004,0.33337,0.32668,0.31676,0.30361,0.29045,0.27625,0.26101,0.24576,0.23011,0.21405,0.19798,0.18133,0.1641,0.14686,0.12994,0.11335,0.096757,0.081025,0.066148,0.051272,0.037802,0.025731,0.013662,0.0035411,-0.0046333,-0.012808,-0.018537,-0.021822,-0.025107,-0.025364,-0.022593,-0.019822,-0.014225,-0.0058018,0.0026225,0.013003,0.025339,0.037676,0.050184,0.062868,0.075551,0.086468,0.095625,0.10478,0.1116,0.11609,0.12057,0.12349,0.12486,0.12623,0.12884,0.1327,0.13656,0.14304,0.15215,0.16127,0.17171,0.18348,0.19525,0.20447,0.21115,0.21783,0.22199,0.22361,0.22524,0.22312,0.21724,0.21136,0.20233,0.19015,0.17797,0.16383,0.14775,0.13166,0.11468,0.096812,0.078943,0.062728,0.048164,0.0336,0.02297,0.016271,0.0095723,0.0064025,0.0067622,0.0071222,0.0076023,0.0082025,0,0,0,0,0,0,0,0,0,0,0,0,0,0,0,0,0,0,0,0,0,0,0,0,0,0,0,0,0,0,0,0,0,0,0,0,0,0,0,0,0,0,0,0,0,0,0,-0.0032189,-0.005365,-0.0063666,-0.006223,-0.0060793,-0.0064994,-0.014015,-0.017351,-0.018748,-0.018205,-0.017662,-0.016138,-0.013634,-0.011129,-0.0068531,-0.00080358,0.0052477,0.011054,0.01662,0.022186,0.028911,0.036798,0.044688,0.054039,0.064851,0.075666,0.083989,0.089819,0.095649,0.098564,0.098564,0.098564,0.095785,0.090228,0.08467,0.077668,0.069221,0.060775,0.05241,0.044127,0.035844,0.029423,0.024863,0.020305,0.017648,0.016894,0.01614,0.018038,0.022588,0.027138,0.034313,0.04411,0.053907,0.064291,0.07526,0.086229,0.099109,0.11391,0.1287,0.14032,0.14875,0.15719,0.16929,0.18508,0.20086,0.21487,0.22709,0.23932,0.25197,0.26507,0.27817,0.29151,0.3051,0.31869,0.33266,0.34703,0.3614,0.37109,0.37609,0.3811,0.3907,0.40489,0.41909,0.43128,0.44145,0.45161,0.45981,0.46605,0.47228,0.47557,0.4759,0.47623,0.47782,0.48065,0.48348,0.48742,0.49245,0.49748,0.50076,0.50228,0.5038,0.50472,0.50504,0.50535,0.50424,0.50169,0.49913,0.49307,0.48349,0.47391,0.4626,0.44956,0.43651,0.42369,0.4111,0.39851,0.38562,0.37243,0.35923,0.34774,0.33796,0.32817,0.31814,0.30788,0.29761,0.28616,0.27351,0.26086,0.24796,0.23479,0.22162,0.20893,0.19671,0.18449,0.17449,0.16669,0.1589,0.15283,0.14849,0.14415,0.14121,0.13968,0.13814,0.13757,0.13797,0.13837,0.13954,0.14148,0.14342,0.14638,0.15036,0.15434,0.15979,0.16671,0.17363,0.18273,0.194,0.20527,0.21403,0.22028,0.22652,0.23183,0.23619,0.24056,0.24158,0.23927,0.23695,0.23256,0.2261,0.21963,0.21254,0.20482,0.1971,0.18875,0.17979,0.17082,0.16111,0.15063,0.14016,0.13021,0.12077,0.11133,0.10145,0.091152,0.08085,0.069045,0.055738,0.042433,0.026164,0.0069289,-0.012305,-0.032276,-0.052983,-0.073689,-0.093931,-0.11371,-0.13348,-0.14971,-0.1624,-0.17509,-0.18479,-0.1915,-0.19822,-0.20334,-0.20688,-0.21042,-0.21405,-0.21779,-0.22153,-0.22608,-0.23144,-0.23681,-0.24271,-0.24916,-0.2556,-0.26191,-0.26809,-0.27428,-0.27955,-0.28392,-0.2883,-0.29135,-0.29307,-0.2948,-0.29557,-0.29537,-0.29517,-0.29487,-0.29446,-0.29406,-0.2941,-0.29459,-0.29508,-0.29579,-0.29671,-0.29762,-0.29846,-0.29923,-0.29999,-0.30122,-0.30291,-0.30461,-0.30792,-0.31283,-0.31775,-0.26685,-0.16013,-0.0534
0,0,0,0,0.10473,0.10338,0.10903,0.12168,0.13434,0.14843,0.16396,0.17949,0.19095,0.19832,0.20569,0.20616,0.19972,0.19328,0.18171,0.16501,0.14831,0.13094,0.11289,0.094837,0.077419,0.060638,0.043852,0.029545,0.017725,0.0059058,-0.0062933,-0.018869,-0.031445,-0.044074,-0.056757,-0.069439,-0.081882,-0.094087,-0.10629,-0.11741,-0.12743,-0.13744,-0.14363,-0.14599,-0.14836,-0.14887,-0.14753,-0.1462,-0.14274,-0.13716,-0.13158,-0.12631,-0.12134,-0.11638,-0.11226,-0.10898,-0.1057,-0.10428,-0.10473,-0.10518,-0.10625,-0.10796,-0.10966,-0.11115,-0.11243,-0.1137,-0.11427,-0.11414,-0.11401,-0.11265,-0.11006,-0.10748,-0.10315,-0.097065,-0.090982,-0.082791,-0.072493,-0.062189,-0.051164,-0.039419,-0.027676,-0.020107,-0.01671,-0.013317,-0.016106,-0.025074,-0.034044,-0.048105,-0.067259,-0.086416,-0.1062,-0.12662,-0.14703,-0.16359,-0.17629,-0.18899,-0.19654,-0.19895,-0.20136,-0.20195,-0.20072,-0.19949,-0.19662,-0.19211,-0.1876,-0.18484,-0.18385,-0.18285,-0.18314,-0.1847,-0.18626,-0.18774,-0.18915,-0.19055,-0.19011,-0.18783,-0.18554,-0.18102,-0.17426,-0.1675,-0.15945,-0.15011,-0.14076,-0.13124,-0.12153,-0.11182,-0.10228,-0.092893,-0.083508,-0.073754,-0.063633,-0.053513,-0.042368,-0.030199,-0.018031,-0.0047825,0.0095435,0.02387,0.038868,0.054536,0.070203,0.086198,0.10252,0.11884,0.13527,0.15179,0.16831,0.18471,0.20097,0.21724,0.23301,0.2483,0.26358,0.27759,0.29032,0.30306,0.3129,0.31985,0.3268,0.33327,0.33926,0.34525,0.34988,0.35316,0.35643,0.35862,0.35972,0.36082,0.36033,0.35826,0.35618,0.35165,0.34466,0.33767,0.32786,0.31523,0.3026,0.2884,0.2726,0.25681,0.24028,0.22303,0.20578,0.18816,0.17017,0.15218,0.13443,0.11692,0.099409,0.082728,0.06688,0.051032,0.036701,0.023879,0.011058,0.00040958,-0.0080691,-0.016547,-0.022424,-0.025698,-0.028971,-0.029127,-0.026166,-0.023203,-0.01747,-0.0089666,-0.00046209,0.0099373,0.022231,0.034526,0.047055,0.059822,0.072588,0.083643,0.092995,0.10235,0.10918,0.1135,0.11781,0.12042,0.12133,0.12224,0.12451,0.12815,0.13179,0.13833,0.14778,0.15722,0.16815,0.18056,0.19298,0.2025,0.20913,0.21576,0.21912,0.2192,0.21928,0.21637,0.21045,0.20454,0.19552,0.1834,0.17128,0.15735,0.14159,0.12583,0.10915,0.091548,0.073943,0.058098,0.044013,0.02993,0.019904,0.013934,0.0079638,0.0053521,0.0060993,0.0068468,0.0074978,0.0080523,0,0,0,0,0,0,0,0,0,0,0,0,0,0,0,0,0,0,0,0,0,0,0,0,0,0,0,0,0,0,0,0,0,0,0,0,0,0,0,0,0,0,0,0,0,0,0,0,0,0,0,0,0,-0.0065316,-0.0088846,-0.020996,-0.020544,-0.02009,-0.019025,-0.017347,-0.01567,-0.012108,-0.0066598,-0.0012121,0.0038667,0.0085799,0.013292,0.019537,0.02732,0.035102,0.044738,0.056226,0.067714,0.077144,0.08451,0.091876,0.095134,0.094282,0.09343,0.090106,0.084312,0.078516,0.071258,0.062537,0.053817,0.045505,0.037601,0.029698,0.024068,0.020711,0.017356,0.016348,0.017689,0.019031,0.02149,0.025067,0.028646,0.036051,0.047282,0.058514,0.069759,0.08102,0.092278,0.1051,0.11949,0.13388,0.14505,0.153,0.16095,0.17433,0.19314,0.21194,0.2274,0.2395,0.25159,0.26427,0.27752,0.29077,0.30431,0.31815,0.33198,0.34626,0.36099,0.37571,0.38574,0.39106,0.39638,0.40656,0.42161,0.43666,0.44934,0.45964,0.46994,0.47786,0.48341,0.48895,0.49024,0.48726,0.48428,0.48396,0.4863,0.48865,0.4932,0.49997,0.50674,0.51065,0.51171,0.51277,0.513,0.51241,0.51181,0.50966,0.50596,0.50227,0.4962,0.48776,0.47932,0.46748,0.45223,0.43698,0.42342,0.41156,0.39969,0.38778,0.37581,0.36385,0.35266,0.34223,0.3318,0.32084,0.30936,0.29788,0.28533,0.27173,0.25813,0.24452,0.23088,0.21725,0.20391,0.19088,0.17784,0.16746,0.15975,0.15204,0.14612,0.142,0.13787,0.13532,0.13433,0.13333,0.13338,0.13447,0.13556,0.13724,0.13949,0.14174,0.14475,0.14853,0.1523,0.15747,0.16401,0.17056,0.1794,0.19054,0.20167,0.21077,0.21784,0.22491,0.23147,0.23751,0.24355,0.24672,0.24704,0.24736,0.24433,0.23797,0.2316,0.224,0.21516,0.20633,0.19652,0.18576,0.17499,0.16333,0.15078,0.13822,0.12693,0.11691,0.10688,0.096273,0.085072,0.073871,0.061074,0.046679,0.032285,0.014311,-0.0072448,-0.028802,-0.050689,-0.072904,-0.09512,-0.11632,-0.13649,-0.15667,-0.17328,-0.18631,-0.19934,-0.20883,-0.21478,-0.22072,-0.22481,-0.22705,-0.22928,-0.23172,-0.23437,-0.23701,-0.24065,-0.24527,-0.24989,-0.25511,-0.26091,-0.26671,-0.27229,-0.27765,-0.28301,-0.28738,-0.29075,-0.29412,-0.29609,-0.29667,-0.29724,-0.297,-0.29594,-0.29488,-0.29385,-0.29285,-0.29185,-0.29163,-0.2922,-0.29277,-0.29341,-0.29414,-0.29486,-0.29574,-0.29678,-0.29781,-0.29903,-0.30043,-0.30184,-0.30536,-0.31099,-0.31663,-0.26623,-0.15976,-0.053268
0,0,0,0,0.11368,0.1115,0.11672,0.12934,0.14196,0.15605,0.17161,0.18717,0.19848,0.20553,0.21258,0.21259,0.20555,0.19852,0.18662,0.16985,0.15307,0.13597,0.11852,0.10108,0.084235,0.067992,0.051748,0.037756,0.026018,0.014287,0.0020021,-0.010839,-0.023677,-0.036624,-0.049675,-0.062725,-0.075896,-0.08919,-0.10249,-0.11442,-0.125,-0.13558,-0.14274,-0.1465,-0.15026,-0.15204,-0.15185,-0.15166,-0.14907,-0.14407,-0.13907,-0.13378,-0.12818,-0.12259,-0.11776,-0.11368,-0.1096,-0.10737,-0.107,-0.10663,-0.10728,-0.10894,-0.11061,-0.11269,-0.11518,-0.11767,-0.11983,-0.12167,-0.12351,-0.12402,-0.12319,-0.12236,-0.11908,-0.11334,-0.1076,-0.099144,-0.087973,-0.076798,-0.0646,-0.051379,-0.038159,-0.029397,-0.025098,-0.020803,-0.023136,-0.032099,-0.041065,-0.055342,-0.074934,-0.094528,-0.11457,-0.13507,-0.15556,-0.17176,-0.18367,-0.19557,-0.20197,-0.20285,-0.20374,-0.20258,-0.19936,-0.19615,-0.19183,-0.18641,-0.18099,-0.17726,-0.17521,-0.17316,-0.17308,-0.17497,-0.17686,-0.17896,-0.18127,-0.18358,-0.18387,-0.18216,-0.18044,-0.17651,-0.17037,-0.16422,-0.15687,-0.1483,-0.13974,-0.13099,-0.12206,-0.11313,-0.10423,-0.095366,-0.086501,-0.077121,-0.067223,-0.057327,-0.04631,-0.034167,-0.022024,-0.0087509,0.0056503,0.020051,0.035138,0.050909,0.066681,0.082804,0.099282,0.11576,0.13244,0.14932,0.1662,0.18311,0.20004,0.21698,0.23354,0.24974,0.26594,0.28114,0.29534,0.30954,0.32072,0.32888,0.33704,0.34463,0.35166,0.35869,0.36413,0.36799,0.37184,0.37432,0.37542,0.37652,0.37583,0.37335,0.37086,0.36587,0.35837,0.35087,0.34054,0.32738,0.31422,0.29953,0.28331,0.2671,0.25007,0.23222,0.21438,0.19604,0.1772,0.15837,0.13973,0.12129,0.10286,0.085286,0.06859,0.051895,0.036778,0.023237,0.0096972,-0.0015736,-0.010577,-0.019581,-0.0258,-0.029232,-0.032665,-0.03293,-0.030028,-0.027125,-0.021457,-0.013023,-0.0045896,0.0057402,0.017969,0.0302,0.042749,0.055615,0.06848,0.079685,0.089235,0.098785,0.10566,0.10987,0.11407,0.11656,0.11732,0.11808,0.12005,0.12322,0.12638,0.1328,0.14246,0.15212,0.16348,0.17653,0.18959,0.19958,0.20651,0.21343,0.21658,0.21593,0.21529,0.21184,0.20558,0.19932,0.19017,0.17812,0.16608,0.15215,0.13635,0.12055,0.10384,0.086237,0.06863,0.052917,0.039098,0.025284,0.015688,0.010307,0.0049277,0.0030174,0.004577,0.0061371,0.0037227,0.0039885,0,0,0,0,0,0,0,0,0,0,0,0,0,0,0,0,0,0,0,0,0,0,0,0,0,0,0,0,0,0,0,0,0,0,0,0,0,0,0,0,0,0,0,0,0,0,0,0,0,0,0,0,0,0,0,-0.018432,-0.018092,-0.017752,-0.017698,-0.017929,-0.018161,-0.016134,-0.011848,-0.0075618,-0.0030481,0.0016965,0.006442,0.012472,0.01979,0.027108,0.036515,0.048014,0.059512,0.069336,0.077483,0.08563,0.089067,0.087792,0.086516,0.082891,0.076917,0.070942,0.063579,0.054828,0.046077,0.0381,0.030896,0.023692,0.019003,0.016828,0.014654,0.01481,0.017296,0.019784,0.02282,0.026405,0.02999,0.037335,0.048438,0.059542,0.070786,0.082169,0.093549,0.10695,0.12238,0.13782,0.1502,0.15953,0.16887,0.18284,0.20145,0.22006,0.2363,0.25019,0.26408,0.27759,0.29071,0.30384,0.31731,0.33114,0.34497,0.35934,0.37427,0.38919,0.40034,0.40771,0.41507,0.42563,0.43939,0.45315,0.46536,0.47603,0.4867,0.49462,0.49981,0.505,0.50505,0.49997,0.49489,0.49327,0.49512,0.49696,0.50113,0.50763,0.51413,0.51765,0.51819,0.51873,0.51822,0.51667,0.51512,0.51248,0.50876,0.50505,0.49909,0.49089,0.48269,0.47083,0.45533,0.43983,0.42592,0.41361,0.4013,0.38944,0.37801,0.36659,0.35525,0.34399,0.33274,0.32075,0.30804,0.29532,0.28172,0.26724,0.25275,0.23849,0.22445,0.21041,0.19676,0.18351,0.17026,0.15991,0.15246,0.14502,0.13949,0.13587,0.13226,0.1302,0.12969,0.12919,0.12979,0.1315,0.1332,0.1354,0.1381,0.1408,0.14404,0.14781,0.15159,0.15652,0.1626,0.16869,0.17686,0.18712,0.19738,0.20656,0.21466,0.22276,0.23035,0.23742,0.24449,0.24926,0.25173,0.2542,0.25242,0.24642,0.24041,0.23263,0.22306,0.2135,0.20274,0.19079,0.17883,0.16602,0.15233,0.13864,0.12627,0.11522,0.10416,0.09231,0.079652,0.066994,0.052589,0.036439,0.020288,0.00060408,-0.022613,-0.045832,-0.069147,-0.092555,-0.11597,-0.13789,-0.15832,-0.17876,-0.19508,-0.20729,-0.2195,-0.22836,-0.23387,-0.23938,-0.24283,-0.24424,-0.24564,-0.24773,-0.25051,-0.25329,-0.25663,-0.26053,-0.26442,-0.26881,-0.27368,-0.27856,-0.28303,-0.2871,-0.29117,-0.29422,-0.29627,-0.29831,-0.29912,-0.29869,-0.29826,-0.29722,-0.29556,-0.2939,-0.29246,-0.29125,-0.29004,-0.28974,-0.29035,-0.29095,-0.2916,-0.29228,-0.29296,-0.29371,-0.29451,-0.29531,-0.29642,-0.29783,-0.29923,-0.30302,-0.30917,-0.31533,-0.26537,-0.15925,-0.053091
0,0,0,0,0.12152,0.12104,0.12671,0.13852,0.15034,0.16347,0.17792,0.19236,0.20278,0.20916,0.21555,0.21515,0.20797,0.20079,0.18921,0.17322,0.15724,0.14094,0.12433,0.10772,0.091623,0.076037,0.060451,0.04667,0.034684,0.022702,0.010437,-0.002116,-0.014671,-0.028103,-0.042408,-0.056711,-0.070779,-0.08461,-0.098444,-0.1107,-0.12138,-0.13206,-0.14049,-0.14667,-0.15285,-0.15649,-0.15759,-0.1587,-0.15722,-0.15316,-0.14909,-0.14381,-0.13731,-0.13081,-0.12511,-0.1202,-0.11528,-0.11207,-0.11057,-0.10906,-0.10887,-0.11,-0.11113,-0.11329,-0.11647,-0.11966,-0.12304,-0.12663,-0.13021,-0.13248,-0.13342,-0.13437,-0.13235,-0.12736,-0.12238,-0.11413,-0.10261,-0.091085,-0.078589,-0.065117,-0.051641,-0.042456,-0.037568,-0.032682,-0.03457,-0.043235,-0.051902,-0.065875,-0.085157,-0.10444,-0.12402,-0.14388,-0.16373,-0.17911,-0.19,-0.20089,-0.20612,-0.20568,-0.20524,-0.20231,-0.19688,-0.19146,-0.18562,-0.17936,-0.17311,-0.16846,-0.16542,-0.16238,-0.16192,-0.16404,-0.16616,-0.16896,-0.17243,-0.1759,-0.17707,-0.17595,-0.17482,-0.17157,-0.1662,-0.16082,-0.15428,-0.14657,-0.13886,-0.13087,-0.1226,-0.11433,-0.1059,-0.097304,-0.088707,-0.079457,-0.069548,-0.059643,-0.0486,-0.036417,-0.024233,-0.010945,0.0034515,0.01785,0.032939,0.048718,0.064499,0.080671,0.097237,0.1138,0.13068,0.14789,0.16509,0.18248,0.20004,0.21761,0.23492,0.25199,0.26904,0.28519,0.30042,0.31564,0.32848,0.33894,0.34939,0.35873,0.36696,0.37518,0.38158,0.38614,0.39069,0.39349,0.39454,0.39558,0.39455,0.39146,0.38836,0.38271,0.3745,0.36629,0.3548,0.34004,0.32529,0.30965,0.29314,0.27663,0.25946,0.24163,0.2238,0.20499,0.1852,0.16542,0.14584,0.12647,0.1071,0.0887,0.07128,0.053859,0.038033,0.023804,0.0095772,-0.0024096,-0.012157,-0.021907,-0.028663,-0.032426,-0.036188,-0.036773,-0.03418,-0.031586,-0.026185,-0.017974,-0.0097623,0.00041496,0.012556,0.024699,0.037264,0.050246,0.063228,0.074594,0.084343,0.094092,0.10105,0.1052,0.10936,0.1119,0.11283,0.11377,0.11545,0.11789,0.12033,0.12644,0.1362,0.14596,0.15769,0.17139,0.18508,0.19571,0.20328,0.21084,0.21435,0.21381,0.21326,0.20954,0.20262,0.19571,0.18627,0.17431,0.16235,0.14825,0.13203,0.1158,0.098754,0.080879,0.063003,0.047182,0.033423,0.019665,0.010321,0.0053924,0.00046463,-0.00060115,0.002196,0.0049936,0,0,0,0,0,0,0,0,0,0,0,0,0,0,0,0,0,0,0,0,0,0,0,0,0,0,0,0,0,0,0,0,0,0,0,0,0,0,0,0,0,0,0,0,0,0,0,0,0,0,0,0,0,0,0,0,0,-0.0073719,-0.0072364,-0.0071004,-0.0074642,-0.01538,-0.018602,-0.018931,-0.016367,-0.013802,-0.0096902,-0.0040292,0.0016344,0.0077131,0.014207,0.020701,0.029368,0.040211,0.051053,0.060561,0.068735,0.07691,0.080364,0.079093,0.077822,0.074139,0.068044,0.061948,0.054631,0.046094,0.037556,0.030195,0.024012,0.017828,0.014228,0.013213,0.012198,0.013032,0.015716,0.018402,0.02203,0.0266,0.031171,0.038164,0.047578,0.056992,0.06737,0.078708,0.090045,0.10467,0.1226,0.14052,0.15577,0.16835,0.18093,0.19482,0.21001,0.2252,0.24159,0.25918,0.27677,0.29193,0.30465,0.31737,0.33051,0.34408,0.35765,0.37191,0.38688,0.40184,0.41489,0.42603,0.43718,0.44791,0.45823,0.46854,0.47934,0.49061,0.50189,0.5101,0.51526,0.52042,0.52002,0.51405,0.50807,0.50576,0.50709,0.50842,0.51121,0.51544,0.51967,0.52177,0.52173,0.52168,0.52038,0.51783,0.51527,0.51269,0.51009,0.50748,0.50175,0.49288,0.48401,0.47267,0.45886,0.44505,0.43119,0.41727,0.40335,0.3906,0.37902,0.36744,0.35552,0.34326,0.331,0.31789,0.30392,0.28996,0.27532,0.26002,0.24472,0.22987,0.21548,0.20109,0.18747,0.17462,0.16176,0.15183,0.14482,0.13782,0.13291,0.13011,0.1273,0.12586,0.12579,0.12571,0.1268,0.12904,0.13128,0.13405,0.13733,0.14062,0.14425,0.14822,0.15219,0.15695,0.16248,0.16801,0.17511,0.18375,0.1924,0.20139,0.21073,0.22006,0.22846,0.23593,0.2434,0.2492,0.25333,0.25747,0.25684,0.25146,0.24607,0.23843,0.22853,0.21863,0.20741,0.19488,0.18234,0.16915,0.15529,0.14142,0.12823,0.11569,0.10316,0.089564,0.07489,0.060215,0.043591,0.025015,0.0064407,-0.014955,-0.039174,-0.063393,-0.087647,-0.11194,-0.13623,-0.15864,-0.17919,-0.19974,-0.21512,-0.22534,-0.23556,-0.24338,-0.24879,-0.25419,-0.25742,-0.25846,-0.2595,-0.26208,-0.26622,-0.27036,-0.27402,-0.27721,-0.2804,-0.28382,-0.28748,-0.29114,-0.29412,-0.29643,-0.29874,-0.30009,-0.30048,-0.30087,-0.30042,-0.29914,-0.29786,-0.29622,-0.29422,-0.29222,-0.29071,-0.28968,-0.28864,-0.28843,-0.28904,-0.28964,-0.29034,-0.29113,-0.29192,-0.29235,-0.29243,-0.2925,-0.29339,-0.29509,-0.29679,-0.30088,-0.30737,-0.31385,-0.26427,-0.15858,-0.052868
0,0,0,0,0.12936,0.13059,0.1367,0.14771,0.15872,0.17089,0.18422,0.19755,0.20708,0.2128,0.21852,0.21771,0.21039,0.20306,0.1918,0.1766,0.1614,0.14591,0.13014,0.11436,0.099014,0.084085,0.069158,0.055582,0.04335,0.031119,0.018874,0.0066073,-0.0056648,-0.019579,-0.035135,-0.050697,-0.065662,-0.080031,-0.094401,-0.10698,-0.11776,-0.12854,-0.13823,-0.14684,-0.15544,-0.16094,-0.16334,-0.16573,-0.16536,-0.16224,-0.15911,-0.15385,-0.14644,-0.13903,-0.13246,-0.12672,-0.12097,-0.11678,-0.11413,-0.11148,-0.11046,-0.11106,-0.11165,-0.11389,-0.11777,-0.12164,-0.12625,-0.13158,-0.13691,-0.14093,-0.14365,-0.14637,-0.14561,-0.14138,-0.13715,-0.1291,-0.11724,-0.10537,-0.092578,-0.078853,-0.065126,-0.055519,-0.05004,-0.044563,-0.046005,-0.054371,-0.062739,-0.07641,-0.095385,-0.11436,-0.13346,-0.15268,-0.1719,-0.18646,-0.19633,-0.20621,-0.21027,-0.2085,-0.20673,-0.20203,-0.1944,-0.18677,-0.17941,-0.17231,-0.16522,-0.15966,-0.15563,-0.1516,-0.15076,-0.15311,-0.15547,-0.15896,-0.16359,-0.16822,-0.17027,-0.16974,-0.16921,-0.16664,-0.16203,-0.15742,-0.15169,-0.14483,-0.13797,-0.13074,-0.12314,-0.11553,-0.10757,-0.09924,-0.090913,-0.08179,-0.071873,-0.061958,-0.050892,-0.038669,-0.026445,-0.01314,0.0012547,0.015649,0.030739,0.046528,0.062316,0.078538,0.095191,0.11184,0.12893,0.14645,0.16397,0.18184,0.20004,0.21824,0.23631,0.25423,0.27215,0.28924,0.30549,0.32175,0.33625,0.34899,0.36174,0.37282,0.38225,0.39168,0.39902,0.40429,0.40955,0.41267,0.41365,0.41464,0.41328,0.40957,0.40586,0.39955,0.39063,0.3817,0.36906,0.35271,0.33636,0.31978,0.30297,0.28616,0.26885,0.25103,0.23321,0.21393,0.1932,0.17247,0.15196,0.13165,0.11134,0.092117,0.073969,0.055822,0.039293,0.024377,0.0094582,-0.0032462,-0.013738,-0.024232,-0.031526,-0.035619,-0.039711,-0.040616,-0.038333,-0.036049,-0.030914,-0.022928,-0.014938,-0.0049139,0.0071408,0.019196,0.031776,0.044878,0.057979,0.069505,0.079452,0.089397,0.096423,0.10053,0.10464,0.10724,0.10834,0.10945,0.11085,0.11257,0.11429,0.12007,0.12994,0.13981,0.15191,0.16624,0.18057,0.19184,0.20005,0.20825,0.21213,0.21169,0.21124,0.20723,0.19967,0.1921,0.18238,0.1705,0.15862,0.14435,0.12771,0.11106,0.093667,0.075523,0.057375,0.041449,0.027746,0.014044,0.004954,0.00047728,-0.0039985,-0.0042194,-0.00018515,0.002211,0,0,0,0,0,0,0,0,0,0,0,0,0,0,0,0,0,0,0,0,0,0,0,0,0,0,0,0,0,0,0,0,0,0,0,0,0,0,0,0,0,0,0,0,0,0,0,0,0,0,0,0,0,0,0,0,0,0,0,0,0,-0.0070529,-0.0094116,-0.010165,-0.020885,-0.020041,-0.016331,-0.0097524,-0.0031739,0.0029522,0.0086242,0.014295,0.022223,0.032408,0.042593,0.051785,0.059987,0.068191,0.07166,0.070394,0.069129,0.065388,0.059171,0.052954,0.045683,0.03736,0.029035,0.022291,0.017128,0.011964,0.0094542,0.0095977,0.0097413,0.011253,0.014136,0.017018,0.021238,0.026795,0.032352,0.038992,0.046717,0.054443,0.063952,0.075247,0.086543,0.10239,0.12281,0.14322,0.16134,0.17717,0.19299,0.20679,0.21857,0.23034,0.24688,0.26817,0.28947,0.30627,0.31859,0.3309,0.34372,0.35702,0.37033,0.38448,0.39948,0.41448,0.42944,0.44436,0.45928,0.47018,0.47706,0.48394,0.49332,0.5052,0.51708,0.52558,0.53071,0.53584,0.53498,0.52812,0.52126,0.51824,0.51906,0.51989,0.52128,0.52325,0.52522,0.52589,0.52526,0.52463,0.52254,0.51898,0.51542,0.5129,0.51141,0.50992,0.5044,0.49487,0.48533,0.4745,0.46239,0.45027,0.43645,0.42093,0.40541,0.39177,0.38003,0.36829,0.35579,0.34253,0.32926,0.31502,0.29981,0.28459,0.26893,0.2528,0.23668,0.22125,0.20652,0.19178,0.17819,0.16572,0.15326,0.14375,0.13718,0.13062,0.12634,0.12434,0.12234,0.12152,0.12188,0.12224,0.1238,0.12658,0.12936,0.13269,0.13656,0.14043,0.14445,0.14862,0.1528,0.15737,0.16236,0.16734,0.17335,0.18038,0.18742,0.19623,0.20679,0.21736,0.22658,0.23444,0.24231,0.24914,0.25494,0.26073,0.26125,0.25649,0.25173,0.24423,0.23399,0.22376,0.21209,0.19897,0.18586,0.17228,0.15824,0.14421,0.13018,0.11617,0.10216,0.086816,0.070126,0.053437,0.034593,0.013592,-0.0074063,-0.030515,-0.055735,-0.080953,-0.10615,-0.13132,-0.15648,-0.1794,-0.20006,-0.22072,-0.23516,-0.2434,-0.25163,-0.25839,-0.2637,-0.26901,-0.272,-0.27268,-0.27335,-0.27644,-0.28193,-0.28742,-0.29141,-0.29389,-0.29637,-0.29884,-0.30128,-0.30372,-0.30521,-0.30577,-0.30632,-0.30596,-0.30469,-0.30343,-0.30172,-0.29959,-0.29745,-0.29522,-0.29288,-0.29055,-0.28895,-0.2881,-0.28724,-0.28712,-0.28773,-0.28834,-0.28909,-0.28998,-0.29088,-0.291,-0.29034,-0.28969,-0.29036,-0.29236,-0.29435,-0.29875,-0.30556,-0.31237,-0.26316,-0.15792,-0.052657
0,0,0,0,0.14024,0.14168,0.14719,0.15679,0.16638,0.17723,0.18933,0.20143,0.21005,0.21518,0.22032,0.21955,0.21289,0.20622,0.19586,0.18182,0.16778,0.15328,0.13833,0.12338,0.10867,0.094215,0.079759,0.066098,0.053228,0.040363,0.02758,0.014874,0.0021702,-0.012218,-0.028295,-0.044378,-0.0599,-0.074858,-0.08982,-0.1032,-0.115,-0.1268,-0.13787,-0.14822,-0.15858,-0.16564,-0.16943,-0.17321,-0.17376,-0.17108,-0.16839,-0.16321,-0.15553,-0.14786,-0.14082,-0.13443,-0.12804,-0.123,-0.11932,-0.11563,-0.11374,-0.11364,-0.11353,-0.11551,-0.11957,-0.12363,-0.1289,-0.13537,-0.14184,-0.14716,-0.15133,-0.15551,-0.15598,-0.15275,-0.14951,-0.14218,-0.13074,-0.11931,-0.10689,-0.093503,-0.080117,-0.070561,-0.064836,-0.059114,-0.06009,-0.067769,-0.075447,-0.088193,-0.10601,-0.12382,-0.14162,-0.15941,-0.1772,-0.19036,-0.1989,-0.20744,-0.21029,-0.20746,-0.20464,-0.19881,-0.19,-0.18118,-0.17304,-0.16558,-0.15813,-0.15221,-0.14784,-0.14346,-0.14249,-0.14493,-0.14737,-0.15114,-0.15623,-0.16133,-0.16387,-0.16384,-0.16381,-0.16189,-0.15809,-0.15428,-0.14934,-0.14329,-0.13724,-0.13066,-0.12356,-0.11645,-0.10878,-0.10054,-0.092305,-0.083158,-0.073103,-0.06305,-0.051873,-0.039565,-0.027257,-0.013937,0.00040568,0.014748,0.029782,0.045512,0.061239,0.077469,0.094206,0.11094,0.12824,0.1461,0.16396,0.1823,0.2011,0.2199,0.23865,0.25735,0.27605,0.29399,0.31118,0.32836,0.34414,0.35852,0.3729,0.38536,0.39591,0.40646,0.41475,0.42078,0.42681,0.43039,0.4315,0.43261,0.4311,0.42696,0.42282,0.41596,0.40638,0.3968,0.38353,0.36656,0.3496,0.33242,0.31504,0.29766,0.27974,0.26129,0.24283,0.22289,0.20146,0.18002,0.15879,0.13776,0.11673,0.096777,0.077894,0.059011,0.041731,0.026052,0.010372,-0.0031085,-0.014391,-0.025673,-0.033721,-0.038537,-0.043352,-0.044939,-0.043298,-0.041656,-0.037048,-0.029474,-0.021895,-0.012144,-0.00021895,0.011708,0.024288,0.037527,0.050766,0.062474,0.072652,0.08283,0.090027,0.094246,0.098464,0.10118,0.10239,0.1036,0.10499,0.10656,0.10814,0.11374,0.12339,0.13303,0.1453,0.16021,0.17512,0.18706,0.19605,0.20504,0.20953,0.20952,0.20951,0.20558,0.19774,0.1899,0.17985,0.16759,0.15534,0.14065,0.12351,0.10637,0.088571,0.070116,0.051657,0.035593,0.021929,0.0082669,-0.00057857,-0.0046049,-0.00863,-0.0079813,-0.0026596,0,0,0,0,0,0,0,0,0,0,0,0,0,0,0,0,0,0,0,0,0,0,0,0,0,0,0,0,0,0,0,0,0,0,0,0,0,0,0,0,0,0,0,0,0,0,0,0,0,0,0,0,0,0,0,0,0,0,0,0,0,0,0,0,0,-0.021465,-0.022933,-0.02081,-0.015096,-0.009382,-0.0035109,0.0025176,0.0085455,0.016419,0.026136,0.035853,0.044518,0.052136,0.059755,0.062837,0.061386,0.059935,0.056185,0.050135,0.044085,0.037141,0.029304,0.021467,0.015413,0.011145,0.006877,0.0051899,0.0060844,0.0069793,0.0088388,0.011666,0.014493,0.018826,0.024669,0.030511,0.036822,0.043604,0.050388,0.059875,0.072069,0.084263,0.10061,0.12111,0.14161,0.16142,0.18054,0.19965,0.21533,0.22759,0.23984,0.25659,0.27783,0.29907,0.31669,0.33068,0.34467,0.35802,0.37071,0.38341,0.39716,0.41195,0.42675,0.44253,0.4593,0.47607,0.48688,0.49174,0.4966,0.50522,0.5176,0.52998,0.53876,0.54392,0.54909,0.54858,0.54238,0.53619,0.53245,0.53118,0.52991,0.52969,0.53052,0.53136,0.53137,0.53055,0.52974,0.5273,0.52324,0.51917,0.51603,0.51381,0.51159,0.50535,0.49509,0.48484,0.4739,0.46228,0.45066,0.43695,0.42116,0.40536,0.39137,0.37918,0.367,0.35378,0.33954,0.3253,0.31004,0.29375,0.27748,0.26096,0.24422,0.22747,0.21166,0.19678,0.18189,0.16848,0.15655,0.14461,0.13553,0.12932,0.12311,0.11924,0.11771,0.11619,0.11586,0.11671,0.11757,0.11962,0.12289,0.12615,0.12999,0.1344,0.1388,0.14338,0.14811,0.15285,0.15757,0.16225,0.16694,0.17225,0.17818,0.18412,0.19239,0.20299,0.2136,0.22309,0.23145,0.23982,0.24756,0.25467,0.26179,0.26336,0.25939,0.25543,0.24834,0.23812,0.22791,0.21607,0.20258,0.1891,0.17513,0.16066,0.14619,0.13125,0.11582,0.1004,0.083392,0.064785,0.046179,0.025322,0.0022119,-0.020894,-0.045581,-0.07185,-0.098118,-0.12407,-0.14971,-0.17535,-0.1984,-0.21886,-0.23932,-0.253,-0.2599,-0.26679,-0.27294,-0.27835,-0.28376,-0.2869,-0.28777,-0.28864,-0.29176,-0.29713,-0.30251,-0.3066,-0.30942,-0.31224,-0.31416,-0.31519,-0.31622,-0.31566,-0.31352,-0.31138,-0.30884,-0.3059,-0.30297,-0.3,-0.29698,-0.29397,-0.29124,-0.28878,-0.28633,-0.2848,-0.28421,-0.28361,-0.28421,-0.28601,-0.2878,-0.28906,-0.2898,-0.29053,-0.29032,-0.28917,-0.28801,-0.28841,-0.29036,-0.29231,-0.29677,-0.30374,-0.31071,-0.26184,-0.15712,-0.026277
0,0,0,0,0.15416,0.15432,0.15818,0.16576,0.17333,0.18249,0.19324,0.20399,0.21168,0.21632,0.22096,0.22067,0.21547,0.21026,0.2014,0.18889,0.17637,0.16304,0.1489,0.13476,0.1206,0.10643,0.092252,0.078218,0.064323,0.050429,0.036554,0.022695,0.0088374,-0.0060222,-0.021886,-0.037754,-0.053489,-0.069093,-0.084701,-0.09937,-0.1131,-0.12682,-0.1394,-0.15083,-0.16225,-0.1706,-0.17587,-0.18114,-0.1824,-0.17967,-0.17693,-0.1719,-0.16459,-0.15728,-0.1502,-0.14334,-0.13648,-0.13074,-0.12613,-0.12151,-0.11871,-0.11774,-0.11677,-0.11815,-0.12189,-0.12563,-0.131,-0.13799,-0.14499,-0.15115,-0.15646,-0.16178,-0.16345,-0.16146,-0.15947,-0.15336,-0.14312,-0.13288,-0.12154,-0.10907,-0.096613,-0.087575,-0.081955,-0.076336,-0.076826,-0.083424,-0.090024,-0.10122,-0.11702,-0.13282,-0.1485,-0.16406,-0.17961,-0.19083,-0.1977,-0.20457,-0.20619,-0.20257,-0.19895,-0.19265,-0.18366,-0.17468,-0.16652,-0.15918,-0.15184,-0.14613,-0.14205,-0.13797,-0.13712,-0.13948,-0.14185,-0.14547,-0.15035,-0.15523,-0.15787,-0.15825,-0.15863,-0.15733,-0.15436,-0.15138,-0.14725,-0.14195,-0.13666,-0.13063,-0.12386,-0.11709,-0.10954,-0.10121,-0.092885,-0.083561,-0.073241,-0.062921,-0.051545,-0.039108,-0.026672,-0.013337,0.00090528,0.015147,0.030065,0.045666,0.061265,0.077468,0.094282,0.11109,0.12861,0.14683,0.16506,0.18385,0.20322,0.22259,0.24197,0.26137,0.28076,0.29946,0.31748,0.33549,0.35217,0.36752,0.38287,0.39635,0.40793,0.41952,0.42875,0.43562,0.44249,0.44664,0.44808,0.44951,0.44803,0.44363,0.43923,0.43195,0.42177,0.41159,0.3982,0.3816,0.36499,0.34758,0.32935,0.31112,0.29214,0.2724,0.25266,0.23185,0.20995,0.18805,0.16634,0.1448,0.12327,0.10269,0.083053,0.063421,0.045345,0.028827,0.012311,-0.0020024,-0.014115,-0.026228,-0.035248,-0.041179,-0.04711,-0.049742,-0.049073,-0.048404,-0.044584,-0.037609,-0.030633,-0.021271,-0.0095176,0.0022377,0.014809,0.028199,0.041591,0.053508,0.063949,0.074387,0.081854,0.086345,0.090834,0.093708,0.094963,0.096217,0.097852,0.09987,0.10189,0.10744,0.11653,0.12563,0.13788,0.1533,0.16872,0.18138,0.19129,0.2012,0.20654,0.20731,0.20808,0.20459,0.19684,0.18909,0.17868,0.1656,0.15252,0.13713,0.11943,0.10172,0.083466,0.064657,0.045846,0.029616,0.015975,0.0023325,-0.0062779,-0.009854,-0.013429,-0.011887,-0.0052262,0,0,0,0,0,0,0,0,0,0,0,0,0,0,0,0,0,0,0,0,0,0,0,0,0,0,0,0,0,0,0,0,0,0,0,0,0,0,0,0,0,0,0,0,0,0,0,0,0,0,0,0,0,0,0,0,0,0,0,0,0,0,0,0,0,-0.0098937,-0.011353,-0.023129,-0.020061,-0.01699,-0.011674,-0.0041111,0.003452,0.011953,0.021392,0.030831,0.03876,0.045179,0.051599,0.053897,0.052069,0.050241,0.04653,0.040936,0.035341,0.029005,0.021927,0.014849,0.0095606,0.0060631,0.0025663,0.0014358,0.002673,0.0039116,0.0057891,0.0083075,0.010826,0.014797,0.020222,0.025649,0.031654,0.038239,0.044826,0.055135,0.06917,0.083206,0.09932,0.11751,0.1357,0.15602,0.17846,0.2009,0.22044,0.23707,0.25369,0.27072,0.28815,0.30558,0.32317,0.34092,0.35867,0.37341,0.38515,0.39689,0.40993,0.42428,0.43863,0.45415,0.47084,0.48753,0.49801,0.50227,0.50653,0.51505,0.52783,0.54061,0.54963,0.55489,0.56015,0.5608,0.55683,0.55286,0.5484,0.54345,0.53849,0.53643,0.53726,0.5381,0.53821,0.5376,0.53699,0.53466,0.53059,0.52652,0.52209,0.5173,0.5125,0.50459,0.49356,0.48253,0.47086,0.45854,0.44622,0.43269,0.41796,0.40323,0.3894,0.37648,0.36355,0.34949,0.3343,0.31911,0.30293,0.28577,0.26861,0.25144,0.23427,0.21709,0.20109,0.18626,0.17142,0.15837,0.14708,0.1358,0.12718,0.12123,0.11527,0.11161,0.11023,0.10884,0.10886,0.11028,0.1117,0.11426,0.11796,0.12166,0.12595,0.13085,0.13574,0.14102,0.14669,0.15236,0.15752,0.16216,0.16681,0.1718,0.17714,0.18248,0.18988,0.19934,0.20879,0.218,0.22697,0.23593,0.24445,0.25254,0.26062,0.26316,0.26017,0.25717,0.25076,0.24093,0.23109,0.21936,0.20572,0.19208,0.17768,0.16253,0.14738,0.13142,0.11465,0.09788,0.079287,0.058863,0.03844,0.01578,-0.0091233,-0.034022,-0.060153,-0.08752,-0.11489,-0.14143,-0.16713,-0.19283,-0.21566,-0.2356,-0.25554,-0.26862,-0.27484,-0.28106,-0.28702,-0.29274,-0.29845,-0.30211,-0.30374,-0.30536,-0.30806,-0.31183,-0.3156,-0.31959,-0.32379,-0.32799,-0.3298,-0.32922,-0.32863,-0.32546,-0.31969,-0.31392,-0.30872,-0.30411,-0.2995,-0.29524,-0.29133,-0.28742,-0.28429,-0.28193,-0.27957,-0.27826,-0.27801,-0.27776,-0.27971,-0.28387,-0.28803,-0.29027,-0.29058,-0.29089,-0.29033,-0.2889,-0.28747,-0.28754,-0.28911,-0.29067,-0.29494,-0.3019,-0.30886,-0.26031,-0.1562,0
0,0,0,0,0.16807,0.16695,0.16917,0.17472,0.18028,0.18775,0.19715,0.20655,0.21332,0.21746,0.22159,0.22179,0.21805,0.21431,0.20695,0.19596,0.18496,0.1728,0.15948,0.14614,0.13253,0.11864,0.10474,0.09034,0.075419,0.060497,0.04553,0.030518,0.015503,0.00017191,-0.015477,-0.031128,-0.047079,-0.063331,-0.079585,-0.095542,-0.1112,-0.12685,-0.14093,-0.15343,-0.16592,-0.17555,-0.18231,-0.18907,-0.19105,-0.18826,-0.18546,-0.18059,-0.17365,-0.1667,-0.15957,-0.15225,-0.14493,-0.13849,-0.13294,-0.12739,-0.12369,-0.12184,-0.12,-0.12079,-0.1242,-0.12762,-0.13309,-0.14062,-0.14814,-0.15514,-0.16159,-0.16805,-0.17091,-0.17017,-0.16943,-0.16454,-0.1555,-0.14646,-0.13617,-0.12464,-0.11311,-0.10459,-0.099074,-0.09356,-0.093561,-0.09908,-0.1046,-0.11425,-0.12804,-0.14182,-0.15538,-0.1687,-0.18203,-0.19129,-0.1965,-0.2017,-0.20209,-0.19768,-0.19326,-0.18648,-0.17733,-0.16818,-0.16,-0.15278,-0.14555,-0.14005,-0.13627,-0.13249,-0.13174,-0.13403,-0.13633,-0.1398,-0.14447,-0.14914,-0.15187,-0.15266,-0.15345,-0.15277,-0.15063,-0.14849,-0.14515,-0.14061,-0.13607,-0.13059,-0.12416,-0.11773,-0.1103,-0.10188,-0.093466,-0.083964,-0.073376,-0.062789,-0.051215,-0.038651,-0.026087,-0.012736,0.0014065,0.015546,0.030349,0.045821,0.061291,0.077468,0.094356,0.11124,0.12898,0.14756,0.16615,0.18541,0.20534,0.22528,0.24529,0.26538,0.28547,0.30493,0.32377,0.34261,0.3602,0.37652,0.39285,0.40733,0.41996,0.43259,0.44275,0.45046,0.45817,0.4629,0.46466,0.46641,0.46496,0.4603,0.45565,0.44793,0.43715,0.42637,0.41287,0.39663,0.38039,0.36274,0.34366,0.32459,0.30454,0.28352,0.26249,0.2408,0.21844,0.19608,0.17389,0.15185,0.12981,0.1086,0.088211,0.067826,0.048958,0.031603,0.014248,-0.0008981,-0.01384,-0.026781,-0.036774,-0.043822,-0.050869,-0.054545,-0.054849,-0.055152,-0.052119,-0.045747,-0.039373,-0.030398,-0.018819,-0.0072361,0.0053297,0.018874,0.032419,0.044543,0.055243,0.065944,0.073679,0.078442,0.083205,0.086237,0.087537,0.088835,0.090716,0.093178,0.095639,0.10114,0.10968,0.11822,0.13046,0.14638,0.16231,0.17569,0.18653,0.19736,0.20356,0.2051,0.20664,0.20359,0.19594,0.18829,0.17751,0.1636,0.1497,0.13361,0.11535,0.09708,0.078362,0.059198,0.040034,0.023638,0.010018,-0.003603,-0.011977,-0.015103,-0.018228,-0.015792,-0.007794,0,0,0,0,0,0,0,0,0,0,0,0,0,0,0,0,0,0,0,0,0,0,0,0,0,0,0,0,0,0,0,0,0,0,0,0,0,0,0,0,0,0,0,0,0,0,0,0,0,0,0,0,0,0,0,0,0,0,0,0,0,0,0,0,0,0,0,-0.025447,-0.025024,-0.024599,-0.019839,-0.010742,-0.0016435,0.0074851,0.016646,0.025806,0.032999,0.038222,0.043446,0.044957,0.042753,0.040547,0.036876,0.031738,0.026599,0.02087,0.014551,0.0082317,0.0037085,0.0009824,-0.0017431,-0.0023165,-0.00073669,0.0008445,0.0027399,0.0049499,0.0071597,0.010768,0.015777,0.020787,0.026486,0.032875,0.039264,0.050393,0.066267,0.082145,0.098025,0.11391,0.12979,0.15061,0.17639,0.20216,0.22554,0.24654,0.26753,0.28484,0.29847,0.3121,0.32966,0.35116,0.37267,0.38881,0.39959,0.41037,0.42271,0.43661,0.45051,0.46577,0.48239,0.499,0.50914,0.51281,0.51647,0.52488,0.53806,0.55124,0.5605,0.56586,0.57122,0.57303,0.57128,0.56954,0.56435,0.55571,0.54707,0.54317,0.544,0.54484,0.54506,0.54465,0.54425,0.54201,0.53794,0.53386,0.52814,0.52078,0.51342,0.50384,0.49203,0.48023,0.46782,0.4548,0.44178,0.42843,0.41476,0.40109,0.38743,0.37377,0.3601,0.3452,0.32906,0.31292,0.29583,0.27778,0.25974,0.24192,0.22432,0.20672,0.19052,0.17574,0.16095,0.14825,0.13762,0.12699,0.11883,0.11314,0.10744,0.10398,0.10274,0.1015,0.10187,0.10386,0.10584,0.1089,0.11303,0.11717,0.12192,0.1273,0.13267,0.13866,0.14526,0.15186,0.15747,0.16208,0.16668,0.17136,0.17611,0.18085,0.18738,0.19568,0.20398,0.21291,0.22248,0.23204,0.24135,0.2504,0.25945,0.26296,0.26094,0.25891,0.25318,0.24373,0.23428,0.22265,0.20885,0.19506,0.18024,0.1644,0.14856,0.13159,0.11347,0.095358,0.075181,0.052939,0.030702,0.0062369,-0.020458,-0.04715,-0.074726,-0.10319,-0.13166,-0.15877,-0.18454,-0.21031,-0.23291,-0.25233,-0.27175,-0.28424,-0.28979,-0.29533,-0.30111,-0.30712,-0.31313,-0.31733,-0.3197,-0.32207,-0.32435,-0.32653,-0.3287,-0.33258,-0.33816,-0.34374,-0.34543,-0.34324,-0.34105,-0.33525,-0.32585,-0.31645,-0.30861,-0.30232,-0.29603,-0.29048,-0.28567,-0.28086,-0.27733,-0.27507,-0.27281,-0.27173,-0.27182,-0.27191,-0.27521,-0.28174,-0.28826,-0.29147,-0.29135,-0.29124,-0.29033,-0.28863,-0.28693,-0.28667,-0.28785,-0.28903,-0.2931,-0.30006,-0.30702,-0.25877,-0.15529,-0.02581
0,0,0,0,0.17648,0.17492,0.1766,0.18153,0.18646,0.19296,0.20104,0.20911,0.21514,0.21913,0.22311,0.22395,0.22164,0.21934,0.21352,0.20421,0.1949,0.18394,0.17134,0.15874,0.14536,0.13122,0.11707,0.1019,0.085699,0.069504,0.053424,0.037457,0.021487,0.0054349,-0.010698,-0.026833,-0.043397,-0.060387,-0.077379,-0.093992,-0.11022,-0.12645,-0.14122,-0.15455,-0.16788,-0.17854,-0.18654,-0.19454,-0.1974,-0.19511,-0.19283,-0.18848,-0.18207,-0.17566,-0.16871,-0.16124,-0.15377,-0.14697,-0.14084,-0.13472,-0.13039,-0.12787,-0.12535,-0.12553,-0.12841,-0.1313,-0.13646,-0.14389,-0.15133,-0.15856,-0.1656,-0.17264,-0.17643,-0.17697,-0.17751,-0.17413,-0.16683,-0.15953,-0.15086,-0.14083,-0.1308,-0.12318,-0.11798,-0.11278,-0.11224,-0.11638,-0.12052,-0.12816,-0.13929,-0.15043,-0.16128,-0.17183,-0.18238,-0.18936,-0.19275,-0.19614,-0.19541,-0.19054,-0.18568,-0.1789,-0.17021,-0.16152,-0.15386,-0.14724,-0.14062,-0.13558,-0.13212,-0.12866,-0.12792,-0.1299,-0.13188,-0.13486,-0.13885,-0.14283,-0.14547,-0.14678,-0.14808,-0.14802,-0.1466,-0.14518,-0.14253,-0.13867,-0.1348,-0.12979,-0.12363,-0.11747,-0.11012,-0.1016,-0.093081,-0.083411,-0.072594,-0.061778,-0.050037,-0.037372,-0.024708,-0.011351,0.0026991,0.016746,0.031455,0.046826,0.062193,0.078382,0.095396,0.11241,0.1304,0.14938,0.16835,0.18807,0.20854,0.22901,0.24958,0.27026,0.29094,0.31104,0.33056,0.35008,0.36841,0.38557,0.40272,0.41807,0.43163,0.4452,0.45627,0.46486,0.47345,0.47889,0.4812,0.48351,0.48235,0.47771,0.47308,0.46515,0.45393,0.44271,0.4289,0.41248,0.39607,0.37789,0.35795,0.33801,0.31703,0.29502,0.27301,0.25063,0.22786,0.20509,0.18249,0.16006,0.13762,0.11589,0.094851,0.073815,0.054168,0.035905,0.017639,0.0014666,-0.01261,-0.026687,-0.037955,-0.046413,-0.054871,-0.059879,-0.06144,-0.063,-0.061002,-0.055444,-0.049883,-0.041464,-0.030185,-0.018902,-0.0064345,0.0072162,0.020866,0.033222,0.044285,0.055351,0.063544,0.068861,0.074179,0.077594,0.079108,0.080621,0.082702,0.085352,0.088003,0.093581,0.10209,0.1106,0.12277,0.13859,0.15441,0.16834,0.18039,0.19244,0.19973,0.20224,0.20474,0.2023,0.1949,0.1875,0.1765,0.1619,0.14731,0.13057,0.1117,0.092827,0.073682,0.054271,0.034857,0.018359,0.0047814,-0.0087977,-0.016994,-0.019807,-0.02262,-0.019532,-0.010543,0,0,0,0,0,0,0,0,0,0,0,0,0,0,0,0,0,0,0,0,0,0,0,0,0,0,0,0,0,0,0,0,0,0,0,0,0,0,0,0,0,0,0,0,0,0,0,0,0,0,0,0,0,0,0,0,0,0,0,0,0,0,0,0,0,0,0,-0.028011,-0.028678,-0.029343,-0.025582,-0.017394,-0.0092053,-0.00029455,0.0093416,0.018978,0.026168,0.030915,0.035661,0.036628,0.033815,0.031001,0.02725,0.02256,0.01787,0.013029,0.0080386,0.0030479,-0.00017227,-0.0016213,-0.0030695,-0.0032272,-0.0020939,-0.00096009,0.00029769,0.0016799,0.0030617,0.0060824,0.010743,0.015405,0.020745,0.026767,0.032787,0.043981,0.060354,0.076726,0.092941,0.109,0.12506,0.14634,0.17285,0.19936,0.22431,0.2477,0.27108,0.28961,0.30326,0.31692,0.33528,0.35835,0.38142,0.39921,0.41171,0.42421,0.43708,0.45032,0.46357,0.47836,0.49471,0.51105,0.52189,0.52723,0.53256,0.54058,0.55126,0.56195,0.57001,0.57544,0.58087,0.58332,0.58279,0.58226,0.5774,0.56822,0.55903,0.55457,0.55485,0.55512,0.55426,0.55226,0.55026,0.54733,0.54347,0.53961,0.53334,0.52466,0.51598,0.50541,0.49295,0.4805,0.46742,0.45373,0.44003,0.42641,0.41286,0.39931,0.38524,0.37064,0.35604,0.34017,0.32303,0.3059,0.2879,0.26905,0.25021,0.23185,0.21396,0.19608,0.17975,0.16497,0.1502,0.1377,0.12748,0.11727,0.10942,0.10394,0.098462,0.095173,0.094073,0.092973,0.093624,0.096027,0.09843,0.10192,0.10649,0.11106,0.11634,0.12232,0.12831,0.13489,0.14207,0.14925,0.15527,0.16012,0.16497,0.16967,0.17422,0.17878,0.18483,0.19239,0.19994,0.20855,0.21822,0.22788,0.23752,0.24713,0.25674,0.26104,0.26003,0.25901,0.25411,0.24531,0.23651,0.22521,0.21141,0.19761,0.18242,0.16583,0.14925,0.13116,0.11158,0.091994,0.070202,0.046202,0.022204,-0.0038603,-0.03199,-0.060115,-0.088719,-0.1178,-0.14688,-0.1742,-0.19975,-0.2253,-0.24753,-0.26643,-0.28534,-0.29791,-0.30416,-0.3104,-0.3167,-0.32304,-0.32938,-0.33352,-0.33544,-0.33737,-0.3397,-0.34246,-0.34521,-0.34903,-0.35393,-0.35882,-0.35942,-0.3557,-0.35199,-0.34406,-0.3319,-0.31975,-0.30968,-0.30169,-0.2937,-0.28686,-0.28117,-0.27547,-0.27159,-0.26953,-0.26746,-0.26683,-0.26763,-0.26844,-0.27234,-0.27935,-0.28635,-0.29019,-0.29086,-0.29152,-0.29083,-0.2888,-0.28676,-0.28619,-0.2871,-0.28801,-0.29214,-0.29947,-0.3068,-0.25874,-0.15527,-0.02581
0,0,0,0,0.17939,0.17821,0.18047,0.18618,0.19188,0.19812,0.20489,0.21167,0.21715,0.22133,0.22551,0.22715,0.22624,0.22533,0.22113,0.21365,0.20616,0.19644,0.18449,0.17254,0.15909,0.14415,0.12921,0.11288,0.09517,0.077456,0.060236,0.043514,0.026791,0.0097672,-0.0075507,-0.024868,-0.042439,-0.060259,-0.078084,-0.094719,-0.11017,-0.12561,-0.14029,-0.15421,-0.16812,-0.17958,-0.18856,-0.19755,-0.20145,-0.20024,-0.19904,-0.19558,-0.18987,-0.18415,-0.17764,-0.17033,-0.16302,-0.15619,-0.14984,-0.1435,-0.13882,-0.13582,-0.13281,-0.13238,-0.13452,-0.13666,-0.14109,-0.14782,-0.15454,-0.16143,-0.16849,-0.17555,-0.18001,-0.18186,-0.18371,-0.18213,-0.17711,-0.17209,-0.1656,-0.15763,-0.14966,-0.14334,-0.13867,-0.13399,-0.13288,-0.13533,-0.13778,-0.14293,-0.15079,-0.15864,-0.1662,-0.17344,-0.18068,-0.18502,-0.18647,-0.18791,-0.18614,-0.18117,-0.1762,-0.16991,-0.16229,-0.15468,-0.14811,-0.14258,-0.13705,-0.13272,-0.1296,-0.12649,-0.12564,-0.12708,-0.12851,-0.13065,-0.13348,-0.13632,-0.13869,-0.1406,-0.14252,-0.14307,-0.14226,-0.14145,-0.13941,-0.13613,-0.13285,-0.12823,-0.12227,-0.11631,-0.10901,-0.10037,-0.091728,-0.081904,-0.070895,-0.059886,-0.048012,-0.035273,-0.022535,-0.0091839,0.0047818,0.018749,0.033381,0.048679,0.063976,0.080213,0.0974,0.11458,0.13287,0.15227,0.17167,0.19185,0.21282,0.23379,0.25485,0.27602,0.29718,0.31779,0.33784,0.35789,0.37683,0.39465,0.41247,0.42858,0.44297,0.45736,0.46931,0.47882,0.48833,0.49463,0.49772,0.50081,0.50019,0.49587,0.49154,0.48362,0.47211,0.46061,0.44629,0.42915,0.41201,0.39303,0.3722,0.35139,0.32963,0.30693,0.28424,0.26133,0.2382,0.21508,0.19215,0.16943,0.14671,0.12456,0.10297,0.081389,0.060975,0.041729,0.022478,0.0050918,-0.010427,-0.025947,-0.038787,-0.04895,-0.059111,-0.065743,-0.068846,-0.071949,-0.071233,-0.066698,-0.062162,-0.054467,-0.043614,-0.032758,-0.020476,-0.00677,0.0069351,0.019552,0.031082,0.04261,0.051451,0.057604,0.063753,0.067778,0.069676,0.071572,0.073812,0.076395,0.078978,0.084769,0.093766,0.10276,0.11481,0.1299,0.145,0.15932,0.17288,0.18644,0.19505,0.19871,0.20238,0.20071,0.19371,0.18671,0.17564,0.1605,0.14536,0.12802,0.10849,0.088961,0.069421,0.049871,0.030316,0.013781,0.00026584,-0.013251,-0.021329,-0.023967,-0.026605,-0.023106,-0.013471,0,0,0,0,0,0,0,0,0,0,0,0,0,0,0,0,0,0,0,0,0,0,0,0,0,0,0,0,0,0,0,0,0,0,0,0,0,0,0,0,0,0,0,0,0,0,0,0,0,0,0,0,0,0,0,0,0,0,0,0,0,0,0,0,0,0,0,-0.030823,-0.031025,-0.031225,-0.028905,-0.024066,-0.019229,-0.01138,-0.00051701,0.010345,0.018269,0.023256,0.028242,0.028909,0.025256,0.021602,0.017651,0.013403,0.0091552,0.0054843,0.0023905,-0.00070308,-0.0020832,-0.001749,-0.0014143,-0.0012982,-0.0014005,-0.0015029,-0.001537,-0.0015022,-0.0014673,0.00074112,0.0051225,0.0095032,0.014433,0.019915,0.025396,0.035899,0.051429,0.066954,0.084075,0.1028,0.12152,0.1432,0.16785,0.1925,0.21674,0.24054,0.26435,0.28501,0.30252,0.32003,0.34002,0.36248,0.38494,0.40462,0.42152,0.43841,0.45304,0.46543,0.47781,0.49193,0.5078,0.52367,0.53625,0.54554,0.55483,0.56213,0.56744,0.57275,0.57815,0.58363,0.58911,0.59168,0.59136,0.59103,0.58756,0.58096,0.57436,0.57063,0.56979,0.56894,0.56582,0.56042,0.55503,0.55062,0.5472,0.54378,0.53769,0.52894,0.52019,0.50932,0.49632,0.48332,0.46966,0.45533,0.44099,0.42664,0.41226,0.39788,0.38282,0.36708,0.35134,0.33438,0.31621,0.29803,0.27915,0.25959,0.24003,0.22123,0.20321,0.18519,0.16877,0.15396,0.13915,0.12673,0.11668,0.10663,0.098949,0.09364,0.088331,0.085196,0.084235,0.083274,0.084128,0.086798,0.089467,0.093313,0.098334,0.10336,0.10922,0.11593,0.12265,0.12971,0.13712,0.14453,0.15092,0.15629,0.16166,0.16673,0.1715,0.17626,0.18225,0.18946,0.19668,0.20492,0.21418,0.22344,0.23295,0.24272,0.25249,0.2574,0.25744,0.25747,0.25356,0.24568,0.2378,0.22704,0.21339,0.19974,0.18421,0.16682,0.14942,0.13014,0.10896,0.087783,0.064345,0.038644,0.012943,-0.01451,-0.043717,-0.072919,-0.10213,-0.13135,-0.16058,-0.18771,-0.21275,-0.2378,-0.25951,-0.2779,-0.29629,-0.30964,-0.31797,-0.32629,-0.3338,-0.3405,-0.3472,-0.35069,-0.35096,-0.35123,-0.35412,-0.35962,-0.36512,-0.36895,-0.3711,-0.37325,-0.37176,-0.36661,-0.36145,-0.35186,-0.33784,-0.32381,-0.31194,-0.30223,-0.29252,-0.28438,-0.27781,-0.27125,-0.26708,-0.26529,-0.26351,-0.26357,-0.26546,-0.26736,-0.2711,-0.2767,-0.2823,-0.28643,-0.28908,-0.29173,-0.29183,-0.28939,-0.28695,-0.2861,-0.28686,-0.28761,-0.29203,-0.30012,-0.3082,-0.26022,-0.15615,0
0,0,0,0,0.1823,0.1815,0.18434,0.19082,0.1973,0.20327,0.20875,0.21423,0.21916,0.22354,0.22791,0.23035,0.23083,0.23132,0.22873,0.22308,0.21743,0.20895,0.19764,0.18634,0.17282,0.15709,0.14135,0.12387,0.10464,0.085407,0.067051,0.049571,0.03209,0.014099,-0.0044038,-0.022906,-0.041481,-0.060132,-0.078789,-0.095449,-0.11011,-0.12478,-0.13936,-0.15386,-0.16837,-0.18061,-0.19059,-0.20057,-0.2055,-0.20537,-0.20525,-0.20268,-0.19766,-0.19264,-0.18656,-0.17941,-0.17226,-0.16541,-0.15884,-0.15228,-0.14726,-0.14376,-0.14027,-0.13923,-0.14063,-0.14203,-0.14573,-0.15174,-0.15775,-0.1643,-0.17138,-0.17846,-0.18358,-0.18675,-0.18991,-0.19013,-0.18739,-0.18465,-0.18033,-0.17443,-0.16853,-0.16351,-0.15936,-0.1552,-0.15351,-0.15427,-0.15503,-0.1577,-0.16228,-0.16686,-0.17112,-0.17505,-0.17898,-0.18069,-0.18018,-0.17967,-0.17688,-0.1718,-0.16672,-0.16091,-0.15438,-0.14784,-0.14235,-0.13791,-0.13347,-0.12986,-0.12709,-0.12432,-0.12337,-0.12426,-0.12514,-0.12643,-0.12812,-0.1298,-0.13191,-0.13443,-0.13695,-0.13812,-0.13793,-0.13773,-0.13629,-0.13359,-0.13089,-0.12666,-0.12091,-0.11515,-0.10789,-0.099134,-0.090376,-0.080396,-0.069194,-0.057993,-0.045986,-0.033175,-0.020362,-0.0070154,0.0068665,0.020752,0.035306,0.050531,0.065758,0.082046,0.099405,0.11676,0.13535,0.15517,0.17499,0.19563,0.2171,0.23856,0.26012,0.28177,0.30342,0.32454,0.34513,0.36571,0.38525,0.40374,0.42223,0.43908,0.4543,0.46952,0.48235,0.49278,0.50321,0.51036,0.51424,0.51811,0.51804,0.51402,0.50999,0.50209,0.4903,0.47852,0.46368,0.44582,0.42795,0.40816,0.38646,0.36476,0.34223,0.31884,0.29546,0.27203,0.24854,0.22506,0.20181,0.1788,0.1558,0.13322,0.11109,0.088961,0.067781,0.047551,0.027317,0.0087229,-0.0082395,-0.025206,-0.039621,-0.051485,-0.06335,-0.071606,-0.076252,-0.080897,-0.081464,-0.077953,-0.074441,-0.067472,-0.057043,-0.046612,-0.034516,-0.020755,-0.006995,0.0058835,0.017879,0.02987,0.039358,0.046346,0.05333,0.057962,0.060243,0.062523,0.064922,0.067438,0.069954,0.075955,0.085439,0.094924,0.10685,0.12122,0.13559,0.15031,0.16537,0.18043,0.19037,0.19519,0.20001,0.19912,0.19252,0.18592,0.17478,0.15909,0.1434,0.12547,0.10528,0.085097,0.065159,0.045467,0.025774,0.0092008,-0.0042526,-0.017706,-0.025664,-0.028127,-0.03059,-0.026683,-0.016402,0,0,0,0,0,0,0,0,0,0,0,0,0,0,0,0,0,0,0,0,0,0,0,0,0,0,0,0,0,0,0,0,0,0,0,0,0,0,0,0,0,0,0,0,0,0,0,0,0,0,0,0,0,0,0,0,0,0,0,0,0,0,0,0,0,0,0,-0.033634,-0.033371,-0.033106,-0.032228,-0.030739,-0.02925,-0.022462,-0.010376,0.0017127,0.010372,0.015597,0.020822,0.021188,0.016696,0.012202,0.0080525,0.0044124,0.002399,0.00085582,-0.00021677,-0.0044526,-0.003993,-0.0018762,0.00024104,0.00063082,-0.00070716,-0.0020456,-0.0033711,-0.0046833,-0.0059952,-0.0046002,-0.00049886,0.0036024,0.0081231,0.013065,0.018007,0.027817,0.042502,0.057184,0.075214,0.096597,0.11797,0.14006,0.16285,0.18565,0.20916,0.23339,0.25762,0.28042,0.30179,0.32315,0.34476,0.36661,0.38847,0.41004,0.43132,0.45261,0.46901,0.48053,0.49205,0.5055,0.5209,0.53629,0.55061,0.56385,0.57708,0.58367,0.58361,0.58355,0.58629,0.59181,0.59734,0.60005,0.59992,0.5998,0.59772,0.59371,0.58969,0.58669,0.58472,0.58276,0.57738,0.56859,0.5598,0.55391,0.55093,0.54794,0.54204,0.53322,0.5244,0.51322,0.49969,0.48615,0.4719,0.45693,0.44195,0.42686,0.41165,0.39645,0.38041,0.36353,0.34665,0.3286,0.30938,0.29016,0.2704,0.25012,0.22984,0.21062,0.19246,0.1743,0.1578,0.14295,0.12811,0.11575,0.10587,0.095991,0.088481,0.08334,0.0782,0.075219,0.074397,0.073575,0.074633,0.077568,0.080503,0.084705,0.090175,0.095647,0.1021,0.10954,0.11698,0.12452,0.13216,0.13981,0.14657,0.15247,0.15836,0.16379,0.16877,0.17374,0.17967,0.18654,0.19342,0.20129,0.21014,0.219,0.22839,0.23832,0.24824,0.25375,0.25484,0.25593,0.253,0.24605,0.23909,0.22886,0.21536,0.20186,0.18601,0.1678,0.1496,0.12911,0.10634,0.083571,0.058487,0.031084,0.0036829,-0.025157,-0.055438,-0.08572,-0.11554,-0.1449,-0.17427,-0.20122,-0.22576,-0.25029,-0.2715,-0.28937,-0.30723,-0.32137,-0.33177,-0.34217,-0.3509,-0.35796,-0.36502,-0.36786,-0.36648,-0.3651,-0.36853,-0.37678,-0.38503,-0.38886,-0.38827,-0.38768,-0.38409,-0.3775,-0.37091,-0.35967,-0.34377,-0.32787,-0.3142,-0.30277,-0.29134,-0.2819,-0.27446,-0.26702,-0.26256,-0.26106,-0.25956,-0.2603,-0.26329,-0.26627,-0.26987,-0.27406,-0.27826,-0.28267,-0.28731,-0.29194,-0.29283,-0.28999,-0.28714,-0.28602,-0.28661,-0.28721,-0.29193,-0.30077,-0.30961,-0.2617,-0.15704,-0.026256
0,0,0,0,0.18117,0.1819,0.18567,0.19248,0.19928,0.2055,0.21113,0.21675,0.22193,0.22666,0.23138,0.23454,0.23612,0.2377,0.23633,0.232,0.22767,0.22006,0.20917,0.19828,0.18452,0.16791,0.15129,0.13282,0.11251,0.092194,0.072585,0.053682,0.034777,0.015451,-0.004295,-0.024043,-0.043334,-0.062164,-0.080996,-0.097581,-0.11192,-0.12626,-0.14081,-0.15558,-0.17035,-0.18263,-0.19243,-0.20223,-0.2075,-0.20824,-0.20899,-0.20731,-0.20322,-0.19912,-0.19382,-0.1873,-0.18079,-0.17439,-0.16811,-0.16183,-0.15686,-0.15321,-0.14956,-0.14809,-0.14878,-0.14948,-0.15235,-0.15739,-0.16244,-0.16832,-0.17504,-0.18176,-0.18723,-0.19144,-0.19566,-0.1975,-0.19697,-0.19644,-0.19426,-0.19043,-0.18661,-0.18288,-0.17924,-0.1756,-0.17331,-0.17235,-0.1714,-0.17155,-0.1728,-0.17405,-0.175,-0.17564,-0.17629,-0.17549,-0.17324,-0.171,-0.16744,-0.16258,-0.15771,-0.15269,-0.14752,-0.14235,-0.13815,-0.13491,-0.13168,-0.12892,-0.12662,-0.12433,-0.12313,-0.12302,-0.12292,-0.1233,-0.12418,-0.12506,-0.12666,-0.129,-0.13133,-0.13259,-0.13277,-0.13295,-0.13194,-0.12974,-0.12755,-0.1237,-0.1182,-0.1127,-0.10557,-0.096804,-0.08804,-0.078011,-0.066718,-0.055426,-0.043359,-0.030521,-0.017682,-0.0043456,0.0094877,0.023324,0.03786,0.053093,0.068327,0.084724,0.10229,0.11986,0.13875,0.15896,0.17918,0.20025,0.22217,0.2441,0.2661,0.28818,0.31026,0.33181,0.35282,0.37383,0.39385,0.41288,0.43191,0.44941,0.46538,0.48135,0.495,0.50633,0.51766,0.52568,0.53037,0.53507,0.53562,0.53203,0.52844,0.5207,0.5088,0.4969,0.48171,0.46324,0.44478,0.4243,0.4018,0.37931,0.35604,0.33199,0.30795,0.28397,0.26008,0.23619,0.21258,0.18927,0.16597,0.14298,0.12034,0.097696,0.075756,0.054518,0.033275,0.013397,-0.0051277,-0.02366,-0.039787,-0.053511,-0.067234,-0.077278,-0.083642,-0.090007,-0.092047,-0.08976,-0.087474,-0.081428,-0.071622,-0.061816,-0.050071,-0.036384,-0.022698,-0.0096164,0.0028633,0.015338,0.025472,0.033268,0.041062,0.046455,0.049447,0.052438,0.055333,0.05813,0.060928,0.067014,0.076391,0.085768,0.097392,0.11126,0.12513,0.14005,0.156,0.17195,0.18295,0.18899,0.19504,0.19518,0.18942,0.18367,0.17287,0.15703,0.14119,0.12292,0.10221,0.081501,0.061158,0.041175,0.02119,0.0043821,-0.0092476,-0.022878,-0.030996,-0.033602,-0.036207,-0.032299,-0.021875,0,0,0,0,0,0,0,0,0,0,0,0,0,0,0,0,0,0,0,0,0,0,0,0,0,0,0,0,0,0,0,0,0,0,0,0,0,0,0,0,0,0,0,0,0,0,0,0,0,0,0,0,0,0,0,0,0,0,0,0,0,0,0,0,0,-0.0091787,-0.015299,-0.03582,-0.035453,-0.035085,-0.034969,-0.035105,-0.035241,-0.029994,-0.019365,-0.008729,-0.00087421,0.004195,0.0092644,0.0095988,0.005198,0.00079502,-0.0019653,0,0,0,0,-0.005272,-0.0038756,-0.00087518,0.0021258,0.0025009,0.00024897,-0.0020039,-0.0041884,-0.0063045,-0.0084202,-0.0079859,-0.0050015,-0.0020169,0.0018588,0.0066257,0.011392,0.020465,0.033841,0.047215,0.06525,0.087937,0.11062,0.13292,0.15484,0.17676,0.20088,0.2272,0.25352,0.27846,0.30203,0.3256,0.34832,0.37019,0.39206,0.41474,0.43823,0.46173,0.48035,0.4941,0.50785,0.52193,0.53634,0.55075,0.56518,0.57962,0.59406,0.60081,0.59986,0.59891,0.59995,0.60297,0.60599,0.60763,0.6079,0.60817,0.60692,0.60417,0.60142,0.59859,0.59569,0.5928,0.58657,0.57701,0.56745,0.56096,0.55753,0.55411,0.54734,0.53723,0.52711,0.5148,0.50029,0.48578,0.47088,0.45559,0.4403,0.42471,0.40882,0.39293,0.37626,0.35881,0.34136,0.32262,0.30258,0.28254,0.26213,0.24136,0.2206,0.201,0.18255,0.16411,0.14737,0.13233,0.1173,0.10481,0.094856,0.084906,0.077384,0.072289,0.067195,0.064266,0.063503,0.06274,0.063892,0.066956,0.070019,0.074437,0.080213,0.08599,0.092898,0.10094,0.10898,0.11699,0.12498,0.13296,0.1402,0.14671,0.15322,0.15921,0.16468,0.17016,0.17627,0.18303,0.18979,0.19754,0.20628,0.21503,0.22417,0.2337,0.24323,0.24892,0.25077,0.25262,0.25047,0.24433,0.23818,0.22849,0.21524,0.20199,0.18592,0.16704,0.14816,0.12662,0.10242,0.078225,0.051716,0.022892,-0.0059328,-0.03585,-0.066858,-0.097868,-0.12802,-0.15732,-0.18661,-0.21326,-0.23726,-0.26125,-0.28193,-0.29929,-0.31664,-0.33103,-0.34245,-0.35387,-0.3633,-0.37075,-0.3782,-0.38149,-0.38062,-0.37974,-0.38346,-0.39177,-0.40008,-0.4031,-0.40084,-0.39858,-0.39356,-0.38579,-0.37801,-0.36582,-0.34921,-0.3326,-0.31744,-0.30373,-0.29003,-0.27905,-0.27079,-0.26253,-0.25774,-0.25641,-0.25508,-0.25627,-0.25999,-0.26371,-0.26787,-0.27247,-0.27707,-0.28173,-0.28646,-0.29119,-0.29203,-0.28899,-0.28595,-0.28481,-0.28557,-0.28633,-0.29094,-0.2994,-0.30787,-0.2601,-0.15608,-0.052041
0,0,0,0,0.17599,0.17941,0.18446,0.19115,0.19784,0.2048,0.21202,0.21924,0.22547,0.23069,0.23592,0.23972,0.2421,0.24448,0.24391,0.24041,0.2369,0.22979,0.21907,0.20836,0.1942,0.17661,0.15902,0.13974,0.11878,0.09782,0.07684,0.055848,0.034852,0.013825,-0.0072285,-0.028283,-0.04799,-0.066347,-0.084704,-0.10111,-0.11558,-0.13005,-0.14464,-0.15935,-0.17407,-0.18565,-0.19409,-0.20253,-0.20745,-0.20885,-0.21025,-0.20948,-0.20654,-0.20359,-0.19941,-0.194,-0.1886,-0.18314,-0.17764,-0.17213,-0.16764,-0.16416,-0.16069,-0.15896,-0.15899,-0.15901,-0.16094,-0.16477,-0.1686,-0.1735,-0.17948,-0.18546,-0.19095,-0.19595,-0.20094,-0.20425,-0.20586,-0.20746,-0.20739,-0.20565,-0.2039,-0.20146,-0.19833,-0.19519,-0.19228,-0.18958,-0.18688,-0.18447,-0.18234,-0.18021,-0.17784,-0.17522,-0.17261,-0.16942,-0.16566,-0.16189,-0.15784,-0.15351,-0.14917,-0.14524,-0.14172,-0.1382,-0.13548,-0.13358,-0.13168,-0.12988,-0.1282,-0.12651,-0.1249,-0.12336,-0.12183,-0.12126,-0.12167,-0.12208,-0.12295,-0.1243,-0.12564,-0.12647,-0.1268,-0.12712,-0.12638,-0.1246,-0.12281,-0.11933,-0.11414,-0.10896,-0.10203,-0.093378,-0.084719,-0.074748,-0.063464,-0.05218,-0.040129,-0.027312,-0.014495,-0.001175,0.012646,0.026467,0.041038,0.056359,0.071681,0.088245,0.10605,0.12386,0.14306,0.16365,0.18424,0.2057,0.22805,0.25039,0.27279,0.29525,0.31771,0.3396,0.36093,0.38225,0.40264,0.42208,0.44153,0.45957,0.47621,0.49284,0.50727,0.51948,0.5317,0.54058,0.54613,0.55168,0.55294,0.54991,0.54688,0.53944,0.5276,0.51576,0.50036,0.48143,0.4625,0.44143,0.41822,0.395,0.37105,0.34636,0.32167,0.29716,0.27281,0.24847,0.22448,0.20085,0.17722,0.15384,0.13072,0.1076,0.084901,0.062626,0.040348,0.019109,-0.001097,-0.021309,-0.039285,-0.055023,-0.070758,-0.082756,-0.091018,-0.09928,-0.10298,-0.10212,-0.10126,-0.096335,-0.087353,-0.07837,-0.06714,-0.053659,-0.040177,-0.026947,-0.013962,-0.00097976,0.0097964,0.018372,0.026947,0.033252,0.037285,0.041318,0.045048,0.048473,0.0519,0.057949,0.066621,0.075294,0.086427,0.10002,0.11362,0.12854,0.14476,0.161,0.17278,0.18012,0.18746,0.18889,0.18442,0.17995,0.16991,0.15432,0.13871,0.12037,0.099273,0.078175,0.057417,0.036995,0.016571,-0.00066808,-0.014718,-0.028766,-0.037324,-0.040391,-0.043456,-0.039954,-0.029884,-0.011998,0,0,0,0,0,0,0,0,0,0,0,0,0,0,0,0,0,0,0,0,0,0,0,0,0,0,0,0,0,0,0,0,0,0,0,0,0,0,0,0,0,0,0,0,0,0,0,0,0,0,0,0,0,0,0,0,0,0,0,0,0,0,0,0,-0.0091787,-0.015299,-0.037381,-0.037273,-0.037161,-0.037126,-0.037165,-0.037204,-0.033975,-0.027479,-0.02098,-0.01547,-0.01095,-0.0064304,-0.0058587,-0.0092381,-0.012619,-0.0124,0,0,0,0,-0.0021086,-0.0014019,9.4559e-05,0.0015914,0.0017032,0.00042918,-0.00084543,-0.0039899,-0.0063665,-0.008743,-0.0094156,-0.0083846,-0.0073534,-0.0043598,0.00059612,0.005553,0.013837,0.025446,0.037055,0.054185,0.076824,0.099458,0.12179,0.14382,0.16584,0.19189,0.22197,0.25205,0.27915,0.30326,0.32738,0.3507,0.3732,0.39571,0.41872,0.44224,0.46577,0.48707,0.50614,0.52521,0.54121,0.55413,0.56705,0.57996,0.59285,0.60575,0.61352,0.61618,0.61883,0.61913,0.61708,0.61503,0.61444,0.61529,0.61614,0.61516,0.61235,0.60955,0.60633,0.6027,0.59906,0.59339,0.58569,0.57798,0.57176,0.56702,0.56228,0.5536,0.54097,0.52834,0.51406,0.49814,0.48221,0.46661,0.45134,0.43606,0.4202,0.40377,0.38734,0.37039,0.35294,0.33549,0.31644,0.2958,0.27516,0.25433,0.23332,0.2123,0.19236,0.17349,0.15462,0.13749,0.12211,0.10672,0.093898,0.083636,0.073376,0.06566,0.060488,0.055317,0.052338,0.051554,0.050771,0.051907,0.054963,0.058019,0.062515,0.068452,0.074387,0.081612,0.090126,0.098643,0.10712,0.11555,0.12399,0.13182,0.13903,0.14624,0.15298,0.15924,0.1655,0.17206,0.17892,0.18579,0.19368,0.2026,0.21152,0.22028,0.22887,0.23746,0.24291,0.24522,0.24752,0.24596,0.24053,0.23509,0.22592,0.21302,0.20011,0.18395,0.16453,0.14511,0.12267,0.097209,0.071748,0.044033,0.014066,-0.015904,-0.046586,-0.077979,-0.10937,-0.13957,-0.16859,-0.19761,-0.22383,-0.24725,-0.27067,-0.29081,-0.30766,-0.32451,-0.33863,-0.35001,-0.3614,-0.37102,-0.37888,-0.38674,-0.39157,-0.39337,-0.39517,-0.39891,-0.40459,-0.41027,-0.41168,-0.40881,-0.40594,-0.40016,-0.39146,-0.38275,-0.37032,-0.35416,-0.338,-0.32166,-0.30513,-0.28859,-0.27582,-0.26679,-0.25777,-0.25262,-0.25135,-0.25007,-0.25148,-0.25557,-0.25967,-0.26512,-0.27192,-0.27873,-0.28361,-0.28655,-0.28948,-0.28944,-0.28641,-0.28338,-0.28249,-0.28372,-0.28496,-0.28905,-0.29602,-0.30298,-0.25541,-0.15326,-0.051105
0,0,0,0,0.17082,0.17692,0.18325,0.18983,0.1964,0.20409,0.21291,0.22173,0.229,0.23473,0.24045,0.2449,0.24808,0.25125,0.2515,0.24881,0.24612,0.23951,0.22897,0.21844,0.20388,0.18532,0.16675,0.14666,0.12505,0.10344,0.081097,0.058014,0.034924,0.012198,-0.010163,-0.032524,-0.052647,-0.07053,-0.088415,-0.10465,-0.11925,-0.13384,-0.14846,-0.16313,-0.17779,-0.18866,-0.19574,-0.20283,-0.2074,-0.20946,-0.21152,-0.21165,-0.20986,-0.20806,-0.20501,-0.2007,-0.1964,-0.19189,-0.18716,-0.18244,-0.17842,-0.17512,-0.17181,-0.16983,-0.16919,-0.16855,-0.16953,-0.17215,-0.17476,-0.17869,-0.18393,-0.18916,-0.19467,-0.20045,-0.20623,-0.21099,-0.21474,-0.21849,-0.22053,-0.22086,-0.22119,-0.22004,-0.21741,-0.21478,-0.21124,-0.2068,-0.20236,-0.19739,-0.19188,-0.18637,-0.18068,-0.17481,-0.16894,-0.16336,-0.15807,-0.15279,-0.14824,-0.14444,-0.14064,-0.1378,-0.13592,-0.13404,-0.13282,-0.13225,-0.13167,-0.13085,-0.12977,-0.1287,-0.12668,-0.12371,-0.12074,-0.11922,-0.11916,-0.1191,-0.11924,-0.1196,-0.11995,-0.12036,-0.12082,-0.12128,-0.12082,-0.11945,-0.11808,-0.11496,-0.11009,-0.10521,-0.098503,-0.08995,-0.081396,-0.071484,-0.06021,-0.048935,-0.036901,-0.024104,-0.011307,0.0019953,0.015804,0.02961,0.044216,0.059625,0.075035,0.091765,0.10982,0.12787,0.14738,0.16834,0.1893,0.21116,0.23393,0.25669,0.27949,0.30232,0.32515,0.34739,0.36903,0.39067,0.41142,0.43128,0.45114,0.46972,0.48703,0.50434,0.51954,0.53263,0.54573,0.55548,0.56188,0.56828,0.57025,0.56779,0.56532,0.55819,0.54641,0.53462,0.51902,0.49963,0.48023,0.45856,0.43463,0.4107,0.38607,0.36073,0.3354,0.31034,0.28554,0.26075,0.23637,0.21243,0.18848,0.1647,0.14111,0.1175,0.094048,0.070738,0.047422,0.024823,0.0029351,-0.01896,-0.038783,-0.056533,-0.07428,-0.088233,-0.098392,-0.10855,-0.11392,-0.11448,-0.11504,-0.11124,-0.10308,-0.094918,-0.084202,-0.070931,-0.057658,-0.044278,-0.030787,-0.017297,-0.0058776,0.0034772,0.012832,0.020047,0.025122,0.030198,0.034763,0.038817,0.04287,0.048883,0.056851,0.064819,0.075464,0.088784,0.10211,0.11702,0.13353,0.15004,0.16261,0.17125,0.17988,0.1826,0.17941,0.17623,0.16696,0.1516,0.13624,0.11782,0.096335,0.074851,0.053679,0.032818,0.011955,-0.0057152,-0.020186,-0.034655,-0.043653,-0.047178,-0.050703,-0.047608,-0.037892,-0.028177,-0.011497,-0.0068999,0,0,0,0,0,0,0,0,0,0,0,0,0,0,0,0,0,0,0,0,0,0,0,0,0,0,0,0,0,0,0,0,0,0,0,0,0,0,0,0,0,0,0,0,0,0,0,0,0,0,0,0,0,0,0,0,0,0,0,0,0,0,0,0,-0.019081,-0.039088,-0.039234,-0.039278,-0.03922,-0.039161,-0.037952,-0.035588,-0.033225,-0.030059,-0.026088,-0.022117,-0.021309,-0.023667,-0.026025,-0.022829,0,0,0,0,0,0,0,0,0,0,0,-0.0019455,-0.0031987,-0.0090651,-0.010845,-0.011766,-0.012688,-0.010576,-0.0054315,-0.00028606,0.0072083,0.017053,0.026898,0.043115,0.065707,0.0883,0.11066,0.13279,0.15492,0.1829,0.21673,0.25057,0.27983,0.3045,0.32916,0.35307,0.37621,0.39936,0.42271,0.44626,0.46981,0.49378,0.51818,0.54257,0.56049,0.57192,0.58335,0.59474,0.60609,0.61744,0.62624,0.63249,0.63874,0.63831,0.6312,0.62409,0.62125,0.62268,0.62411,0.6234,0.62054,0.61768,0.61407,0.6097,0.60533,0.60022,0.59437,0.58852,0.58256,0.57651,0.57045,0.55985,0.54471,0.52956,0.51332,0.49598,0.47865,0.46235,0.44708,0.43182,0.41569,0.39872,0.38174,0.36453,0.34707,0.32962,0.31027,0.28903,0.26779,0.24654,0.22527,0.20401,0.18372,0.16443,0.14513,0.12762,0.11188,0.096145,0.082993,0.072419,0.061846,0.053936,0.048687,0.043439,0.040412,0.039606,0.038802,0.039923,0.04297,0.046018,0.050592,0.056689,0.062785,0.070326,0.079313,0.088302,0.097243,0.10613,0.11502,0.12343,0.13135,0.13927,0.14675,0.1538,0.16085,0.16785,0.17482,0.18178,0.18982,0.19892,0.20802,0.2164,0.22404,0.23169,0.2369,0.23966,0.24243,0.24145,0.23672,0.23199,0.22335,0.21079,0.19823,0.18197,0.16201,0.14206,0.11872,0.091994,0.065271,0.036352,0.0052398,-0.025871,-0.057315,-0.089092,-0.12086,-0.15112,-0.17987,-0.20861,-0.23441,-0.25725,-0.2801,-0.29969,-0.31603,-0.33237,-0.34622,-0.35757,-0.36892,-0.37874,-0.38701,-0.39528,-0.40165,-0.40612,-0.41059,-0.41435,-0.4174,-0.42045,-0.42025,-0.41678,-0.41331,-0.40676,-0.39712,-0.38749,-0.37482,-0.35912,-0.34341,-0.32588,-0.30652,-0.28716,-0.27259,-0.2628,-0.25302,-0.24751,-0.24629,-0.24507,-0.24669,-0.25116,-0.25562,-0.26236,-0.27138,-0.2804,-0.28548,-0.28663,-0.28777,-0.28684,-0.28383,-0.28082,-0.28017,-0.28187,-0.28358,-0.28717,-0.29263,-0.2981,-0.25072,-0.15046,-0.050172
0,0,0,0,0.16995,0.17473,0.18073,0.18794,0.19515,0.20373,0.21368,0.22362,0.23188,0.23846,0.24504,0.25015,0.25381,0.25747,0.25818,0.25596,0.25373,0.24726,0.23655,0.22585,0.21084,0.19152,0.1722,0.15134,0.12896,0.10656,0.083086,0.058516,0.033948,0.0099459,-0.013485,-0.036913,-0.057531,-0.075331,-0.093131,-0.10927,-0.12374,-0.1382,-0.15219,-0.1657,-0.17921,-0.18896,-0.19496,-0.20095,-0.20517,-0.20762,-0.21008,-0.21101,-0.21043,-0.20985,-0.20815,-0.20534,-0.20253,-0.19938,-0.19587,-0.19236,-0.18919,-0.18636,-0.18352,-0.18155,-0.18044,-0.17932,-0.17954,-0.1811,-0.18265,-0.18568,-0.19018,-0.19467,-0.20003,-0.20625,-0.21247,-0.21823,-0.22353,-0.22884,-0.23243,-0.23431,-0.23619,-0.23593,-0.23355,-0.23117,-0.22697,-0.22095,-0.21494,-0.2078,-0.19954,-0.19127,-0.18292,-0.17449,-0.16605,-0.15862,-0.15217,-0.14573,-0.14089,-0.13766,-0.13443,-0.13264,-0.13228,-0.13192,-0.13202,-0.13258,-0.13314,-0.13301,-0.13218,-0.13136,-0.12899,-0.12509,-0.12118,-0.11862,-0.11741,-0.1162,-0.11526,-0.11459,-0.11392,-0.11376,-0.11411,-0.11446,-0.11411,-0.11306,-0.11201,-0.10923,-0.10474,-0.10024,-0.09382,-0.085483,-0.077146,-0.067386,-0.056202,-0.045016,-0.033047,-0.020291,-0.0075353,0.0057456,0.019557,0.033367,0.04802,0.063518,0.079016,0.095887,0.11414,0.13238,0.15212,0.17335,0.19458,0.21675,0.23984,0.26293,0.28607,0.30924,0.33242,0.35501,0.377,0.39899,0.42013,0.44043,0.46073,0.47985,0.49778,0.51571,0.53162,0.54549,0.55936,0.56987,0.57703,0.58418,0.5868,0.58489,0.58297,0.57621,0.5646,0.55299,0.53736,0.51772,0.49807,0.47602,0.45158,0.42714,0.40197,0.37608,0.3502,0.3246,0.29931,0.27402,0.24918,0.2248,0.20042,0.17615,0.15199,0.12783,0.1036,0.079299,0.054989,0.031119,0.0076793,-0.015768,-0.037328,-0.057004,-0.076676,-0.092559,-0.10466,-0.11676,-0.12388,-0.12602,-0.12817,-0.12567,-0.11852,-0.11138,-0.10135,-0.088428,-0.075503,-0.062091,-0.048192,-0.034292,-0.022286,-0.012178,-0.0020726,0.0060165,0.012088,0.018159,0.023571,0.028325,0.033077,0.039122,0.046461,0.053799,0.064,0.077064,0.090128,0.10477,0.12099,0.13722,0.15029,0.16022,0.17014,0.17419,0.17234,0.1705,0.16228,0.14768,0.13308,0.11504,0.093577,0.072113,0.050785,0.029594,0.0083976,-0.0096897,-0.024665,-0.039642,-0.049208,-0.053365,-0.057521,-0.055099,-0.046097,-0.037094,-0.027902,-0.018516,0,0,0,0,0,0,0,0,0,0,0,0,0,0,0,0,0,0,0,0,0,0,0,0,0,0,0,0,0,0,0,0,0,0,0,0,0,0,0,0,0,0,0,0,0,0,0,0,0,0,0,0,0,0,0,0,0,0,0,0,0,0,0,0,0,-0.033328,-0.033557,-0.033626,-0.033537,-0.033448,-0.03328,-0.033033,-0.032787,-0.031124,-0.028043,-0.024962,-0.02419,-0.02573,-0.02727,-0.023367,-0.0056085,0,0,0,0,0,0,0,0,0,0,0,0,-0.0078292,-0.010294,-0.012859,-0.015423,-0.014577,-0.010318,-0.0060596,0.00036468,0.0089554,0.017547,0.032936,0.055129,0.077324,0.10003,0.12326,0.14648,0.17498,0.20874,0.24252,0.27313,0.30058,0.32803,0.35397,0.37841,0.40285,0.42722,0.45153,0.47583,0.50138,0.52818,0.55499,0.5749,0.5879,0.60091,0.61209,0.62146,0.63082,0.63918,0.64654,0.6539,0.65387,0.64646,0.63903,0.6361,0.63765,0.63921,0.63854,0.63565,0.63275,0.62879,0.62377,0.61875,0.61336,0.6076,0.60184,0.59441,0.58531,0.57621,0.56318,0.54621,0.52924,0.51218,0.49501,0.47785,0.46156,0.44614,0.43073,0.41423,0.39666,0.37909,0.36126,0.34315,0.32505,0.30515,0.28343,0.26171,0.24007,0.21852,0.19696,0.17638,0.15676,0.13714,0.11929,0.10319,0.087095,0.073481,0.062347,0.051213,0.042795,0.037092,0.031389,0.028035,0.027031,0.026028,0.026885,0.029599,0.032313,0.036866,0.043254,0.049642,0.057484,0.066779,0.076077,0.085421,0.094806,0.10419,0.11323,0.12192,0.13061,0.13889,0.14677,0.15465,0.16234,0.16984,0.17734,0.1856,0.19462,0.20364,0.21165,0.21865,0.22565,0.23059,0.23346,0.23633,0.23559,0.23126,0.22692,0.21855,0.20616,0.19376,0.17736,0.15695,0.13655,0.11259,0.085047,0.057506,0.027838,-0.0039536,-0.03574,-0.067647,-0.099673,-0.13169,-0.16196,-0.19048,-0.21899,-0.24444,-0.26682,-0.2892,-0.30839,-0.3244,-0.34041,-0.35408,-0.36542,-0.37675,-0.38662,-0.39503,-0.40343,-0.41044,-0.41606,-0.42168,-0.42522,-0.42669,-0.42817,-0.42686,-0.42278,-0.4187,-0.41145,-0.40104,-0.39062,-0.37758,-0.36191,-0.34623,-0.32835,-0.30826,-0.28817,-0.27298,-0.26268,-0.25239,-0.24652,-0.24509,-0.24366,-0.24516,-0.24961,-0.25405,-0.26075,-0.26971,-0.27867,-0.28327,-0.28351,-0.28375,-0.28239,-0.27944,-0.27648,-0.27603,-0.2781,-0.28016,-0.28415,-0.29006,-0.29597,-0.24912,-0.1495,-0.049847
0,0,0,0,0.17337,0.17285,0.17689,0.1855,0.1941,0.20371,0.21432,0.22492,0.23412,0.2419,0.24968,0.25548,0.25931,0.26313,0.26397,0.26184,0.2597,0.25303,0.24181,0.2306,0.21506,0.19522,0.17537,0.1538,0.13049,0.10718,0.082803,0.05736,0.03192,0.0070682,-0.017196,-0.041456,-0.06264,-0.080748,-0.098854,-0.11495,-0.12905,-0.14315,-0.15583,-0.16709,-0.17835,-0.18656,-0.19173,-0.19689,-0.20077,-0.20335,-0.20593,-0.20756,-0.20826,-0.20896,-0.20884,-0.20792,-0.20699,-0.2056,-0.20375,-0.20191,-0.19995,-0.19789,-0.19583,-0.19411,-0.19272,-0.19134,-0.19097,-0.19163,-0.19228,-0.19448,-0.19823,-0.20199,-0.20702,-0.21334,-0.21966,-0.22596,-0.23223,-0.2385,-0.24309,-0.24599,-0.24889,-0.24914,-0.24675,-0.24436,-0.23945,-0.23203,-0.22462,-0.21571,-0.20531,-0.19491,-0.18456,-0.17426,-0.16396,-0.15519,-0.14796,-0.14072,-0.13579,-0.13318,-0.13056,-0.12977,-0.1308,-0.13183,-0.13309,-0.13459,-0.13608,-0.13636,-0.13543,-0.13449,-0.13185,-0.12751,-0.12316,-0.11947,-0.11643,-0.11339,-0.11101,-0.10927,-0.10754,-0.10667,-0.10666,-0.10664,-0.10623,-0.10541,-0.1046,-0.10216,-0.098092,-0.094026,-0.087989,-0.079979,-0.071969,-0.062456,-0.05144,-0.040422,-0.028566,-0.015872,-0.0031802,0.010078,0.023906,0.037735,0.052444,0.068033,0.083624,0.10061,0.119,0.13738,0.15728,0.17868,0.20009,0.22245,0.24578,0.26911,0.29252,0.31602,0.33951,0.36245,0.38483,0.4072,0.42877,0.44953,0.47029,0.48993,0.50846,0.52698,0.54351,0.55804,0.57258,0.58376,0.59157,0.59937,0.60259,0.60121,0.59983,0.59348,0.58218,0.57086,0.55537,0.5357,0.51603,0.49382,0.46907,0.44433,0.41877,0.39241,0.36605,0.33995,0.31412,0.28828,0.2629,0.23796,0.21303,0.18816,0.16337,0.13857,0.11355,0.088303,0.063051,0.037993,0.01313,-0.011731,-0.034917,-0.056434,-0.077947,-0.095739,-0.10982,-0.1239,-0.13288,-0.13676,-0.14063,-0.13961,-0.13368,-0.12776,-0.11858,-0.10615,-0.093711,-0.080387,-0.066173,-0.051956,-0.03943,-0.028601,-0.017772,-0.0088437,-0.0018193,0.0052024,0.011475,0.016998,0.022519,0.02867,0.03545,0.042229,0.052032,0.064857,0.077684,0.091784,0.10715,0.12252,0.13581,0.14704,0.15826,0.16366,0.16321,0.16277,0.15588,0.14255,0.12923,0.11204,0.091001,0.069964,0.048737,0.027324,0.005904,-0.012591,-0.028159,-0.043727,-0.05399,-0.058951,-0.06391,-0.062426,-0.054499,-0.046569,-0.037718,-0.027948,-0.011351,0,0,0,0,0,0,0,0,0,0,0,0,0,0,0,0,0,0,0,0,0,0,0,0,0,0,0,0,0,0,0,0,0,0,0,0,0,0,0,0,0,0,0,0,0,0,0,0,0,0,0,0,0,0,0,0,0,0,0,0,0,0,0,0,-0.013331,-0.013423,-0.01345,-0.013415,-0.013379,-0.013311,-0.013212,-0.013114,-0.012449,-0.011217,-0.0099841,-0.0096756,-0.010291,-0.010907,-0.0093461,-0.0056085,0,0,0,0,0,0,0,0,0,0,0,0,-0.0050356,-0.0077628,-0.011663,-0.015562,-0.016364,-0.014067,-0.011768,-0.0066945,0.001154,0.0090042,0.023649,0.045089,0.066532,0.089908,0.11521,0.14051,0.16811,0.198,0.22788,0.25905,0.29152,0.32399,0.35341,0.37979,0.40618,0.43226,0.45804,0.48382,0.50985,0.53615,0.56245,0.58443,0.60208,0.61973,0.63202,0.63895,0.64588,0.65234,0.65833,0.66432,0.66582,0.66284,0.65986,0.65898,0.66021,0.66144,0.66059,0.65767,0.65474,0.65049,0.6449,0.63931,0.6328,0.62538,0.61796,0.60731,0.59344,0.57956,0.56357,0.54548,0.52739,0.51064,0.49523,0.47981,0.46424,0.44852,0.43279,0.41582,0.3976,0.37938,0.36058,0.34119,0.3218,0.30107,0.27899,0.25691,0.23493,0.21306,0.19118,0.17033,0.15049,0.13066,0.1125,0.096033,0.079566,0.065362,0.053419,0.041476,0.032237,0.025701,0.019166,0.015207,0.013829,0.012451,0.012792,0.01485,0.016908,0.021343,0.028152,0.034963,0.043089,0.052529,0.061971,0.071654,0.081576,0.091498,0.10122,0.11074,0.12027,0.12941,0.13817,0.14692,0.15553,0.16399,0.17245,0.18102,0.18969,0.19837,0.20604,0.21269,0.21934,0.22398,0.2266,0.22922,0.2284,0.22413,0.21987,0.21153,0.19911,0.1867,0.17011,0.14936,0.12861,0.10428,0.076367,0.048456,0.0185,-0.013511,-0.04552,-0.077588,-0.10972,-0.14186,-0.17209,-0.20042,-0.22876,-0.25393,-0.27595,-0.29797,-0.31691,-0.33276,-0.34861,-0.36221,-0.37354,-0.38488,-0.39467,-0.40293,-0.41119,-0.41795,-0.42319,-0.42843,-0.43152,-0.43246,-0.43341,-0.43152,-0.42682,-0.42211,-0.41424,-0.40319,-0.39214,-0.37859,-0.36253,-0.34646,-0.32907,-0.31035,-0.29162,-0.27698,-0.26643,-0.25588,-0.24965,-0.24775,-0.24584,-0.2469,-0.25092,-0.25494,-0.26027,-0.26691,-0.27355,-0.27698,-0.2772,-0.27741,-0.27609,-0.27323,-0.27037,-0.27009,-0.27239,-0.27469,-0.27999,-0.28829,-0.29659,-0.25064,-0.1504,-0.050148
0,0,0,0,0.1768,0.17096,0.17305,0.18305,0.19306,0.20369,0.21495,0.22622,0.23635,0.24534,0.25433,0.26081,0.2648,0.26878,0.26976,0.26772,0.26568,0.2588,0.24707,0.23534,0.21929,0.19892,0.17855,0.15625,0.13202,0.10779,0.08252,0.056205,0.029892,0.0041885,-0.020907,-0.046002,-0.067754,-0.086165,-0.10458,-0.12064,-0.13436,-0.14809,-0.15946,-0.16847,-0.17748,-0.18416,-0.1885,-0.19284,-0.19636,-0.19907,-0.20177,-0.20411,-0.20609,-0.20806,-0.20953,-0.21049,-0.21145,-0.21183,-0.21164,-0.21145,-0.21071,-0.20942,-0.20814,-0.20667,-0.20501,-0.20335,-0.2024,-0.20215,-0.2019,-0.20328,-0.20629,-0.2093,-0.21401,-0.22044,-0.22686,-0.23369,-0.24093,-0.24817,-0.25375,-0.25767,-0.26159,-0.26235,-0.25995,-0.25755,-0.25194,-0.24312,-0.23429,-0.22362,-0.21108,-0.19855,-0.1862,-0.17404,-0.16187,-0.15177,-0.14374,-0.13571,-0.13069,-0.12869,-0.12669,-0.1269,-0.12932,-0.13173,-0.13416,-0.13659,-0.13903,-0.13972,-0.13867,-0.13763,-0.13471,-0.12993,-0.12514,-0.12032,-0.11545,-0.11058,-0.10675,-0.10395,-0.10116,-0.099576,-0.099205,-0.098834,-0.098357,-0.097773,-0.097189,-0.095081,-0.091448,-0.087814,-0.082157,-0.074475,-0.066793,-0.057525,-0.046676,-0.035827,-0.024086,-0.011454,0.0011744,0.014411,0.028257,0.042102,0.056866,0.072548,0.088233,0.10534,0.12387,0.14239,0.16244,0.18401,0.20559,0.22816,0.25172,0.27529,0.29898,0.32279,0.34661,0.3699,0.39265,0.41541,0.4374,0.45863,0.47985,0.50002,0.51913,0.53824,0.55539,0.5706,0.58581,0.59764,0.6061,0.61456,0.61837,0.61753,0.61669,0.61076,0.59975,0.58874,0.57338,0.55369,0.53398,0.51161,0.48657,0.46152,0.43557,0.40874,0.38191,0.3553,0.32892,0.30255,0.27662,0.25113,0.22564,0.20018,0.17475,0.14932,0.1235,0.097309,0.07111,0.044871,0.018591,-0.0076873,-0.032502,-0.055861,-0.079217,-0.09892,-0.11498,-0.13104,-0.14187,-0.14749,-0.1531,-0.15355,-0.14884,-0.14413,-0.1358,-0.12386,-0.11192,-0.098682,-0.084152,-0.069618,-0.056573,-0.045019,-0.033464,-0.0237,-0.015727,-0.0077547,-0.00062125,0.005671,0.011962,0.018219,0.024439,0.030658,0.040061,0.052652,0.065246,0.078796,0.093307,0.10782,0.12133,0.13386,0.14638,0.15312,0.15408,0.15503,0.14948,0.13743,0.12537,0.10904,0.088426,0.067818,0.046695,0.025054,0.0034112,-0.015492,-0.031652,-0.04781,-0.058772,-0.064535,-0.070298,-0.069752,-0.062899,-0.056044,-0.047537,-0.037381,-0.027225,0,0,0,0,0,0,0,0,0,0,0,0,0,0,0,0,0,0,0,0,0,0,0,0,0,0,0,0,0,0,0,0,0,0,0,0,0,0,0,0,0,0,0,0,0,0,0,0,0,0,0,0,0,0,0,0,0,0,0,0,0,0,0,0,0,0,0,0,0,0,0,0,0,0,0,0,0,0,0,0,0,0,0,0,0,0,0,0,0,0,0,0,-0.0018195,-0.0032487,-0.010466,-0.0157,-0.018149,-0.017813,-0.017476,-0.013754,-0.0066463,0.00046326,0.01436,0.035046,0.055735,0.079773,0.10716,0.13454,0.16124,0.18724,0.21324,0.24497,0.28245,0.31995,0.35285,0.38118,0.40951,0.4373,0.46455,0.49181,0.51833,0.54412,0.56992,0.59396,0.61625,0.63854,0.65194,0.65644,0.66094,0.6655,0.67012,0.67473,0.67777,0.67923,0.68069,0.68187,0.68276,0.68366,0.68264,0.67969,0.67673,0.67218,0.66602,0.65986,0.65224,0.64316,0.63408,0.62021,0.60156,0.5829,0.56397,0.54476,0.52554,0.5091,0.49544,0.48178,0.46693,0.45089,0.43486,0.4174,0.39854,0.37967,0.3599,0.33922,0.31854,0.29699,0.27455,0.25211,0.2298,0.2076,0.1854,0.16427,0.14422,0.12417,0.10572,0.088877,0.072036,0.057242,0.044492,0.031742,0.021681,0.014311,0.0069417,0.0023794,0.00062603,-0.001126,-0.0013011,0.00010066,0.001504,0.0058207,0.013051,0.020284,0.028693,0.038279,0.047868,0.057888,0.068346,0.078803,0.089209,0.099566,0.10992,0.11992,0.12956,0.13919,0.14872,0.15814,0.16756,0.17644,0.18477,0.19311,0.20043,0.20673,0.21304,0.21738,0.21974,0.22211,0.2212,0.21701,0.21282,0.20451,0.19207,0.17964,0.16287,0.14176,0.12066,0.095969,0.067689,0.039409,0.0091619,-0.023066,-0.055295,-0.087528,-0.11977,-0.15202,-0.18221,-0.21037,-0.23852,-0.26343,-0.28508,-0.30674,-0.32542,-0.34112,-0.35681,-0.37033,-0.38167,-0.393,-0.40273,-0.41084,-0.41896,-0.42545,-0.43031,-0.43518,-0.43782,-0.43823,-0.43864,-0.43619,-0.43086,-0.42553,-0.41703,-0.40534,-0.39366,-0.3796,-0.36315,-0.3467,-0.32979,-0.31243,-0.29507,-0.28099,-0.27018,-0.25937,-0.25278,-0.25041,-0.24803,-0.24864,-0.25224,-0.25584,-0.2598,-0.26412,-0.26844,-0.27069,-0.27088,-0.27107,-0.26979,-0.26703,-0.26426,-0.26415,-0.26669,-0.26922,-0.27583,-0.28652,-0.29721,-0.25215,-0.15132,-0.050462
0,0,0,0,0.17829,0.17074,0.17196,0.18193,0.19192,0.20286,0.21477,0.22668,0.23752,0.24729,0.25706,0.26396,0.26799,0.27203,0.27289,0.27057,0.26825,0.26102,0.24888,0.23674,0.22032,0.19959,0.17887,0.15591,0.13072,0.10552,0.079593,0.052931,0.026271,0.00036967,-0.024776,-0.049923,-0.07174,-0.090226,-0.10871,-0.1245,-0.13759,-0.15068,-0.16088,-0.16819,-0.1755,-0.18093,-0.18446,-0.188,-0.19112,-0.19384,-0.19655,-0.19944,-0.20249,-0.20555,-0.20845,-0.21121,-0.21397,-0.21612,-0.21767,-0.21922,-0.21986,-0.21958,-0.2193,-0.2184,-0.21686,-0.21532,-0.21419,-0.21348,-0.21277,-0.21365,-0.21612,-0.21859,-0.22294,-0.22917,-0.23541,-0.24228,-0.2498,-0.25732,-0.26321,-0.26747,-0.27173,-0.27253,-0.26987,-0.26721,-0.26094,-0.25107,-0.2412,-0.22933,-0.21546,-0.2016,-0.18806,-0.17484,-0.16161,-0.1508,-0.1424,-0.13399,-0.12904,-0.12753,-0.12603,-0.12693,-0.13024,-0.13354,-0.13662,-0.13947,-0.14232,-0.14301,-0.14154,-0.14008,-0.13658,-0.13106,-0.12554,-0.11961,-0.11329,-0.10696,-0.10191,-0.09813,-0.09435,-0.092073,-0.091298,-0.090524,-0.089924,-0.089498,-0.089072,-0.087243,-0.084008,-0.080773,-0.075483,-0.068139,-0.060794,-0.051786,-0.041113,-0.030442,-0.018825,-0.0062616,0.0063006,0.019493,0.033318,0.047141,0.061886,0.077556,0.093226,0.11032,0.12884,0.14735,0.16741,0.189,0.2106,0.23326,0.25696,0.28066,0.30458,0.32872,0.35286,0.37656,0.39981,0.42306,0.44559,0.4674,0.4892,0.50996,0.52966,0.54935,0.56708,0.58285,0.59861,0.61099,0.61998,0.62896,0.63327,0.63291,0.63254,0.62705,0.61641,0.60578,0.59072,0.57122,0.55173,0.52944,0.50435,0.47926,0.45314,0.42598,0.39883,0.37179,0.34487,0.31794,0.29138,0.26518,0.23899,0.21278,0.18654,0.16031,0.13363,0.1065,0.079359,0.052049,0.024558,-0.0029389,-0.029153,-0.054091,-0.079027,-0.10045,-0.11836,-0.13628,-0.14894,-0.15636,-0.16378,-0.16584,-0.16253,-0.15921,-0.15193,-0.14067,-0.12941,-0.11643,-0.10175,-0.087067,-0.073478,-0.060989,-0.0485,-0.037891,-0.029163,-0.020433,-0.012556,-0.0055362,0.0014856,0.0079721,0.013921,0.019869,0.028828,0.040803,0.052781,0.065763,0.079754,0.093748,0.10734,0.12053,0.13371,0.14136,0.14346,0.14557,0.14128,0.13061,0.11994,0.10471,0.084898,0.065089,0.044399,0.022824,0.001248,-0.017881,-0.03456,-0.051235,-0.062941,-0.069673,-0.076404,-0.077019,-0.071518,-0.066015,-0.057822,-0.04694,-0.036058,0,0,0,0,0,0,0,0,0,0,0,0,0,0,0,0,0,0,0,0,0,0,0,0,0,0,0,0,0,0,0,0,0,0,0,0,0,0,0,0,0,0,0,0,0,0,0,0,0,0,0,0,0,0,0,0,0,0,0,0,0,0,0,0,0,0,0,0,0,0,0,0,0,0,0,0,0,0,0,0,0,0,0,0,0,0,0,0,0,0,0,0,0,0,-0.0085562,-0.013697,-0.01693,-0.018258,-0.019586,-0.017192,-0.011078,-0.0049603,0.0074636,0.026198,0.044937,0.067921,0.095155,0.12239,0.14799,0.17197,0.19595,0.22823,0.26884,0.30945,0.34619,0.37908,0.41197,0.44287,0.47177,0.50067,0.52795,0.55361,0.57927,0.60402,0.62785,0.65169,0.6665,0.67229,0.67808,0.68243,0.68535,0.68827,0.69126,0.69432,0.69739,0.6992,0.69977,0.70033,0.69914,0.69617,0.69321,0.68839,0.68171,0.67504,0.6665,0.65611,0.64571,0.63046,0.61034,0.59022,0.56999,0.54967,0.52934,0.51267,0.49964,0.48661,0.47197,0.45571,0.43944,0.4216,0.40217,0.38275,0.36217,0.34045,0.31873,0.29636,0.27333,0.2503,0.22742,0.2047,0.18198,0.16018,0.13931,0.11843,0.099174,0.081534,0.063895,0.048259,0.034622,0.020985,0.01006,0.0018494,-0.0063602,-0.011606,-0.013887,-0.016167,-0.016672,-0.015403,-0.014133,-0.0098199,-0.0024629,0.0048953,0.013433,0.023154,0.032877,0.04323,0.054212,0.065196,0.076209,0.087251,0.098295,0.10911,0.11968,0.13025,0.14065,0.15087,0.16109,0.17038,0.17875,0.18713,0.19434,0.20039,0.20644,0.21046,0.21245,0.21444,0.21323,0.2088,0.20438,0.19583,0.18315,0.17047,0.15345,0.1321,0.11074,0.085927,0.057649,0.029373,-0.00079545,-0.032866,-0.064933,-0.097038,-0.12918,-0.16132,-0.1914,-0.21943,-0.24745,-0.27224,-0.29377,-0.31531,-0.33392,-0.3496,-0.36528,-0.37875,-0.39001,-0.40127,-0.41079,-0.41856,-0.42634,-0.43239,-0.43673,-0.44107,-0.44318,-0.44306,-0.44294,-0.43994,-0.43407,-0.42819,-0.41916,-0.407,-0.39483,-0.38043,-0.36379,-0.34715,-0.33057,-0.31403,-0.29749,-0.28372,-0.27274,-0.26175,-0.25475,-0.25173,-0.2487,-0.24851,-0.25115,-0.25379,-0.25644,-0.25908,-0.26173,-0.26302,-0.26295,-0.26288,-0.26164,-0.25922,-0.25681,-0.25694,-0.25961,-0.26228,-0.26899,-0.27974,-0.29049,-0.24657,-0.14797,-0.049348
0,0,0,0,0.17786,0.17217,0.1736,0.18214,0.19068,0.20123,0.21377,0.22632,0.23765,0.24776,0.25787,0.26491,0.26889,0.27287,0.27337,0.27039,0.26741,0.2597,0.24726,0.23481,0.21814,0.19725,0.17635,0.1528,0.12658,0.10037,0.074023,0.047541,0.021059,-0.004387,-0.028803,-0.053221,-0.074597,-0.092932,-0.11127,-0.12653,-0.13872,-0.15091,-0.16008,-0.16625,-0.17242,-0.17688,-0.17962,-0.18237,-0.18505,-0.18766,-0.19027,-0.19354,-0.19747,-0.2014,-0.20561,-0.21009,-0.21457,-0.21849,-0.22186,-0.22523,-0.22739,-0.22836,-0.22933,-0.22929,-0.22826,-0.22723,-0.22635,-0.22562,-0.22489,-0.22559,-0.22772,-0.22985,-0.2338,-0.23956,-0.24531,-0.25174,-0.25885,-0.26595,-0.27146,-0.27538,-0.27929,-0.27966,-0.27649,-0.27332,-0.26645,-0.25589,-0.24533,-0.23285,-0.21845,-0.20405,-0.19012,-0.17666,-0.1632,-0.15229,-0.14393,-0.13557,-0.13083,-0.1297,-0.12857,-0.12986,-0.13356,-0.13726,-0.14048,-0.14322,-0.14596,-0.14623,-0.14404,-0.14185,-0.13747,-0.13091,-0.12434,-0.11736,-0.10995,-0.10254,-0.09649,-0.091801,-0.087113,-0.084159,-0.082938,-0.081718,-0.080936,-0.080592,-0.080249,-0.078642,-0.075773,-0.072903,-0.06797,-0.060972,-0.053976,-0.045236,-0.034753,-0.024271,-0.012785,-0.00029317,0.012199,0.025325,0.039086,0.052847,0.067504,0.083054,0.098605,0.11556,0.13391,0.15227,0.17218,0.19365,0.21513,0.23774,0.26148,0.28522,0.30933,0.3338,0.35828,0.38244,0.4063,0.43016,0.45334,0.47585,0.49835,0.51974,0.54003,0.56032,0.57857,0.59479,0.611,0.6238,0.63319,0.64257,0.64729,0.64735,0.6474,0.64234,0.63216,0.62198,0.60736,0.58831,0.56925,0.54729,0.52242,0.49755,0.47147,0.44415,0.41684,0.38944,0.36195,0.33446,0.30719,0.28013,0.25307,0.22595,0.19875,0.17156,0.14393,0.11587,0.087804,0.059519,0.031021,0.0025212,-0.024858,-0.051121,-0.077385,-0.10033,-0.11997,-0.13961,-0.15408,-0.16338,-0.17268,-0.17647,-0.17474,-0.17301,-0.16695,-0.15656,-0.14616,-0.13363,-0.11897,-0.1043,-0.090149,-0.07652,-0.062888,-0.051423,-0.042128,-0.032831,-0.024327,-0.016618,-0.0089093,-0.0020719,0.0038953,0.0098624,0.018332,0.029308,0.040286,0.05268,0.066491,0.080304,0.093824,0.10705,0.12027,0.12837,0.13137,0.13437,0.13129,0.12212,0.11295,0.099047,0.08041,0.061772,0.041847,0.020632,-0.00058622,-0.01976,-0.036881,-0.054001,-0.066497,-0.074364,-0.08223,-0.084227,-0.080358,-0.076488,-0.068575,-0.056623,-0.044672,0,0,0,0,0,0,0,0,0,0,0,0,0,0,0,0,0,0,0,0,0,0,0,0,0,0,0,0,0,0,0,0,0,0,0,0,0,0,0,0,0,0,0,0,0,0,0,0,0,0,0,0,0,0,0,0,0,0,0,0,0,0,0,0,0,0,0,0,0,0,0,0,0,0,0,0,0,0,0,0,0,0,0,0,0,0,0,0,0,0,0,0,0,0,-0.0059346,-0.0095528,-0.012709,-0.015404,-0.018099,-0.017012,-0.012141,-0.0072698,0.0029566,0.018542,0.034132,0.05435,0.079196,0.10404,0.12837,0.15218,0.17599,0.20882,0.25066,0.2925,0.33345,0.3735,0.41357,0.44896,0.47969,0.5104,0.53871,0.5646,0.5905,0.6146,0.63688,0.65917,0.67571,0.68651,0.6973,0.70314,0.70404,0.70493,0.70629,0.70812,0.70996,0.71099,0.71122,0.71146,0.71009,0.70713,0.70416,0.69911,0.69198,0.68484,0.67559,0.66423,0.65287,0.63805,0.61977,0.60149,0.58164,0.56021,0.53878,0.52132,0.50782,0.49432,0.47937,0.46296,0.44655,0.42839,0.4085,0.38859,0.36738,0.34487,0.32235,0.29917,0.27532,0.25147,0.22782,0.20437,0.18093,0.15805,0.13576,0.11345,0.09287,0.074006,0.055142,0.038409,0.023808,0.0092059,-0.0026247,-0.011682,-0.020739,-0.026748,-0.02971,-0.03267,-0.03332,-0.031659,-0.03,-0.025578,-0.01839,-0.0112,-0.0026867,0.0071557,0.017001,0.027675,0.039177,0.050679,0.062221,0.073801,0.085381,0.09696,0.10853,0.12011,0.13132,0.14218,0.15303,0.16285,0.17165,0.18044,0.18778,0.19366,0.19955,0.20324,0.20473,0.20621,0.20448,0.19952,0.19456,0.1855,0.17235,0.15919,0.14186,0.12036,0.098855,0.074151,0.046249,0.018347,-0.011369,-0.042908,-0.07444,-0.10612,-0.13795,-0.16977,-0.19965,-0.22761,-0.25556,-0.28036,-0.30202,-0.32366,-0.34239,-0.35819,-0.374,-0.38745,-0.39857,-0.40968,-0.41886,-0.42609,-0.43333,-0.43878,-0.44244,-0.44609,-0.4476,-0.44694,-0.44629,-0.44279,-0.43644,-0.43008,-0.42065,-0.40814,-0.39563,-0.38107,-0.36445,-0.34783,-0.33139,-0.31513,-0.29887,-0.28519,-0.27411,-0.26302,-0.25556,-0.25171,-0.24787,-0.24652,-0.24766,-0.24881,-0.25019,-0.25181,-0.25342,-0.25395,-0.25339,-0.25283,-0.25164,-0.24982,-0.248,-0.24845,-0.25116,-0.25387,-0.25946,-0.26795,-0.27643,-0.23391,-0.14036,-0.046805
0,0,0,0,0.17742,0.17361,0.17525,0.18235,0.18945,0.19959,0.21277,0.22595,0.23777,0.24823,0.25868,0.26587,0.26978,0.2737,0.27384,0.27021,0.26657,0.25838,0.24563,0.23288,0.21597,0.1949,0.17383,0.14968,0.12245,0.095218,0.068452,0.042151,0.015851,-0.0091411,-0.032829,-0.056519,-0.077455,-0.095639,-0.11382,-0.12856,-0.13985,-0.15113,-0.15929,-0.16431,-0.16934,-0.17283,-0.17478,-0.17674,-0.17897,-0.18148,-0.18398,-0.18764,-0.19245,-0.19725,-0.20276,-0.20896,-0.21516,-0.22085,-0.22604,-0.23123,-0.23493,-0.23714,-0.23935,-0.24019,-0.23966,-0.23914,-0.2385,-0.23775,-0.237,-0.23752,-0.23932,-0.24112,-0.24466,-0.24994,-0.25522,-0.2612,-0.26789,-0.27458,-0.27971,-0.28328,-0.28685,-0.2868,-0.28311,-0.27943,-0.27196,-0.26071,-0.24946,-0.23637,-0.22143,-0.2065,-0.19218,-0.17848,-0.16478,-0.15377,-0.14546,-0.13715,-0.13262,-0.13187,-0.13111,-0.13279,-0.13688,-0.14098,-0.14434,-0.14697,-0.14959,-0.14945,-0.14654,-0.14362,-0.13836,-0.13076,-0.12315,-0.1151,-0.10661,-0.098113,-0.091069,-0.085472,-0.079876,-0.076245,-0.074578,-0.072912,-0.071948,-0.071686,-0.071426,-0.070042,-0.067537,-0.065033,-0.060456,-0.053807,-0.047157,-0.038685,-0.028392,-0.0181,-0.0067434,0.0056767,0.018097,0.031155,0.044853,0.058553,0.073121,0.088552,0.10398,0.1208,0.13899,0.15718,0.17695,0.1983,0.21965,0.24221,0.266,0.28979,0.31408,0.33888,0.36369,0.38833,0.4128,0.43726,0.4611,0.48429,0.50749,0.52953,0.55041,0.57129,0.59006,0.60673,0.62339,0.63661,0.6464,0.65617,0.6613,0.66178,0.66226,0.65764,0.64791,0.63819,0.62401,0.60539,0.58677,0.56513,0.54049,0.51585,0.48979,0.46232,0.43484,0.40708,0.37903,0.35097,0.32298,0.29507,0.26716,0.23912,0.21096,0.18281,0.15423,0.12524,0.096242,0.066991,0.037491,0.0079882,-0.020557,-0.048149,-0.075741,-0.10022,-0.12158,-0.14295,-0.15922,-0.17041,-0.18159,-0.18711,-0.18696,-0.18681,-0.18197,-0.17244,-0.16292,-0.15083,-0.13618,-0.12152,-0.10681,-0.092043,-0.077274,-0.064957,-0.055092,-0.045226,-0.036095,-0.027701,-0.019307,-0.012118,-0.0061329,-0.000147,0.0078354,0.017812,0.02779,0.039595,0.053224,0.06686,0.080306,0.09356,0.10681,0.11538,0.11928,0.12318,0.1213,0.11363,0.10595,0.093387,0.075923,0.058456,0.039293,0.018436,-0.0024237,-0.021637,-0.039202,-0.056768,-0.070054,-0.079055,-0.088055,-0.091436,-0.089198,-0.086959,-0.07933,-0.066308,-0.053284,-0.021173,-0.012706,0,0,0,0,0,0,0,0,0,0,0,0,0,0,0,0,0,0,0,0,0,0,0,0,0,0,0,0,0,0,0,0,0,0,0,0,0,0,0,0,0,0,0,0,0,0,0,0,0,0,0,0,0,0,0,0,0,0,0,0,0,0,0,0,0,0,0,0,0,0,0,0,0,0,0,0,0,0,0,0,0,0,0,0,0,0,0,0,0,0,0,0,-0.0033135,-0.0054095,-0.0084881,-0.01255,-0.016612,-0.01683,-0.013204,-0.0095772,-0.0015472,0.010886,0.023321,0.040772,0.063234,0.085692,0.10875,0.1324,0.15605,0.18941,0.23247,0.27554,0.3207,0.36792,0.41516,0.45506,0.4876,0.52013,0.54946,0.5756,0.60174,0.62518,0.64592,0.66665,0.68492,0.70072,0.71652,0.72385,0.72272,0.72159,0.72132,0.72193,0.72253,0.72279,0.72268,0.72258,0.72104,0.71808,0.71512,0.70984,0.70224,0.69464,0.68468,0.67236,0.66004,0.64566,0.62921,0.61276,0.59328,0.57075,0.54822,0.52997,0.516,0.50203,0.48676,0.47021,0.45365,0.43519,0.41482,0.39444,0.3726,0.34928,0.32597,0.30198,0.2773,0.25263,0.22821,0.20404,0.17988,0.15593,0.1322,0.10848,0.086569,0.066481,0.046391,0.028562,0.012996,-0.0025723,-0.015308,-0.025211,-0.035115,-0.041888,-0.04553,-0.049172,-0.049968,-0.047918,-0.045867,-0.041336,-0.034317,-0.027296,-0.018805,-0.0088389,0.0011261,0.012119,0.024142,0.036162,0.048231,0.06035,0.072468,0.084814,0.097386,0.10996,0.12199,0.13348,0.14497,0.15532,0.16454,0.17375,0.18122,0.18694,0.19266,0.19601,0.197,0.19798,0.19573,0.19023,0.18474,0.17518,0.16155,0.14792,0.13027,0.10862,0.086972,0.062378,0.034848,0.0073194,-0.021945,-0.052945,-0.083941,-0.1152,-0.1467,-0.17821,-0.2079,-0.23579,-0.26367,-0.28849,-0.31026,-0.33202,-0.35087,-0.36679,-0.38271,-0.39616,-0.40713,-0.41809,-0.42692,-0.43363,-0.44033,-0.44516,-0.44814,-0.45112,-0.45201,-0.45083,-0.44965,-0.44564,-0.43881,-0.43197,-0.42213,-0.40929,-0.39644,-0.38172,-0.36511,-0.34852,-0.33222,-0.31624,-0.30025,-0.28667,-0.27548,-0.26429,-0.25637,-0.2517,-0.24703,-0.24452,-0.24418,-0.24383,-0.24395,-0.24453,-0.24512,-0.24488,-0.24383,-0.24278,-0.24165,-0.24042,-0.2392,-0.23996,-0.24271,-0.24546,-0.24994,-0.25615,-0.26237,-0.22125,-0.13277,-0.044272
0,0,0,0,0.17692,0.17316,0.17456,0.18113,0.18769,0.19755,0.2107,0.22386,0.23569,0.2462,0.25671,0.26374,0.26729,0.27085,0.27056,0.26643,0.2623,0.25381,0.24094,0.22808,0.21118,0.19023,0.16928,0.14521,0.11802,0.090825,0.064205,0.038156,0.012108,-0.012495,-0.035655,-0.058813,-0.079272,-0.097034,-0.11479,-0.1289,-0.13935,-0.14981,-0.15714,-0.16134,-0.16555,-0.16839,-0.16985,-0.17131,-0.17327,-0.17574,-0.1782,-0.18215,-0.18756,-0.19298,-0.19942,-0.20687,-0.21432,-0.22139,-0.22808,-0.23477,-0.23989,-0.24344,-0.24699,-0.24897,-0.24939,-0.24981,-0.24986,-0.24954,-0.24923,-0.2499,-0.25157,-0.25324,-0.25639,-0.26102,-0.26566,-0.27086,-0.27662,-0.28238,-0.28661,-0.28932,-0.29203,-0.29127,-0.28704,-0.28281,-0.27499,-0.2636,-0.2522,-0.23913,-0.22438,-0.20963,-0.19559,-0.18224,-0.16889,-0.15823,-0.15024,-0.14225,-0.13792,-0.13725,-0.13659,-0.13814,-0.14192,-0.1457,-0.14853,-0.15042,-0.15232,-0.15131,-0.14741,-0.1435,-0.13727,-0.1287,-0.12013,-0.1112,-0.10191,-0.092613,-0.084841,-0.078591,-0.072342,-0.068189,-0.066131,-0.064075,-0.062911,-0.062642,-0.062373,-0.061111,-0.058858,-0.056605,-0.052291,-0.045916,-0.039539,-0.031285,-0.021154,-0.011022,0.00020741,0.012536,0.024863,0.037802,0.051352,0.064902,0.079253,0.094404,0.10955,0.12604,0.14387,0.16169,0.18114,0.20221,0.22328,0.24571,0.26952,0.29332,0.31783,0.34305,0.36827,0.39348,0.41868,0.44387,0.46846,0.49244,0.51642,0.53914,0.56061,0.58207,0.6013,0.6183,0.63529,0.64879,0.65879,0.66879,0.67418,0.67498,0.67576,0.67155,0.66232,0.6531,0.6395,0.6215,0.6035,0.58242,0.55826,0.5341,0.50827,0.48079,0.45332,0.42527,0.39664,0.368,0.33927,0.31043,0.28158,0.25262,0.2235,0.1944,0.16492,0.13507,0.10522,0.075127,0.044777,0.014415,-0.015114,-0.043813,-0.072514,-0.098335,-0.12128,-0.14421,-0.16221,-0.17527,-0.18834,-0.19566,-0.19723,-0.1988,-0.19539,-0.18699,-0.17859,-0.16717,-0.15274,-0.13831,-0.1233,-0.10771,-0.092124,-0.079039,-0.068461,-0.057886,-0.048107,-0.039128,-0.030151,-0.022492,-0.016148,-0.009805,-0.0021487,0.006817,0.015782,0.02687,0.04008,0.053296,0.066394,0.079375,0.092353,0.10128,0.10616,0.11104,0.11032,0.10399,0.097671,0.086417,0.070231,0.054044,0.035839,0.015616,-0.0046114,-0.023662,-0.041538,-0.059416,-0.073482,-0.083735,-0.093989,-0.098644,-0.097702,-0.096758,-0.089452,-0.075784,-0.062112,-0.046065,-0.027641,0,0,0,0,0,0,0,0,0,0,0,0,0,0,0,0,0,0,0,0,0,0,0,0,0,0,0,0,0,0,0,0,0,0,0,0,0,0,0,0,0,0,0,0,0,0,0,0,0,0,0,0,0,0,0,0,0,0,0,0,0,0,0,0,0,0,0,0,0,0,0,0,0,0,0,0,0,0,0,0,0,0,0,0,0,0,0,0,0,0,0,0,-0.0016692,-0.002782,-0.0053146,-0.0092684,-0.013223,-0.013999,-0.011596,-0.0091938,-0.0035198,0.0054247,0.01437,0.028624,0.048183,0.067742,0.089128,0.11233,0.13553,0.16928,0.21359,0.2579,0.30602,0.35794,0.40988,0.4544,0.49146,0.52853,0.56042,0.58714,0.61386,0.63717,0.65708,0.67698,0.6957,0.71326,0.73081,0.73989,0.74049,0.74109,0.74096,0.74012,0.73927,0.7384,0.73749,0.73659,0.73435,0.73077,0.7272,0.72123,0.71287,0.70451,0.69381,0.68079,0.66776,0.65353,0.6381,0.62268,0.60412,0.58242,0.56073,0.54266,0.52819,0.51373,0.49752,0.47955,0.46159,0.44225,0.42152,0.40079,0.37847,0.35456,0.33065,0.30599,0.28057,0.25515,0.22992,0.20487,0.17983,0.15488,0.13002,0.10517,0.08209,0.060797,0.039504,0.020615,0.0041325,-0.012349,-0.0259,-0.036523,-0.047145,-0.054641,-0.05901,-0.063377,-0.06468,-0.062919,-0.061157,-0.056959,-0.050319,-0.04368,-0.035356,-0.025345,-0.015336,-0.0043335,0.0076605,0.019653,0.032141,0.045124,0.058108,0.071382,0.084949,0.098518,0.1114,0.1236,0.13581,0.14672,0.15634,0.16597,0.17357,0.17914,0.18472,0.1877,0.18809,0.18848,0.18559,0.17942,0.17325,0.16315,0.14911,0.13507,0.11728,0.095736,0.074195,0.049926,0.022932,-0.0040594,-0.032716,-0.06304,-0.093364,-0.12399,-0.15491,-0.18583,-0.21513,-0.2428,-0.27047,-0.29529,-0.31725,-0.33922,-0.35821,-0.37423,-0.39025,-0.40361,-0.41433,-0.42504,-0.43351,-0.43974,-0.44597,-0.45029,-0.45269,-0.4551,-0.45546,-0.45378,-0.45211,-0.44768,-0.4405,-0.43332,-0.42321,-0.41018,-0.39714,-0.38235,-0.36578,-0.34922,-0.33301,-0.31717,-0.30132,-0.28768,-0.27627,-0.26486,-0.25632,-0.25066,-0.24501,-0.24126,-0.23941,-0.23756,-0.23635,-0.23578,-0.23521,-0.2342,-0.23274,-0.23129,-0.23015,-0.22931,-0.22848,-0.22937,-0.23198,-0.23459,-0.23841,-0.24343,-0.24845,-0.20915,-0.12551,-0.041851
0,0,0,0,0.17636,0.17084,0.17155,0.17848,0.18541,0.19511,0.20757,0.22003,0.2314,0.24168,0.25195,0.25853,0.26142,0.2643,0.26352,0.25906,0.25459,0.24598,0.2332,0.22042,0.20377,0.18324,0.16271,0.13939,0.11329,0.087193,0.061283,0.035556,0.0098306,-0.014446,-0.037274,-0.060101,-0.08005,-0.097118,-0.11418,-0.12756,-0.13724,-0.14692,-0.15362,-0.15734,-0.16106,-0.16355,-0.16481,-0.16607,-0.16795,-0.17044,-0.17293,-0.17706,-0.18282,-0.18859,-0.19558,-0.20381,-0.21205,-0.2201,-0.22798,-0.23585,-0.24228,-0.24727,-0.25225,-0.25565,-0.25745,-0.25925,-0.26043,-0.261,-0.26157,-0.26273,-0.26447,-0.26621,-0.26899,-0.27281,-0.27664,-0.28071,-0.28503,-0.28935,-0.29217,-0.29349,-0.29482,-0.29307,-0.28827,-0.28346,-0.27555,-0.26455,-0.25355,-0.24113,-0.22729,-0.21345,-0.20033,-0.18793,-0.17554,-0.16564,-0.15825,-0.15086,-0.14673,-0.14586,-0.14499,-0.14593,-0.14867,-0.15142,-0.15306,-0.15359,-0.15412,-0.15181,-0.14665,-0.1415,-0.13419,-0.12474,-0.11529,-0.10566,-0.095847,-0.086037,-0.077808,-0.071158,-0.064509,-0.05999,-0.057598,-0.055207,-0.053827,-0.053461,-0.053093,-0.051851,-0.049736,-0.047622,-0.043477,-0.0373,-0.031123,-0.023036,-0.013038,-0.0030394,0.0080675,0.020283,0.0325,0.045265,0.058579,0.071894,0.085903,0.10061,0.11531,0.13129,0.14854,0.1658,0.18474,0.20538,0.22601,0.24823,0.27202,0.29582,0.32058,0.34631,0.37203,0.39792,0.42396,0.45,0.47545,0.50029,0.52513,0.54858,0.57063,0.59267,0.61229,0.6295,0.64669,0.66032,0.67037,0.68041,0.68593,0.68692,0.68792,0.68408,0.6754,0.66673,0.65381,0.63663,0.61945,0.59915,0.57571,0.55228,0.5269,0.49959,0.47228,0.44401,0.41479,0.38556,0.35604,0.32621,0.29637,0.26643,0.23637,0.20632,0.17599,0.14537,0.11475,0.083923,0.052875,0.021815,-0.0085129,-0.038111,-0.067716,-0.094698,-0.11905,-0.1434,-0.16305,-0.17799,-0.19293,-0.20212,-0.20556,-0.20901,-0.20722,-0.20019,-0.19316,-0.18265,-0.16866,-0.15467,-0.13963,-0.12353,-0.10744,-0.093671,-0.08224,-0.070814,-0.060365,-0.0509,-0.041441,-0.033193,-0.026152,-0.019112,-0.01162,-0.0036772,0.0042629,0.014508,0.027059,0.039609,0.052087,0.064492,0.076893,0.086064,0.092005,0.097944,0.098351,0.093226,0.0881,0.078137,0.063337,0.048537,0.031482,0.012169,-0.0071474,-0.025832,-0.043886,-0.06194,-0.07678,-0.088405,-0.10003,-0.10585,-0.10587,-0.10589,-0.098945,-0.08505,-0.071153,-0.053502,-0.032103,0,0,0,0,0,0,0,0,0,0,0,0,0,0,0,0,0,0,0,0,0,0,0,0,0,0,0,0,0,0,0,0,0,0,0,0,0,0,0,0,0,0,0,0,0,0,0,0,0,0,0,0,0,0,0,0,0,0,0,0,0,0,0,0,0,0,0,0,0,0,0,0,0,0,0,0,0,0,0,0,0,0,0,0,0,0,0,0,0,0,0,0,-0.00066766,-0.0011126,-0.0021255,-0.0037067,-0.0052885,-0.0056294,-0.0073197,-0.0061205,-0.0029616,0.002157,0.0072762,0.017907,0.03405,0.050199,0.069509,0.091973,0.11444,0.14844,0.19399,0.23954,0.28939,0.34355,0.39772,0.44697,0.49128,0.53558,0.57156,0.59922,0.62687,0.65059,0.67037,0.69014,0.70805,0.72411,0.74017,0.75124,0.75734,0.76343,0.76522,0.76269,0.76016,0.75782,0.75565,0.75349,0.75001,0.74521,0.74041,0.73329,0.72386,0.71443,0.70298,0.68951,0.67605,0.66169,0.64646,0.63122,0.61414,0.59522,0.5763,0.55936,0.5444,0.52943,0.51162,0.49099,0.47035,0.44955,0.42859,0.40763,0.38501,0.36071,0.33641,0.31121,0.28511,0.25902,0.23293,0.20686,0.18079,0.15491,0.12921,0.10352,0.079433,0.056954,0.034476,0.014564,-0.0027807,-0.020123,-0.034401,-0.045616,-0.05683,-0.065007,-0.070147,-0.075285,-0.077458,-0.076663,-0.075868,-0.072447,-0.066397,-0.06035,-0.052339,-0.042364,-0.032388,-0.021686,-0.010265,0.0011561,0.013954,0.028128,0.042303,0.056667,0.071222,0.085776,0.099547,0.11254,0.12554,0.13704,0.14707,0.15709,0.16483,0.17027,0.17572,0.1783,0.17801,0.17772,0.17408,0.16709,0.1601,0.14941,0.13503,0.12065,0.10288,0.0817,0.060521,0.036789,0.010502,-0.015784,-0.04368,-0.07319,-0.1027,-0.13249,-0.16255,-0.19262,-0.22132,-0.24865,-0.27598,-0.30077,-0.32301,-0.34525,-0.36442,-0.38051,-0.39659,-0.40982,-0.42018,-0.43053,-0.43862,-0.44444,-0.45027,-0.45415,-0.45609,-0.45803,-0.45793,-0.4558,-0.45367,-0.44891,-0.44151,-0.43411,-0.42388,-0.41081,-0.39775,-0.38296,-0.36646,-0.34995,-0.33377,-0.31791,-0.30205,-0.28824,-0.27648,-0.26472,-0.25543,-0.24861,-0.2418,-0.23671,-0.23336,-0.23,-0.2274,-0.22555,-0.2237,-0.22189,-0.22012,-0.21834,-0.21714,-0.2165,-0.21586,-0.21668,-0.21897,-0.22127,-0.22486,-0.22976,-0.23466,-0.19761,-0.11858,-0.039538
0,0,0,0,0.1758,0.16852,0.16853,0.17583,0.18313,0.19266,0.20444,0.21621,0.22712,0.23715,0.24719,0.25332,0.25554,0.25776,0.25648,0.25168,0.24689,0.23814,0.22545,0.21276,0.19636,0.17624,0.15613,0.13357,0.10857,0.083564,0.058363,0.032959,0.0075573,-0.016393,-0.038892,-0.06139,-0.080829,-0.0972,-0.11357,-0.12621,-0.13512,-0.14404,-0.15011,-0.15334,-0.15657,-0.15872,-0.15978,-0.16084,-0.16262,-0.16514,-0.16766,-0.17197,-0.17808,-0.18419,-0.19175,-0.20076,-0.20978,-0.21881,-0.22787,-0.23693,-0.24467,-0.25109,-0.25751,-0.26232,-0.2655,-0.26868,-0.271,-0.27246,-0.27392,-0.27555,-0.27737,-0.27918,-0.2816,-0.2846,-0.28761,-0.29056,-0.29344,-0.29632,-0.29773,-0.29767,-0.2976,-0.29488,-0.28949,-0.28411,-0.27611,-0.26551,-0.25491,-0.24314,-0.2302,-0.21727,-0.20507,-0.19363,-0.18218,-0.17306,-0.16627,-0.15948,-0.15555,-0.15447,-0.15339,-0.15371,-0.15543,-0.15714,-0.15758,-0.15675,-0.15592,-0.1523,-0.1459,-0.13949,-0.13112,-0.12078,-0.11044,-0.10011,-0.089786,-0.079462,-0.070775,-0.063725,-0.056677,-0.051791,-0.049065,-0.04634,-0.044744,-0.044279,-0.043813,-0.042591,-0.040614,-0.038637,-0.034661,-0.028684,-0.022707,-0.014786,-0.004922,0.004943,0.015928,0.028031,0.040136,0.052728,0.065806,0.078886,0.092555,0.10681,0.12107,0.13654,0.15322,0.1699,0.18835,0.20855,0.22875,0.25075,0.27453,0.29832,0.32333,0.34956,0.37579,0.40235,0.42924,0.45612,0.48242,0.50814,0.53385,0.55802,0.58064,0.60327,0.62329,0.64069,0.6581,0.67185,0.68194,0.69204,0.69768,0.69887,0.70007,0.6966,0.68848,0.68036,0.66812,0.65176,0.6354,0.61587,0.59316,0.57046,0.54553,0.51838,0.49123,0.46275,0.43294,0.40312,0.3728,0.34198,0.31115,0.28024,0.24925,0.21825,0.18706,0.15567,0.12428,0.092718,0.060972,0.02922,-0.001905,-0.03241,-0.062918,-0.091057,-0.11682,-0.1426,-0.16389,-0.18071,-0.19752,-0.20858,-0.2139,-0.21921,-0.21904,-0.21339,-0.20773,-0.19813,-0.18458,-0.17103,-0.15595,-0.13935,-0.12275,-0.1083,-0.096019,-0.083739,-0.072623,-0.062677,-0.052734,-0.043894,-0.036157,-0.028418,-0.021091,-0.014174,-0.0072562,0.0021438,0.01403,0.025918,0.037776,0.049605,0.061432,0.070845,0.077846,0.084847,0.086383,0.082456,0.078528,0.069858,0.056445,0.043032,0.027123,0.0087207,-0.0096818,-0.028001,-0.046234,-0.064467,-0.080082,-0.093078,-0.10607,-0.11306,-0.11404,-0.11501,-0.10844,-0.094317,-0.080191,-0.060941,-0.03657,0,0,0,0,0,0,0,0,0,0,0,0,0,0,0,0,0,0,0,0,0,0,0,0,0,0,0,0,0,0,0,0,0,0,0,0,0,0,0,0,0,0,0,0,0,0,0,0,0,0,0,0,0,0,0,0,0,0,0,0,0,0,0,0,0,0,0,0,0,0,0,0,0,0,0,0,0,0,0,0,0,0,0,0,0,0,0,0,0,0,0,0,0,0,0,0,0,0,-0.0025906,-0.0022919,-0.0024028,-0.0011095,0.00018415,0.0071949,0.019923,0.032655,0.049888,0.071622,0.093353,0.1276,0.17439,0.22117,0.27277,0.32916,0.38556,0.43954,0.49109,0.54264,0.58271,0.61129,0.63988,0.664,0.68365,0.7033,0.72041,0.73496,0.74952,0.7626,0.77419,0.78578,0.78947,0.78527,0.78106,0.77724,0.77382,0.77039,0.76566,0.75964,0.75362,0.74535,0.73486,0.72436,0.71215,0.69824,0.68433,0.66986,0.65481,0.63977,0.62417,0.60802,0.59188,0.57607,0.5606,0.54512,0.52573,0.50242,0.47911,0.45686,0.43567,0.41449,0.39155,0.36686,0.34217,0.31643,0.28966,0.26289,0.23595,0.20885,0.18175,0.15493,0.12841,0.10188,0.076779,0.053112,0.029448,0.0085138,-0.0096915,-0.027897,-0.042902,-0.054707,-0.066513,-0.075373,-0.081284,-0.087193,-0.090235,-0.090408,-0.090579,-0.087938,-0.082478,-0.077018,-0.06932,-0.059381,-0.049438,-0.039041,-0.028193,-0.017343,-0.0042331,0.011135,0.0265,0.041951,0.057491,0.073031,0.087692,0.10148,0.11527,0.12737,0.13779,0.14821,0.15609,0.1614,0.16672,0.16889,0.16792,0.16695,0.16256,0.15475,0.14694,0.13568,0.12096,0.10624,0.088475,0.067664,0.046851,0.023654,-0.0019252,-0.027504,-0.054641,-0.083341,-0.11204,-0.141,-0.1702,-0.1994,-0.2275,-0.25449,-0.28149,-0.30624,-0.32876,-0.35128,-0.37063,-0.38678,-0.40294,-0.41602,-0.42602,-0.43603,-0.44373,-0.44915,-0.45456,-0.45801,-0.45948,-0.46096,-0.46041,-0.45783,-0.45524,-0.45014,-0.44253,-0.43491,-0.42455,-0.41145,-0.39835,-0.38357,-0.36713,-0.35068,-0.33453,-0.31866,-0.30279,-0.2888,-0.27669,-0.26458,-0.25453,-0.24656,-0.23859,-0.23217,-0.22731,-0.22245,-0.21845,-0.21532,-0.2122,-0.20959,-0.20749,-0.2054,-0.20413,-0.20368,-0.20323,-0.20399,-0.20597,-0.20794,-0.21132,-0.21609,-0.22087,-0.18606,-0.11166,-0.037233
0,0,0,0,0.17222,0.16532,0.16564,0.17319,0.18075,0.19001,0.20097,0.21194,0.2221,0.23145,0.2408,0.24628,0.2479,0.24951,0.24777,0.24267,0.23757,0.2288,0.21635,0.20389,0.18797,0.16857,0.14918,0.12756,0.10373,0.079893,0.055676,0.031077,0.0064809,-0.016665,-0.03836,-0.060054,-0.078681,-0.094239,-0.1098,-0.1218,-0.13025,-0.1387,-0.14454,-0.14777,-0.151,-0.15327,-0.15457,-0.15586,-0.15788,-0.16063,-0.16337,-0.16788,-0.17416,-0.18044,-0.18824,-0.19757,-0.2069,-0.21648,-0.22631,-0.23614,-0.24494,-0.25271,-0.26049,-0.26677,-0.27155,-0.27634,-0.28005,-0.28268,-0.2853,-0.28762,-0.28962,-0.29162,-0.29367,-0.29577,-0.29787,-0.29956,-0.30084,-0.30213,-0.30203,-0.30057,-0.2991,-0.29549,-0.28974,-0.28399,-0.27622,-0.26642,-0.25661,-0.24591,-0.23431,-0.2227,-0.21176,-0.20148,-0.1912,-0.18288,-0.17654,-0.17019,-0.16613,-0.16437,-0.16261,-0.16181,-0.16198,-0.16215,-0.16101,-0.15857,-0.15612,-0.15114,-0.1436,-0.13607,-0.12683,-0.11589,-0.10496,-0.094177,-0.083552,-0.072928,-0.063936,-0.056577,-0.04922,-0.043992,-0.040893,-0.037795,-0.035894,-0.035191,-0.034489,-0.033147,-0.031164,-0.029182,-0.025265,-0.019413,-0.013561,-0.0057745,0.0039468,0.013669,0.024503,0.036448,0.048393,0.060755,0.073533,0.086312,0.099552,0.11326,0.12696,0.1418,0.15779,0.17377,0.19161,0.2113,0.231,0.25274,0.27651,0.30029,0.32557,0.35236,0.37914,0.40642,0.43419,0.46196,0.48912,0.51568,0.54225,0.56709,0.59024,0.61338,0.63371,0.65124,0.66876,0.68253,0.69255,0.70258,0.70826,0.70959,0.71092,0.70781,0.70026,0.69271,0.68119,0.66572,0.65023,0.63155,0.60965,0.58775,0.56335,0.53645,0.50954,0.48091,0.45056,0.4202,0.38915,0.3574,0.32565,0.29385,0.262,0.23016,0.19823,0.16621,0.13418,0.10203,0.06973,0.03743,0.0056472,-0.025624,-0.056896,-0.08606,-0.11312,-0.14019,-0.16305,-0.1817,-0.20036,-0.21333,-0.22063,-0.22793,-0.22954,-0.22545,-0.22137,-0.21288,-0.19998,-0.18709,-0.17217,-0.15521,-0.13825,-0.12319,-0.11002,-0.096854,-0.084853,-0.074025,-0.063199,-0.053677,-0.045457,-0.037239,-0.03016,-0.024218,-0.018277,-0.0099264,0.00083281,0.011593,0.022679,0.034091,0.045505,0.055046,0.062713,0.070381,0.072925,0.070347,0.067767,0.060556,0.048713,0.036868,0.022273,0.0049271,-0.01242,-0.030217,-0.04847,-0.066724,-0.082856,-0.096868,-0.11088,-0.11879,-0.12058,-0.12238,-0.11627,-0.10225,-0.088215,-0.068892,-0.044276,0,0,0,0,0,0,0,0,0,0,0,0,0,0,0,0,0,0,0,0,0,0,0,0,0,0,0,0,0,0,0,0,0,0,0,0,0,0,0,0,0,0,0,0,0,0,0,0,0,0,0,0,0,0,0,0,0,0,0,0,0,0,0,0,0,0,0,0,0,0,0,0,0,0,0,0,0,0,0,0,0,0,0,0,0,0,0,0,0,0,0,0,0,0,0,0,0,0,0,0,-0.0018426,-0.0025052,-0.0031678,0.0011225,0.010367,0.019612,0.034879,0.05617,0.077457,0.1109,0.15651,0.20213,0.25418,0.31262,0.37108,0.42858,0.4851,0.54162,0.58482,0.61469,0.64455,0.67104,0.69415,0.71727,0.73578,0.7497,0.76361,0.7776,0.79166,0.80573,0.81001,0.80451,0.79901,0.79375,0.78874,0.78373,0.7788,0.77396,0.76911,0.76071,0.74875,0.7368,0.72358,0.70911,0.69464,0.67995,0.66504,0.65013,0.63536,0.62073,0.60611,0.59091,0.57514,0.55938,0.53951,0.51553,0.49156,0.46861,0.44669,0.42477,0.4007,0.37448,0.34825,0.32139,0.29388,0.26638,0.23857,0.21045,0.18235,0.15463,0.12729,0.099962,0.07402,0.049468,0.024918,0.0031536,-0.01583,-0.034815,-0.050531,-0.062981,-0.07543,-0.085002,-0.091695,-0.098387,-0.10234,-0.10354,-0.10474,-0.10301,-0.098355,-0.093697,-0.086936,-0.078068,-0.069198,-0.059129,-0.047856,-0.036583,-0.022773,-0.006428,0.009916,0.026337,0.042843,0.059354,0.074881,0.089428,0.10398,0.11664,0.12742,0.13819,0.14618,0.15138,0.15657,0.1584,0.15686,0.15531,0.15032,0.14189,0.13345,0.12179,0.1069,0.092012,0.074366,0.053962,0.033557,0.010921,-0.013945,-0.03881,-0.065176,-0.093044,-0.12091,-0.14907,-0.17752,-0.20597,-0.23354,-0.26025,-0.28696,-0.31165,-0.33432,-0.357,-0.37646,-0.3927,-0.40893,-0.42193,-0.43167,-0.44141,-0.44878,-0.45376,-0.45873,-0.46173,-0.46273,-0.46374,-0.46274,-0.45973,-0.45673,-0.45129,-0.44341,-0.43554,-0.425,-0.41179,-0.39859,-0.38375,-0.36728,-0.3508,-0.33456,-0.31856,-0.30255,-0.2882,-0.2755,-0.2628,-0.25185,-0.24266,-0.23348,-0.22571,-0.21936,-0.21301,-0.20771,-0.20348,-0.19924,-0.19588,-0.19338,-0.19089,-0.18945,-0.18906,-0.18867,-0.18929,-0.19093,-0.19257,-0.19582,-0.20067,-0.20553,-0.17331,-0.104,-0.034682
0,0,0,0,0.16565,0.16124,0.16288,0.17057,0.17826,0.18714,0.19719,0.20724,0.21637,0.22458,0.23278,0.23742,0.23848,0.23955,0.2374,0.23203,0.22666,0.21794,0.20588,0.19382,0.1786,0.16022,0.14184,0.12136,0.098768,0.076176,0.053223,0.029909,0.0065981,-0.015262,-0.035673,-0.056086,-0.073606,-0.088236,-0.10287,-0.11433,-0.12262,-0.13092,-0.13692,-0.14064,-0.14435,-0.1472,-0.14917,-0.15115,-0.15372,-0.1569,-0.16008,-0.1648,-0.17107,-0.17734,-0.18507,-0.19424,-0.20342,-0.2131,-0.22329,-0.23348,-0.24309,-0.25213,-0.26117,-0.269,-0.27561,-0.28222,-0.28757,-0.29165,-0.29574,-0.29893,-0.30123,-0.30352,-0.30522,-0.30631,-0.30739,-0.3077,-0.30724,-0.30677,-0.30509,-0.3022,-0.29931,-0.29491,-0.28902,-0.28312,-0.27587,-0.26727,-0.25867,-0.24945,-0.23961,-0.22976,-0.22039,-0.21149,-0.20259,-0.19511,-0.18904,-0.18298,-0.17848,-0.17556,-0.17264,-0.17023,-0.16833,-0.16643,-0.16334,-0.15903,-0.15473,-0.14831,-0.13976,-0.13122,-0.12132,-0.11007,-0.098827,-0.087849,-0.077142,-0.066434,-0.057291,-0.049713,-0.042137,-0.036594,-0.033082,-0.029572,-0.027277,-0.0262,-0.025124,-0.02352,-0.021388,-0.019255,-0.015289,-0.0094876,-0.0036865,0.0039989,0.013568,0.023139,0.033793,0.045532,0.057269,0.069343,0.081756,0.094169,0.1069,0.11994,0.13299,0.14709,0.16225,0.17741,0.19454,0.21365,0.23275,0.25419,0.27796,0.30173,0.32731,0.3547,0.38209,0.41013,0.43882,0.46751,0.49554,0.52293,0.55032,0.57581,0.59941,0.62301,0.64358,0.66112,0.67866,0.69235,0.7022,0.71204,0.71767,0.71907,0.72047,0.7177,0.71074,0.70378,0.69303,0.67849,0.66395,0.64618,0.62516,0.60415,0.58035,0.55377,0.5272,0.4985,0.46766,0.43682,0.4051,0.37247,0.33985,0.30723,0.27464,0.24206,0.2095,0.17698,0.14445,0.11185,0.079149,0.046446,0.014141,-0.017756,-0.049651,-0.079715,-0.10795,-0.13619,-0.16053,-0.18099,-0.20145,-0.21637,-0.22577,-0.23516,-0.2387,-0.23638,-0.23405,-0.22688,-0.21487,-0.20285,-0.18827,-0.17111,-0.15396,-0.13833,-0.12425,-0.11016,-0.097054,-0.084942,-0.072832,-0.062536,-0.054054,-0.045575,-0.038827,-0.033811,-0.028798,-0.021705,-0.012535,-0.0033679,0.0067963,0.017958,0.029117,0.03867,0.046609,0.054547,0.057979,0.056899,0.055817,0.050231,0.040142,0.030049,0.016932,0.00078845,-0.01536,-0.032487,-0.050598,-0.068711,-0.085102,-0.099774,-0.11445,-0.12303,-0.12551,-0.128,-0.12244,-0.10883,-0.095226,-0.077354,-0.055217,0,0,0,0,0,0,0,0,0,0,0,0,0,0,0,0,0,0,0,0,0,0,0,0,0,0,0,0,0,0,0,0,0,0,0,0,0,0,0,0,0,0,0,0,0,0,0,0,0,0,0,0,0,0,0,0,0,0,0,0,0,0,0,0,0,0,0,0,0,0,0,0,0,0,0,0,0,0,0,0,0,0,0,0,0,0,0,0,0,0,0,0,0,0,0,0,0,0,0,0,-0.00078094,-0.0011339,-0.001487,-0.00031048,0.0053816,0.011073,0.024485,0.045617,0.066744,0.098322,0.14037,0.18242,0.23361,0.29393,0.35428,0.41407,0.47332,0.53256,0.57792,0.60941,0.64089,0.67171,0.70188,0.73205,0.75419,0.76831,0.78242,0.79624,0.80975,0.82327,0.82683,0.82042,0.81402,0.80735,0.80043,0.79351,0.78942,0.78816,0.78691,0.77937,0.76556,0.75175,0.73726,0.7221,0.70695,0.69197,0.67714,0.66231,0.64772,0.63336,0.619,0.60389,0.58804,0.57218,0.55295,0.53033,0.5077,0.48481,0.46165,0.43849,0.41247,0.38358,0.35468,0.32609,0.29779,0.26949,0.24078,0.21168,0.18258,0.15398,0.12588,0.097772,0.071153,0.046018,0.020885,-0.0015212,-0.0212,-0.04088,-0.057293,-0.070436,-0.08358,-0.093896,-0.10138,-0.10887,-0.11376,-0.11606,-0.11835,-0.11768,-0.11403,-0.11038,-0.10518,-0.098429,-0.091673,-0.081948,-0.069252,-0.056558,-0.041663,-0.02456,-0.0074534,0.009828,0.027285,0.044745,0.061111,0.076386,0.091664,0.10485,0.11594,0.12703,0.13512,0.1402,0.14528,0.14682,0.14481,0.1428,0.13736,0.12848,0.11961,0.10774,0.092855,0.077973,0.060554,0.040594,0.020634,-0.0014189,-0.025561,-0.049705,-0.075283,-0.10229,-0.1293,-0.1567,-0.18451,-0.21231,-0.23944,-0.26592,-0.29239,-0.31698,-0.33969,-0.3624,-0.38192,-0.39825,-0.41457,-0.42753,-0.43712,-0.4467,-0.45375,-0.45827,-0.46279,-0.46531,-0.46583,-0.46636,-0.46492,-0.46153,-0.45813,-0.45235,-0.44417,-0.436,-0.42522,-0.41184,-0.39847,-0.38348,-0.36689,-0.3503,-0.33387,-0.3176,-0.30133,-0.28643,-0.27291,-0.25939,-0.24739,-0.23693,-0.22646,-0.21732,-0.2095,-0.20168,-0.19519,-0.19001,-0.18484,-0.18077,-0.17779,-0.17481,-0.17309,-0.17263,-0.17217,-0.17258,-0.17387,-0.17516,-0.17837,-0.1835,-0.18864,-0.15935,-0.095626,-0.031892
0,0,0,0,0.15907,0.15716,0.16012,0.16795,0.17578,0.18426,0.1934,0.20253,0.21063,0.2177,0.22476,0.22855,0.22907,0.22959,0.22703,0.22139,0.21574,0.20709,0.19542,0.18375,0.16923,0.15187,0.13451,0.11516,0.093809,0.072461,0.050772,0.028745,0.0067188,-0.013857,-0.032986,-0.052115,-0.068529,-0.082232,-0.095935,-0.10686,-0.11499,-0.12313,-0.1293,-0.1335,-0.1377,-0.14113,-0.14378,-0.14643,-0.14956,-0.15317,-0.15678,-0.16172,-0.16798,-0.17424,-0.18189,-0.19091,-0.19994,-0.20972,-0.22027,-0.23082,-0.24125,-0.25155,-0.26186,-0.27123,-0.27966,-0.2881,-0.29509,-0.30063,-0.30617,-0.31024,-0.31284,-0.31543,-0.31676,-0.31684,-0.31692,-0.31585,-0.31363,-0.31141,-0.30815,-0.30383,-0.29952,-0.29434,-0.28829,-0.28224,-0.27552,-0.26813,-0.26073,-0.25299,-0.24491,-0.23682,-0.22902,-0.2215,-0.21398,-0.20733,-0.20155,-0.19577,-0.19083,-0.18675,-0.18267,-0.17865,-0.17468,-0.17072,-0.16566,-0.1595,-0.15333,-0.14548,-0.13592,-0.12637,-0.11581,-0.10426,-0.092697,-0.081523,-0.070731,-0.059938,-0.050645,-0.042849,-0.035055,-0.029196,-0.025272,-0.021349,-0.018661,-0.017209,-0.015758,-0.013892,-0.01161,-0.0093279,-0.0053122,0.00043807,0.0061884,0.013773,0.02319,0.032609,0.043083,0.054613,0.066143,0.077932,0.089978,0.10203,0.11424,0.12663,0.13901,0.15238,0.16671,0.18105,0.19748,0.21599,0.2345,0.25564,0.2794,0.30317,0.32905,0.35704,0.38503,0.41384,0.44345,0.47306,0.50197,0.53018,0.5584,0.58453,0.60858,0.63264,0.65344,0.671,0.68856,0.70217,0.71184,0.7215,0.72707,0.72855,0.73003,0.72758,0.72121,0.71485,0.70487,0.69127,0.67767,0.66081,0.64068,0.62055,0.59736,0.57111,0.54486,0.51608,0.48477,0.45345,0.42105,0.38754,0.35404,0.32062,0.28728,0.25395,0.22078,0.18776,0.15474,0.12167,0.088561,0.055446,0.022632,-0.0098877,-0.042404,-0.073368,-0.10277,-0.13218,-0.15802,-0.18028,-0.20254,-0.21941,-0.2309,-0.24239,-0.24786,-0.2473,-0.24674,-0.24089,-0.22975,-0.21861,-0.20437,-0.18702,-0.16966,-0.15348,-0.13847,-0.12346,-0.10925,-0.095858,-0.082464,-0.071395,-0.06265,-0.053911,-0.047497,-0.043404,-0.039316,-0.033486,-0.025909,-0.018332,-0.0090865,0.0018245,0.012731,0.022293,0.030507,0.03872,0.043036,0.043451,0.043866,0.039906,0.03157,0.023232,0.011593,-0.0033498,-0.018298,-0.034756,-0.052726,-0.070699,-0.087351,-0.10268,-0.11801,-0.12726,-0.13044,-0.13361,-0.1286,-0.11542,-0.10224,-0.085821,-0.06616,0,0,0,0,0,0,0,0,0,0,0,0,0,0,0,0,0,0,0,0,0,0,0,0,0,0,0,0,0,0,0,0,0,0,0,0,0,0,0,0,0,0,0,0,0,0,0,0,0,0,0,0,0,0,0,0,0,0,0,0,0,0,0,0,0,0,0,0,0,0,0,0,0,0,0,0,0,0,0,0,0,0,0,0,0,0,0,0,0,0,0,0,0,0,0,0,0,0,0,0,0,0,0,-0.00051341,0.00039674,0.002536,0.01409,0.035061,0.056031,0.085748,0.12422,0.1627,0.21304,0.27525,0.33748,0.39956,0.46152,0.52348,0.57101,0.60412,0.63723,0.67239,0.70961,0.74682,0.77259,0.78692,0.80123,0.81488,0.82785,0.84082,0.84365,0.83634,0.82903,0.82096,0.81213,0.8033,0.80004,0.80237,0.8047,0.79803,0.78237,0.76669,0.75094,0.7351,0.71927,0.70399,0.68924,0.6745,0.66008,0.64599,0.63189,0.61687,0.60093,0.58499,0.56638,0.54512,0.52385,0.50101,0.47661,0.45221,0.42424,0.39268,0.36112,0.33079,0.30169,0.27259,0.243,0.2129,0.18281,0.15333,0.12446,0.095582,0.068286,0.042568,0.016849,-0.0061955,-0.02657,-0.046946,-0.064053,-0.077891,-0.09173,-0.10279,-0.11107,-0.11935,-0.12519,-0.12857,-0.13196,-0.13234,-0.1297,-0.12707,-0.12343,-0.11879,-0.11415,-0.10477,-0.09065,-0.076533,-0.060547,-0.042688,-0.024824,-0.006684,0.011725,0.030133,0.047339,0.063346,0.079353,0.093061,0.10447,0.11587,0.12406,0.12903,0.13399,0.13524,0.13276,0.13028,0.12439,0.11508,0.10578,0.093686,0.078812,0.063937,0.046744,0.027229,0.007713,-0.013754,-0.037175,-0.060597,-0.085384,-0.11154,-0.13769,-0.16434,-0.1915,-0.21865,-0.24535,-0.27158,-0.29782,-0.32231,-0.34506,-0.3678,-0.38738,-0.4038,-0.42021,-0.43313,-0.44256,-0.45199,-0.45873,-0.46279,-0.46684,-0.46889,-0.46893,-0.46898,-0.46711,-0.46332,-0.45953,-0.4534,-0.44493,-0.43645,-0.42544,-0.41189,-0.39834,-0.38322,-0.36651,-0.3498,-0.33318,-0.31664,-0.3001,-0.28466,-0.27032,-0.25597,-0.24293,-0.23119,-0.21945,-0.20894,-0.19965,-0.19036,-0.18266,-0.17655,-0.17044,-0.16566,-0.16219,-0.15873,-0.15673,-0.1562,-0.15566,-0.15587,-0.15681,-0.15774,-0.16092,-0.16633,-0.17175,-0.14539,-0.087253,-0.029098
0,0,0,0,0.15459,0.15432,0.1579,0.16535,0.17281,0.18066,0.18892,0.19719,0.2043,0.21026,0.21622,0.2192,0.2192,0.21921,0.21628,0.21042,0.20455,0.19602,0.1848,0.17359,0.15988,0.14368,0.12748,0.10949,0.08971,0.06993,0.049856,0.029493,0.0091288,-0.0098795,-0.027531,-0.045181,-0.060447,-0.073331,-0.086214,-0.09678,-0.10503,-0.11328,-0.11993,-0.12497,-0.13001,-0.13437,-0.13804,-0.14171,-0.14566,-0.14987,-0.15408,-0.15929,-0.1655,-0.17171,-0.17917,-0.18787,-0.19658,-0.20629,-0.21699,-0.22769,-0.23874,-0.25012,-0.26151,-0.27227,-0.28239,-0.29251,-0.30103,-0.30795,-0.31486,-0.31973,-0.32255,-0.32536,-0.32631,-0.32539,-0.32446,-0.32214,-0.31842,-0.3147,-0.3102,-0.30491,-0.29963,-0.29409,-0.2883,-0.28252,-0.27663,-0.27063,-0.26464,-0.25845,-0.25207,-0.24569,-0.23927,-0.23281,-0.22636,-0.22014,-0.21418,-0.20821,-0.20244,-0.19687,-0.19129,-0.18546,-0.17938,-0.1733,-0.16635,-0.15852,-0.15068,-0.14164,-0.13139,-0.12114,-0.11021,-0.098612,-0.087009,-0.075814,-0.065024,-0.054235,-0.044801,-0.03672,-0.02864,-0.022361,-0.017886,-0.01341,-0.010178,-0.0081891,-0.0062011,-0.0039341,-0.0013886,0.0011564,0.005282,0.010988,0.016694,0.02414,0.033324,0.042509,0.05271,0.063929,0.075148,0.086577,0.098215,0.10985,0.12156,0.13333,0.14511,0.1578,0.17141,0.18501,0.20081,0.21878,0.23677,0.25762,0.28133,0.30504,0.33114,0.3596,0.38807,0.41749,0.44786,0.47823,0.50786,0.53675,0.56565,0.59231,0.61673,0.64115,0.66216,0.67975,0.69734,0.71092,0.72049,0.73005,0.73564,0.73725,0.73886,0.73677,0.73096,0.72516,0.71588,0.70311,0.69033,0.67426,0.65489,0.63551,0.61287,0.58697,0.56107,0.53236,0.50083,0.46931,0.4365,0.40238,0.36826,0.3342,0.3002,0.2662,0.23244,0.19891,0.16539,0.13187,0.098352,0.064833,0.03154,-0.0015458,-0.034626,-0.066395,-0.096857,-0.12732,-0.15452,-0.17848,-0.20244,-0.22121,-0.23479,-0.24836,-0.25582,-0.25715,-0.25848,-0.25417,-0.2442,-0.23424,-0.22064,-0.2034,-0.18617,-0.1694,-0.15312,-0.13684,-0.12163,-0.10751,-0.093396,-0.081839,-0.07284,-0.063844,-0.057489,-0.05377,-0.050054,-0.045186,-0.039157,-0.033126,-0.025039,-0.0149,-0.0047609,0.0046317,0.013278,0.021924,0.027255,0.029272,0.031289,0.029072,0.022623,0.016172,0.0062161,-0.007249,-0.020718,-0.036093,-0.053379,-0.07067,-0.087282,-0.10322,-0.11915,-0.12912,-0.13312,-0.13711,-0.13317,-0.12129,-0.10942,-0.094405,-0.076257,0,0,0,0,0,0,0,0,0,0,0,0,0,0,0,0,0,0,0,0,0,0,0,0,0,0,0,0,0,0,0,0,0,0,0,0,0,0,0,0,0,0,0,0,0,0,0,0,0,0,0,0,0,0,0,0,0,0,0,0,0,0,0,0,0,0,0,0,0,0,0,0,0,0,0,0,0,0,0,0,0,0,0,0,0,0,0,0,0,0,0,0,0,0,0,0,0,0,0,0,0,0,0,0,-0.0017457,-0.0014429,0.008016,0.026636,0.045258,0.072145,0.1073,0.14245,0.19174,0.25517,0.31861,0.38284,0.44787,0.51291,0.56467,0.60317,0.64165,0.68006,0.7184,0.75673,0.78499,0.80318,0.82136,0.83691,0.84981,0.86271,0.86507,0.8569,0.84872,0.84072,0.83291,0.8251,0.8212,0.82121,0.82123,0.81256,0.79521,0.77785,0.76217,0.74818,0.7342,0.71968,0.70464,0.6896,0.67493,0.66061,0.6463,0.63095,0.61458,0.5982,0.57956,0.55865,0.53774,0.51456,0.48912,0.46368,0.43462,0.40195,0.36928,0.33782,0.30758,0.27734,0.24657,0.21527,0.18397,0.15337,0.12345,0.093533,0.065307,0.038772,0.012236,-0.011654,-0.032905,-0.054157,-0.072226,-0.087114,-0.102,-0.11416,-0.12358,-0.13301,-0.13997,-0.14446,-0.14895,-0.15031,-0.14854,-0.14677,-0.14371,-0.13936,-0.135,-0.12536,-0.11042,-0.095478,-0.078792,-0.060357,-0.041918,-0.023192,-0.0041831,0.014825,0.032592,0.049117,0.065642,0.079755,0.09146,0.10317,0.11152,0.11652,0.12152,0.12274,0.12018,0.11763,0.11169,0.10236,0.093042,0.081016,0.066286,0.051556,0.034608,0.015437,-0.0037326,-0.02475,-0.047615,-0.07048,-0.09468,-0.12022,-0.14576,-0.17191,-0.19866,-0.22541,-0.25181,-0.27785,-0.3039,-0.32823,-0.35084,-0.37345,-0.39295,-0.40934,-0.42573,-0.43859,-0.44792,-0.45725,-0.46373,-0.46738,-0.47103,-0.4726,-0.47211,-0.47162,-0.46922,-0.46491,-0.46059,-0.45399,-0.44509,-0.43619,-0.42487,-0.41112,-0.39737,-0.38211,-0.36533,-0.34855,-0.33173,-0.31488,-0.29802,-0.28197,-0.26671,-0.25145,-0.23725,-0.22408,-0.21092,-0.19896,-0.18821,-0.17745,-0.1685,-0.16134,-0.15418,-0.14866,-0.1448,-0.14093,-0.13871,-0.13815,-0.13759,-0.13774,-0.13859,-0.13944,-0.14236,-0.14733,-0.1523,-0.129,-0.077415,-0.02581
0,0,0,0,0.15221,0.15271,0.15624,0.16279,0.16934,0.17633,0.18377,0.1912,0.19737,0.20226,0.20715,0.20936,0.20888,0.20841,0.20516,0.19912,0.19309,0.18472,0.17404,0.16335,0.15055,0.13565,0.12075,0.10435,0.086468,0.06858,0.050473,0.032149,0.013823,-0.0033291,-0.019308,-0.035287,-0.049361,-0.061529,-0.073701,-0.084101,-0.09273,-0.10136,-0.1088,-0.11504,-0.12128,-0.12692,-0.13196,-0.137,-0.14201,-0.147,-0.15198,-0.15753,-0.16363,-0.16974,-0.17691,-0.18512,-0.19334,-0.20278,-0.21344,-0.2241,-0.23557,-0.24785,-0.26013,-0.27211,-0.28379,-0.29546,-0.3054,-0.3136,-0.3218,-0.32739,-0.33036,-0.33333,-0.33386,-0.33194,-0.33002,-0.32657,-0.3216,-0.31663,-0.31124,-0.30544,-0.29963,-0.29417,-0.28906,-0.28394,-0.27918,-0.27478,-0.27039,-0.26582,-0.2611,-0.25638,-0.25115,-0.24543,-0.23972,-0.23355,-0.22694,-0.22032,-0.21331,-0.20591,-0.1985,-0.19068,-0.18243,-0.17419,-0.16541,-0.15609,-0.14678,-0.1368,-0.12617,-0.11553,-0.10453,-0.093143,-0.081762,-0.070723,-0.060024,-0.049325,-0.03976,-0.031326,-0.022892,-0.016091,-0.010923,-0.0057556,-0.0018272,0.0008603,0.0035477,0.0063529,0.0092753,0.012198,0.016493,0.022162,0.027831,0.0351,0.043969,0.052838,0.062674,0.073479,0.084283,0.095278,0.10646,0.11765,0.12885,0.14006,0.15127,0.16336,0.17633,0.1893,0.20454,0.22204,0.23955,0.26011,0.28373,0.30736,0.33357,0.36239,0.3912,0.42109,0.45206,0.48302,0.51322,0.54264,0.57207,0.59914,0.62384,0.64855,0.66972,0.68736,0.705,0.7186,0.72815,0.73769,0.74337,0.74517,0.74698,0.74525,0.73999,0.73472,0.72606,0.71401,0.70195,0.68654,0.66779,0.64904,0.62689,0.60136,0.57582,0.54732,0.51586,0.4844,0.45144,0.41698,0.38252,0.34799,0.31339,0.27879,0.24448,0.21044,0.17639,0.14242,0.10852,0.074611,0.040865,0.0072741,-0.026315,-0.058809,-0.090206,-0.1216,-0.15007,-0.17562,-0.20117,-0.22177,-0.23742,-0.25308,-0.26258,-0.26593,-0.26928,-0.26671,-0.25822,-0.24973,-0.23708,-0.22028,-0.20347,-0.18611,-0.1682,-0.15029,-0.1342,-0.11991,-0.10563,-0.093869,-0.08462,-0.075373,-0.068804,-0.064908,-0.061015,-0.056807,-0.052281,-0.047753,-0.041065,-0.032214,-0.023361,-0.014315,-0.0050748,0.004162,0.010642,0.014365,0.018087,0.017733,0.013302,0.0088698,0.00080034,-0.010908,-0.022619,-0.036503,-0.052561,-0.068622,-0.084895,-0.10138,-0.11787,-0.12859,-0.13355,-0.1385,-0.13613,-0.12644,-0.11675,-0.1031,-0.085506,0,0,0,0,0,0,0,0,0,0,0,0,0,0,0,0,0,0,0,0,0,0,0,0,0,0,0,0,0,0,0,0,0,0,0,0,0,0,0,0,0,0,0,0,0,0,0,0,0,0,0,0,0,0,0,0,0,0,0,0,0,0,0,0,0,0,0,0,0,0,0,0,0,0,0,0,0,0,0,0,0,0,0,0,0,0,0,0,0,0,0,0,0,0,0,0,0,0,0,0,0,0,0,0,-0.00069825,-0.00057712,0.0035704,0.020341,0.03442,0.057503,0.089598,0.12169,0.16972,0.23369,0.29767,0.3639,0.43238,0.50086,0.55893,0.60655,0.65417,0.69473,0.72825,0.76177,0.79138,0.81709,0.8428,0.86232,0.87563,0.88895,0.8911,0.8821,0.87309,0.86665,0.86279,0.85893,0.85289,0.84469,0.8365,0.82296,0.80409,0.78521,0.77096,0.76134,0.75172,0.73905,0.72334,0.70762,0.69225,0.67723,0.66221,0.64612,0.62896,0.61181,0.59246,0.57092,0.54937,0.52545,0.49917,0.4729,0.44364,0.4114,0.37916,0.34718,0.31544,0.28371,0.25148,0.21876,0.18605,0.15408,0.12285,0.091624,0.062218,0.034629,0.0070435,-0.017903,-0.040207,-0.062512,-0.081811,-0.098105,-0.1144,-0.128,-0.13892,-0.14984,-0.1581,-0.1637,-0.16931,-0.17159,-0.17054,-0.16949,-0.16602,-0.16014,-0.15425,-0.14372,-0.12856,-0.11339,-0.096397,-0.07757,-0.058742,-0.0397,-0.02044,-0.0011775,0.016868,0.033699,0.05053,0.064938,0.076924,0.088914,0.097503,0.10269,0.10787,0.10934,0.10708,0.10483,0.09924,0.090325,0.081408,0.069726,0.055277,0.040829,0.024143,0.0052177,-0.013706,-0.034407,-0.056883,-0.079358,-0.10317,-0.12834,-0.1535,-0.17938,-0.20598,-0.23258,-0.25883,-0.28472,-0.31062,-0.33472,-0.35703,-0.37934,-0.39862,-0.41489,-0.43115,-0.44392,-0.45319,-0.46247,-0.46875,-0.47205,-0.47535,-0.47645,-0.47537,-0.47429,-0.47126,-0.46629,-0.46131,-0.45411,-0.44467,-0.43522,-0.42351,-0.40953,-0.39555,-0.38016,-0.36335,-0.34655,-0.32953,-0.31231,-0.29509,-0.27835,-0.26208,-0.24583,-0.23033,-0.2156,-0.20087,-0.18739,-0.17518,-0.16296,-0.15269,-0.14437,-0.13605,-0.12979,-0.1256,-0.12141,-0.11904,-0.11849,-0.11795,-0.11819,-0.11923,-0.12026,-0.12268,-0.12649,-0.1303,-0.11017,-0.066117,-0.022043
0,0,0,0,0.14982,0.15111,0.15458,0.16022,0.16587,0.172,0.17861,0.18522,0.19043,0.19426,0.19808,0.19951,0.19856,0.19761,0.19403,0.18782,0.18162,0.17343,0.16327,0.15311,0.14122,0.12762,0.11402,0.099218,0.083226,0.067233,0.051093,0.034806,0.01852,0.0032231,-0.011085,-0.025393,-0.038274,-0.049729,-0.061186,-0.071419,-0.080427,-0.089439,-0.097666,-0.10511,-0.11255,-0.11947,-0.12588,-0.13229,-0.13837,-0.14413,-0.14988,-0.15576,-0.16177,-0.16777,-0.17464,-0.18237,-0.1901,-0.19928,-0.2099,-0.22052,-0.23241,-0.24558,-0.25875,-0.27195,-0.28518,-0.29841,-0.30977,-0.31926,-0.32874,-0.33505,-0.33818,-0.3413,-0.3414,-0.33849,-0.33558,-0.33101,-0.32478,-0.31856,-0.31228,-0.30596,-0.29964,-0.29426,-0.28981,-0.28536,-0.28174,-0.27894,-0.27614,-0.2732,-0.27013,-0.26706,-0.26303,-0.25805,-0.25307,-0.24695,-0.23969,-0.23243,-0.22418,-0.21494,-0.20571,-0.19589,-0.18548,-0.17507,-0.16447,-0.15367,-0.14287,-0.13196,-0.12095,-0.10993,-0.098839,-0.087678,-0.076518,-0.065634,-0.055026,-0.044418,-0.034719,-0.025932,-0.017145,-0.0098218,-0.0039613,0.0018992,0.0065236,0.0099101,0.013297,0.01664,0.01994,0.023239,0.027704,0.033336,0.038967,0.04606,0.054613,0.063167,0.072638,0.083029,0.093419,0.10398,0.11471,0.12544,0.13613,0.14678,0.15743,0.16892,0.18126,0.19359,0.20827,0.2253,0.24232,0.26261,0.28614,0.30967,0.33601,0.36517,0.39433,0.42469,0.45625,0.48781,0.51857,0.54854,0.5785,0.60597,0.63096,0.65594,0.67728,0.69497,0.71267,0.72628,0.7358,0.74532,0.75109,0.75309,0.7551,0.75374,0.74901,0.74428,0.73625,0.7249,0.71356,0.69883,0.68069,0.66256,0.64091,0.61574,0.59057,0.56229,0.53089,0.49949,0.46639,0.43159,0.39678,0.36178,0.32657,0.29137,0.25651,0.22195,0.1874,0.15298,0.11868,0.084382,0.050189,0.016093,-0.018001,-0.051216,-0.083547,-0.11588,-0.14562,-0.17275,-0.19989,-0.22232,-0.24006,-0.25779,-0.26934,-0.27471,-0.28008,-0.27926,-0.27224,-0.26521,-0.25352,-0.23715,-0.22078,-0.20282,-0.18329,-0.16375,-0.14676,-0.13231,-0.11787,-0.1059,-0.096401,-0.086902,-0.080118,-0.076048,-0.071978,-0.068431,-0.065406,-0.062381,-0.05709,-0.049526,-0.041961,-0.033263,-0.023427,-0.013595,-0.0059664,-0.00054035,0.0048851,0.006393,0.0039809,0.0015676,-0.004614,-0.014565,-0.024518,-0.03691,-0.051739,-0.06657,-0.082507,-0.099545,-0.11658,-0.12806,-0.13398,-0.13989,-0.1391,-0.13159,-0.12408,-0.1118,-0.094753,0,0,0,0,0,0,0,0,0,0,0,0,0,0,0,0,0,0,0,0,0,0,0,0,0,0,0,0,0,0,0,0,0,0,0,0,0,0,0,0,0,0,0,0,0,0,0,0,0,0,0,0,0,0,0,0,0,0,0,0,0,0,0,0,0,0,0,0,0,0,0,0,0,0,0,0,0,0,0,0,0,0,0,0,0,0,0,0,0,0,0,0,0,0,0,0,0,0,0,0,0,0,0,0,0,0,0,0.014045,0.023583,0.042862,0.071894,0.10092,0.14769,0.21221,0.27674,0.34497,0.41689,0.48882,0.55316,0.60992,0.66668,0.7094,0.7381,0.7668,0.79777,0.831,0.86424,0.88773,0.90146,0.91518,0.91713,0.9073,0.89747,0.89259,0.89266,0.89274,0.88458,0.86817,0.85176,0.83337,0.81297,0.79257,0.77975,0.7745,0.76925,0.75842,0.74203,0.72564,0.70958,0.69386,0.67813,0.66129,0.64335,0.62541,0.60535,0.58318,0.561,0.53635,0.50923,0.48211,0.45265,0.42085,0.38904,0.35653,0.3233,0.29008,0.2564,0.22226,0.18813,0.1548,0.12226,0.08972,0.059133,0.030492,0.0018501,-0.024151,-0.047509,-0.070867,-0.091396,-0.10909,-0.12679,-0.14185,-0.15426,-0.16667,-0.17623,-0.18295,-0.18967,-0.19286,-0.19254,-0.19221,-0.18833,-0.18091,-0.17349,-0.16208,-0.14669,-0.1313,-0.114,-0.094786,-0.075566,-0.056203,-0.036696,-0.017186,0.001139,0.018279,0.035415,0.050118,0.062392,0.074667,0.083488,0.088853,0.094219,0.095927,0.093977,0.092026,0.086796,0.078287,0.069775,0.058437,0.044269,0.030101,0.013679,-0.0049995,-0.023678,-0.044061,-0.066147,-0.088233,-0.11167,-0.13645,-0.16123,-0.18685,-0.21331,-0.23975,-0.26585,-0.29159,-0.31733,-0.34121,-0.36322,-0.38522,-0.4043,-0.42043,-0.43656,-0.44924,-0.45846,-0.46769,-0.47378,-0.47672,-0.47966,-0.4803,-0.47862,-0.47695,-0.4733,-0.46767,-0.46203,-0.45423,-0.44424,-0.43425,-0.42215,-0.40794,-0.39373,-0.37821,-0.36138,-0.34455,-0.32734,-0.30975,-0.29215,-0.27472,-0.25746,-0.2402,-0.22342,-0.20711,-0.19081,-0.17583,-0.16215,-0.14848,-0.13689,-0.12741,-0.11792,-0.11092,-0.10641,-0.10189,-0.099368,-0.098835,-0.098304,-0.098647,-0.099865,-0.10108,-0.10301,-0.10565,-0.10829,-0.091345,-0.054816,-0.018276
0,0,0,0,0.14652,0.14818,0.15156,0.15666,0.16176,0.16722,0.17303,0.17883,0.18323,0.18622,0.18921,0.19002,0.18867,0.18731,0.18359,0.17751,0.17143,0.16366,0.15419,0.14472,0.13387,0.12165,0.10944,0.096273,0.082168,0.068063,0.053848,0.039527,0.025208,0.011648,-0.0011539,-0.013954,-0.025788,-0.03666,-0.047533,-0.057714,-0.067205,-0.076696,-0.085791,-0.094489,-0.10318,-0.11142,-0.11919,-0.12697,-0.13413,-0.14067,-0.14721,-0.1535,-0.15953,-0.16556,-0.17229,-0.17974,-0.18718,-0.19624,-0.20692,-0.21759,-0.22987,-0.24377,-0.25767,-0.27179,-0.28615,-0.3005,-0.31283,-0.32314,-0.33345,-0.34015,-0.34325,-0.34634,-0.34606,-0.3424,-0.33874,-0.33344,-0.3265,-0.31956,-0.31296,-0.3067,-0.30044,-0.2956,-0.29218,-0.28876,-0.28643,-0.28519,-0.28395,-0.28242,-0.2806,-0.27877,-0.27546,-0.27067,-0.26587,-0.25932,-0.25099,-0.24268,-0.23297,-0.22189,-0.2108,-0.19913,-0.18688,-0.17462,-0.16255,-0.15068,-0.13881,-0.12731,-0.11619,-0.10507,-0.094089,-0.083243,-0.072397,-0.061676,-0.051083,-0.040489,-0.030518,-0.021172,-0.011828,-0.0037517,0.0030547,0.0098608,0.015398,0.019664,0.023931,0.027907,0.031591,0.035274,0.039843,0.045297,0.050751,0.05751,0.065573,0.073635,0.082594,0.092448,0.1023,0.11237,0.12265,0.13292,0.14319,0.15345,0.16371,0.17482,0.18677,0.19872,0.21304,0.22973,0.24642,0.26645,0.28981,0.31317,0.33947,0.36871,0.39795,0.42849,0.46034,0.49218,0.52323,0.5535,0.58377,0.61149,0.63667,0.66185,0.68335,0.70115,0.71896,0.73268,0.74232,0.75196,0.75789,0.76011,0.76234,0.76129,0.75697,0.75264,0.74508,0.73429,0.72349,0.70928,0.69167,0.67405,0.65286,0.6281,0.60334,0.57539,0.54426,0.51312,0.48011,0.44523,0.41035,0.3751,0.33945,0.30381,0.26846,0.23338,0.19829,0.16337,0.12859,0.093807,0.05911,0.024487,-0.010128,-0.044001,-0.077143,-0.11028,-0.14109,-0.16957,-0.19805,-0.2221,-0.24172,-0.26134,-0.27487,-0.28232,-0.28976,-0.29086,-0.28561,-0.28035,-0.26998,-0.25451,-0.23903,-0.22116,-0.2009,-0.18064,-0.16276,-0.14727,-0.13179,-0.11913,-0.10929,-0.099447,-0.092329,-0.087931,-0.083535,-0.080442,-0.078653,-0.076861,-0.072915,-0.066811,-0.060707,-0.05272,-0.042843,-0.032967,-0.024486,-0.0174,-0.010311,-0.0068562,-0.0070389,-0.0072229,-0.011331,-0.019364,-0.027399,-0.038106,-0.051483,-0.064862,-0.079698,-0.095982,-0.11227,-0.12414,-0.1316,-0.13906,-0.14015,-0.13486,-0.12957,-0.11865,-0.1021,0,0,0,0,0,0,0,0,0,0,0,0,0,0,0,0,0,0,0,0,0,0,0,0,0,0,0,0,0,0,0,0,0,0,0,0,0,0,0,0,0,0,0,0,0,0,0,0,0,0,0,0,0,0,0,0,0,0,0,0,0,0,0,0,0,0,0,0,0,0,0,0,0,0,0,0,0,0,0,0,0,0,0,0,0,0,0,0,0,0,0,0,0,0,0,0,0,0,0,0,0,0,0,0,0,0,0,0.00545,0.0090834,0.032283,0.058589,0.084897,0.12989,0.1936,0.25733,0.32643,0.40092,0.4754,0.5442,0.60734,0.67049,0.71752,0.74845,0.77938,0.81196,0.84619,0.88042,0.90598,0.92288,0.93977,0.94261,0.93139,0.92017,0.91514,0.9163,0.91747,0.90749,0.88634,0.86519,0.84533,0.82676,0.80817,0.79607,0.79045,0.78484,0.77487,0.76055,0.74623,0.73064,0.71379,0.69694,0.67884,0.65951,0.64018,0.61891,0.59569,0.57247,0.54683,0.51878,0.49073,0.46066,0.42858,0.3965,0.36329,0.32893,0.29458,0.2599,0.22488,0.18986,0.15564,0.12222,0.088801,0.057307,0.027743,-0.0018207,-0.028815,-0.053239,-0.077666,-0.099422,-0.11851,-0.1376,-0.15402,-0.16777,-0.18153,-0.1922,-0.19978,-0.20737,-0.21124,-0.21138,-0.21152,-0.20751,-0.19935,-0.19118,-0.17936,-0.1639,-0.14844,-0.13106,-0.11175,-0.092441,-0.073015,-0.053479,-0.033938,-0.01552,0.0017706,0.019059,0.033968,0.0465,0.059031,0.06818,0.073944,0.079709,0.081955,0.080681,0.079405,0.074884,0.067114,0.059344,0.048618,0.034935,0.021251,0.0051681,-0.013315,-0.031798,-0.052067,-0.074119,-0.096171,-0.11959,-0.14438,-0.16917,-0.19473,-0.22108,-0.24743,-0.27329,-0.29868,-0.32407,-0.34752,-0.36903,-0.39053,-0.40918,-0.42495,-0.44073,-0.45313,-0.46215,-0.47117,-0.47699,-0.4796,-0.48221,-0.48241,-0.48018,-0.47796,-0.4737,-0.4674,-0.46111,-0.45271,-0.44222,-0.43173,-0.41932,-0.405,-0.39068,-0.37512,-0.35833,-0.34154,-0.32417,-0.30622,-0.28826,-0.27013,-0.25181,-0.23349,-0.21542,-0.19759,-0.17977,-0.16327,-0.1481,-0.13293,-0.12007,-0.10953,-0.098989,-0.091287,-0.086424,-0.081563,-0.078842,-0.078262,-0.077684,-0.078121,-0.079571,-0.081023,-0.082468,-0.083903,-0.08534,-0.071722,-0.043039,-0.014348
0,0,0,0,0.14229,0.14393,0.1472,0.1521,0.15701,0.16198,0.16701,0.17204,0.17575,0.17814,0.18053,0.18089,0.1792,0.17751,0.17384,0.16818,0.16252,0.15539,0.14678,0.13817,0.1285,0.11775,0.107,0.095515,0.083291,0.071066,0.058738,0.04631,0.033883,0.021941,0.010486,-0.00096829,-0.011904,-0.022321,-0.032738,-0.042984,-0.053061,-0.063137,-0.073177,-0.083185,-0.093191,-0.10276,-0.1119,-0.12104,-0.12929,-0.13663,-0.14397,-0.15074,-0.15692,-0.1631,-0.16987,-0.17723,-0.18458,-0.19367,-0.2045,-0.21532,-0.22796,-0.24242,-0.25688,-0.27163,-0.28668,-0.30172,-0.31458,-0.32524,-0.33591,-0.34269,-0.34558,-0.34847,-0.34783,-0.34367,-0.33951,-0.33387,-0.32676,-0.31965,-0.31328,-0.30766,-0.30204,-0.29821,-0.29617,-0.29414,-0.29326,-0.29355,-0.29383,-0.29349,-0.2925,-0.29152,-0.28845,-0.28328,-0.27811,-0.27063,-0.26086,-0.25108,-0.2397,-0.22674,-0.21378,-0.20041,-0.18662,-0.17284,-0.15967,-0.14713,-0.13459,-0.12285,-0.11191,-0.10096,-0.090274,-0.079837,-0.069399,-0.058851,-0.048194,-0.037538,-0.027155,-0.017045,-0.0069377,0.0021191,0.010125,0.018129,0.024796,0.030122,0.035449,0.040151,0.044227,0.048303,0.052909,0.058045,0.063182,0.069449,0.076846,0.084243,0.09254,0.10174,0.11093,0.12044,0.13027,0.14009,0.15002,0.16006,0.17011,0.18104,0.19286,0.20469,0.21885,0.23534,0.25183,0.27164,0.29475,0.31786,0.34394,0.373,0.40206,0.43249,0.4643,0.4961,0.52718,0.55753,0.58787,0.61569,0.64099,0.66628,0.68792,0.7059,0.72388,0.73781,0.7477,0.75758,0.76376,0.76623,0.7687,0.76791,0.76386,0.75982,0.75258,0.74216,0.73174,0.71792,0.70071,0.6835,0.66274,0.63842,0.6141,0.58661,0.55594,0.52527,0.49259,0.45791,0.42323,0.38793,0.35202,0.31611,0.28035,0.24471,0.20907,0.17358,0.13823,0.10288,0.067631,0.032468,-0.0026964,-0.037181,-0.070997,-0.10481,-0.1365,-0.16608,-0.19566,-0.2211,-0.24242,-0.26373,-0.27918,-0.28876,-0.29833,-0.30152,-0.29832,-0.29512,-0.28647,-0.27235,-0.25823,-0.24112,-0.22105,-0.20096,-0.18221,-0.1648,-0.14739,-0.13355,-0.12327,-0.113,-0.10543,-0.10056,-0.095687,-0.092839,-0.092015,-0.091191,-0.088543,-0.084072,-0.079601,-0.072683,-0.063316,-0.05395,-0.044916,-0.03621,-0.027499,-0.022013,-0.019758,-0.017503,-0.019351,-0.025302,-0.031256,-0.040086,-0.051791,-0.063497,-0.076466,-0.090694,-0.10492,-0.11683,-0.12641,-0.136,-0.13928,-0.13625,-0.13322,-0.12365,-0.10753,0,0,0,0,0,0,0,0,0,0,0,0,0,0,0,0,0,0,0,0,0,0,0,0,0,0,0,0,0,0,0,0,0,0,0,0,0,0,0,0,0,0,0,0,0,0,0,0,0,0,0,0,0,0,0,0,0,0,0,0,0,0,0,0,0,0,0,0,0,0,0,0,0,0,0,0,0,0,0,0,0,0,0,0,0,0,0,0,0,0,0,0,0,0,0,0,0,0,0,0,0,0,0,0,0,0,0,0,0,0.01451,0.049682,0.073611,0.11634,0.17787,0.23942,0.30828,0.38444,0.46061,0.53207,0.59884,0.6656,0.71908,0.75929,0.79949,0.83395,0.86265,0.89134,0.91709,0.93991,0.96272,0.96755,0.95438,0.9412,0.93432,0.93372,0.93313,0.92163,0.89921,0.8768,0.85887,0.84543,0.832,0.81992,0.80921,0.7985,0.78839,0.77888,0.76937,0.75542,0.73703,0.71863,0.69877,0.67744,0.65612,0.63311,0.60844,0.58377,0.55689,0.52781,0.49874,0.46767,0.43459,0.40153,0.36744,0.33234,0.29723,0.26199,0.22661,0.19124,0.15661,0.12274,0.088858,0.056737,0.026374,-0.0039813,-0.031907,-0.057407,-0.08291,-0.10589,-0.12635,-0.14681,-0.16452,-0.17947,-0.19442,-0.206,-0.21421,-0.22242,-0.22671,-0.22707,-0.22744,-0.22356,-0.21544,-0.20732,-0.19556,-0.18018,-0.16479,-0.14756,-0.12847,-0.10937,-0.090145,-0.070792,-0.051436,-0.03311,-0.015825,0.0014626,0.016489,0.029247,0.042008,0.051581,0.057962,0.064343,0.06742,0.067192,0.066963,0.063502,0.056807,0.050112,0.040268,0.027271,0.014275,-0.0013921,-0.01973,-0.038068,-0.058426,-0.080801,-0.10317,-0.12695,-0.15213,-0.1773,-0.20303,-0.22931,-0.2556,-0.28116,-0.30599,-0.33083,-0.35365,-0.37446,-0.39526,-0.41327,-0.42847,-0.44367,-0.4556,-0.46426,-0.47291,-0.47839,-0.48069,-0.483,-0.48278,-0.48005,-0.47732,-0.47247,-0.4655,-0.45854,-0.44957,-0.43861,-0.42765,-0.41501,-0.4007,-0.38638,-0.37089,-0.35421,-0.33753,-0.32004,-0.30173,-0.28342,-0.26456,-0.24513,-0.22571,-0.20635,-0.18703,-0.16772,-0.14972,-0.13302,-0.11632,-0.10223,-0.090742,-0.079255,-0.070893,-0.065657,-0.060422,-0.057462,-0.056776,-0.05609,-0.056615,-0.058351,-0.060087,-0.061055,-0.061256,-0.061458,-0.051303,-0.030787,-0.010266
0,0,0,0,0.13807,0.13967,0.14283,0.14755,0.15226,0.15674,0.161,0.16525,0.16828,0.17007,0.17186,0.17175,0.16973,0.16772,0.16409,0.15885,0.15361,0.14712,0.13938,0.13163,0.12312,0.11385,0.10457,0.094759,0.084415,0.07407,0.063629,0.053093,0.042556,0.032233,0.022126,0.012018,0.0019835,-0.0079782,-0.017941,-0.028253,-0.038916,-0.049578,-0.060565,-0.071881,-0.083197,-0.094108,-0.10461,-0.11512,-0.12444,-0.13259,-0.14073,-0.14797,-0.15431,-0.16064,-0.16744,-0.17471,-0.18198,-0.1911,-0.20208,-0.21305,-0.22605,-0.24107,-0.2561,-0.27148,-0.28721,-0.30295,-0.31633,-0.32735,-0.33837,-0.34523,-0.34791,-0.35059,-0.3496,-0.34494,-0.34027,-0.3343,-0.32702,-0.31973,-0.3136,-0.30861,-0.30363,-0.30081,-0.30016,-0.29951,-0.30009,-0.3019,-0.30372,-0.30455,-0.30441,-0.30427,-0.30143,-0.29589,-0.29034,-0.28195,-0.27071,-0.25947,-0.24643,-0.2316,-0.21676,-0.20168,-0.18637,-0.17105,-0.15679,-0.14358,-0.13037,-0.11838,-0.10762,-0.096855,-0.086458,-0.07643,-0.066402,-0.056028,-0.045308,-0.034587,-0.023791,-0.012918,-0.0020463,0.0079907,0.017194,0.026397,0.034193,0.040581,0.046967,0.052395,0.056863,0.061331,0.065975,0.070794,0.075612,0.081388,0.08812,0.094851,0.10249,0.11103,0.11956,0.12852,0.13788,0.14725,0.15685,0.16668,0.1765,0.18726,0.19896,0.21066,0.22465,0.24095,0.25724,0.27682,0.29968,0.32254,0.34842,0.37729,0.40617,0.43649,0.46826,0.50004,0.53114,0.56156,0.59198,0.61989,0.6453,0.67071,0.69249,0.71065,0.7288,0.74294,0.75308,0.76321,0.76963,0.77235,0.77506,0.77453,0.77076,0.76699,0.76008,0.75003,0.73998,0.72655,0.70975,0.69295,0.67261,0.64874,0.62487,0.59783,0.56763,0.53742,0.50508,0.47059,0.43611,0.40078,0.3646,0.32842,0.29224,0.25604,0.21984,0.18379,0.14788,0.11195,0.076151,0.040447,0.0047377,-0.030359,-0.064843,-0.099326,-0.13191,-0.16258,-0.19326,-0.2201,-0.24311,-0.26613,-0.28349,-0.2952,-0.3069,-0.31219,-0.31104,-0.3099,-0.30295,-0.29019,-0.27743,-0.26109,-0.24118,-0.22128,-0.20166,-0.18233,-0.16299,-0.14797,-0.13727,-0.12656,-0.11853,-0.11318,-0.10784,-0.10524,-0.10538,-0.10552,-0.10417,-0.10133,-0.098493,-0.092644,-0.083787,-0.074932,-0.065343,-0.055017,-0.044686,-0.037172,-0.032477,-0.027782,-0.027371,-0.031241,-0.035113,-0.042065,-0.052098,-0.062131,-0.073233,-0.085404,-0.097574,-0.10951,-0.12123,-0.13294,-0.13841,-0.13765,-0.13688,-0.12865,-0.11297,0,0,0,0,0,0,0,0,0,0,0,0,0,0,0,0,0,0,0,0,0,0,0,0,0,0,0,0,0,0,0,0,0,0,0,0,0,0,0,0,0,0,0,0,0,0,0,0,0,0,0,0,0,0,0,0,0,0,0,0,0,0,0,0,0,0,0,0,0,0,0,0,0,0,0,0,0,0,0,0,0,0,0,0,0,0,0,0,0,0,0,0,0,0,0,0,0,0,0,0,0,0,0,0,0,0,0,0,0,0,0.040776,0.062325,0.10278,0.16214,0.22152,0.29013,0.36798,0.44583,0.51995,0.59033,0.66071,0.72065,0.77013,0.81961,0.85593,0.8791,0.90226,0.92821,0.95694,0.98567,0.99248,0.97736,0.96224,0.9535,0.95114,0.94879,0.93577,0.9121,0.88841,0.87241,0.86411,0.85582,0.84377,0.82797,0.81217,0.80192,0.79722,0.79252,0.7802,0.76027,0.74032,0.71869,0.69537,0.67205,0.64733,0.62119,0.59506,0.56695,0.53686,0.50675,0.47467,0.44061,0.40655,0.3716,0.33574,0.29988,0.26408,0.22835,0.19262,0.15758,0.12325,0.088912,0.056167,0.025008,-0.0061457,-0.035005,-0.061577,-0.088151,-0.11236,-0.13419,-0.15603,-0.17502,-0.19117,-0.20731,-0.2198,-0.22863,-0.23747,-0.24218,-0.24276,-0.24335,-0.23961,-0.23153,-0.22345,-0.21176,-0.19646,-0.18115,-0.16405,-0.14518,-0.1263,-0.10727,-0.088102,-0.068934,-0.050705,-0.033417,-0.016129,-0.00099169,0.011996,0.024987,0.034982,0.04198,0.048978,0.052887,0.053704,0.054521,0.05212,0.046501,0.040881,0.031918,0.019608,0.0072987,-0.0079502,-0.026144,-0.044339,-0.064784,-0.087479,-0.11018,-0.13431,-0.15987,-0.18543,-0.21132,-0.23755,-0.26377,-0.28902,-0.3133,-0.33758,-0.35977,-0.37988,-0.39998,-0.41735,-0.43198,-0.4466,-0.45807,-0.46636,-0.47465,-0.47979,-0.48178,-0.48378,-0.48315,-0.47992,-0.47668,-0.47124,-0.4636,-0.45597,-0.44643,-0.435,-0.42358,-0.41071,-0.3964,-0.38209,-0.36665,-0.35009,-0.33352,-0.31591,-0.29724,-0.27858,-0.25898,-0.23846,-0.21793,-0.19727,-0.17648,-0.15568,-0.13617,-0.11795,-0.099721,-0.08439,-0.071956,-0.059522,-0.0505,-0.044891,-0.039282,-0.036082,-0.035289,-0.034496,-0.03511,-0.037131,-0.039151,-0.039644,-0.038612,-0.037579,-0.030887,-0.018536,-0.0061825
0,0,0,0,0.13553,0.13655,0.13917,0.14337,0.14757,0.15163,0.15554,0.15944,0.16204,0.16331,0.16458,0.16418,0.1621,0.16002,0.15662,0.15189,0.14717,0.14142,0.13465,0.12787,0.12053,0.11261,0.10468,0.096372,0.087672,0.078969,0.070142,0.061192,0.052241,0.043255,0.034234,0.025215,0.015877,0.0062194,-0.0034397,-0.013848,-0.025008,-0.036168,-0.047905,-0.060218,-0.072529,-0.084453,-0.095988,-0.10752,-0.11772,-0.12661,-0.1355,-0.14334,-0.15013,-0.15692,-0.16413,-0.17176,-0.17939,-0.1889,-0.20028,-0.21167,-0.22508,-0.24051,-0.25594,-0.27163,-0.28758,-0.30353,-0.31698,-0.32793,-0.33887,-0.34558,-0.34803,-0.35048,-0.34933,-0.34458,-0.33983,-0.334,-0.32711,-0.32021,-0.31477,-0.31079,-0.30682,-0.30518,-0.30589,-0.3066,-0.3084,-0.3113,-0.3142,-0.31572,-0.31585,-0.31598,-0.31292,-0.30667,-0.30041,-0.29095,-0.27829,-0.26563,-0.2511,-0.2347,-0.21831,-0.20189,-0.18546,-0.16904,-0.15405,-0.1405,-0.12694,-0.11492,-0.10443,-0.093949,-0.083839,-0.074108,-0.064378,-0.05403,-0.043065,-0.032098,-0.020714,-0.0089121,0.0028902,0.014059,0.024594,0.035128,0.04416,0.051685,0.05921,0.065393,0.070235,0.075076,0.079687,0.084066,0.088445,0.093598,0.099527,0.10546,0.11234,0.12018,0.12802,0.13645,0.14545,0.15446,0.16386,0.17365,0.18345,0.19423,0.20599,0.21775,0.23173,0.24792,0.26412,0.28348,0.30601,0.32854,0.35402,0.38246,0.4109,0.44082,0.47223,0.50365,0.53448,0.56473,0.59498,0.62281,0.64823,0.67365,0.69553,0.71385,0.73218,0.74654,0.75694,0.76734,0.774,0.77691,0.77983,0.77948,0.77587,0.77227,0.76559,0.75583,0.74607,0.733,0.7166,0.7002,0.68031,0.65693,0.63355,0.60702,0.57734,0.54765,0.5157,0.48149,0.44728,0.41198,0.37561,0.33924,0.30268,0.26594,0.22919,0.19255,0.15599,0.11943,0.083037,0.04679,0.010538,-0.025075,-0.060048,-0.095025,-0.12824,-0.15968,-0.19112,-0.21905,-0.24347,-0.26789,-0.28697,-0.30072,-0.31446,-0.32185,-0.32288,-0.3239,-0.31886,-0.30775,-0.29664,-0.28143,-0.26211,-0.24279,-0.22289,-0.20239,-0.18189,-0.16589,-0.1544,-0.14292,-0.13399,-0.12762,-0.12125,-0.11851,-0.11939,-0.12027,-0.11996,-0.11846,-0.11695,-0.11209,-0.10386,-0.095631,-0.085904,-0.074676,-0.063444,-0.054279,-0.047181,-0.040082,-0.037218,-0.038586,-0.039956,-0.044666,-0.052717,-0.060769,-0.070072,-0.080629,-0.091187,-0.10256,-0.11474,-0.12693,-0.13385,-0.1355,-0.13716,-0.13079,-0.11641,-0.051918,0,0,0,0,0,0,0,0,0,0,0,0,0,0,0,0,0,0,0,0,0,0,0,0,0,0,0,0,0,0,0,0,0,0,0,0,0,0,0,0,0,0,0,0,0,0,0,0,0,0,0,0,0,0,0,0,0,0,0,0,0,0,0,0,0,0,0,0,0,0,0,0,0,0,0,0,0,0,0,0,0,0,0,0,0,0,0,0,0,0,0,0,0,0,0,0,0,0,0,0,0,0,0,0,0,0,0,0,0,0.018162,0.028341,0.047997,0.15098,0.20708,0.27444,0.35304,0.43162,0.50781,0.58161,0.65542,0.72024,0.77607,0.83189,0.87195,0.89623,0.92051,0.94657,0.97442,1.0023,1.011,1.0006,0.99019,0.98274,0.97823,0.97373,0.95881,0.93348,0.90816,0.89123,0.88272,0.8742,0.86096,0.84301,0.82505,0.81495,0.81273,0.81051,0.79884,0.77771,0.75658,0.73468,0.71202,0.68937,0.66396,0.63581,0.60767,0.57772,0.54597,0.51421,0.48073,0.44552,0.4103,0.37444,0.33792,0.30141,0.26515,0.22914,0.19313,0.15781,0.12318,0.088549,0.05531,0.023468,-0.0083792,-0.038189,-0.065962,-0.093737,-0.11927,-0.14255,-0.16583,-0.18611,-0.20339,-0.22066,-0.23398,-0.24335,-0.25272,-0.25769,-0.25828,-0.25886,-0.25503,-0.24679,-0.23853,-0.22683,-0.21167,-0.1965,-0.1797,-0.16126,-0.14281,-0.12421,-0.10544,-0.086674,-0.068751,-0.051672,-0.034589,-0.019428,-0.0061852,0.0070571,0.01765,0.025594,0.033537,0.038582,0.040728,0.042872,0.041724,0.037282,0.032839,0.024812,0.013198,0.0015838,-0.013308,-0.031484,-0.049662,-0.070353,-0.093562,-0.11677,-0.14138,-0.16737,-0.19337,-0.21939,-0.24545,-0.2715,-0.29632,-0.3199,-0.34347,-0.3649,-0.38417,-0.40345,-0.42004,-0.43396,-0.44788,-0.45875,-0.46658,-0.47441,-0.47917,-0.48086,-0.48255,-0.48158,-0.47794,-0.47431,-0.46841,-0.46025,-0.45209,-0.44212,-0.43034,-0.41855,-0.40549,-0.39116,-0.37683,-0.36139,-0.34485,-0.32831,-0.31051,-0.29145,-0.27239,-0.2521,-0.23058,-0.20905,-0.18722,-0.16508,-0.14294,-0.12213,-0.10265,-0.083164,-0.066809,-0.053585,-0.040362,-0.030767,-0.024802,-0.018837,-0.015313,-0.014228,-0.013145,-0.013535,-0.015399,-0.017264,-0.017591,-0.016381,-0.01517,-0.012138,-0.0072845,-0.0024293
0,0,0,0,0.13467,0.13456,0.1362,0.13957,0.14294,0.14663,0.15062,0.15462,0.15703,0.15786,0.15869,0.15817,0.1563,0.15443,0.15143,0.14731,0.14319,0.13828,0.13259,0.12689,0.1207,0.11402,0.10734,0.10036,0.09306,0.085763,0.078279,0.070607,0.062935,0.055002,0.046812,0.038623,0.029776,0.020272,0.010768,0.0002305,-0.01134,-0.022912,-0.035196,-0.048193,-0.061188,-0.073798,-0.086024,-0.098244,-0.10914,-0.11871,-0.12828,-0.13684,-0.14438,-0.15193,-0.15992,-0.16836,-0.1768,-0.18706,-0.19912,-0.21118,-0.22505,-0.24072,-0.25641,-0.27209,-0.28778,-0.30346,-0.31653,-0.32697,-0.33741,-0.34374,-0.34594,-0.34814,-0.34703,-0.34261,-0.33818,-0.33299,-0.32703,-0.32107,-0.3168,-0.3142,-0.3116,-0.31132,-0.31336,-0.31539,-0.31819,-0.32174,-0.3253,-0.32699,-0.32683,-0.32666,-0.32293,-0.31562,-0.30831,-0.29764,-0.28359,-0.26954,-0.25369,-0.23606,-0.21842,-0.20104,-0.18391,-0.16679,-0.15144,-0.13787,-0.12431,-0.11246,-0.10235,-0.092243,-0.082415,-0.072871,-0.063327,-0.052859,-0.041464,-0.03007,-0.017925,-0.0050261,0.007872,0.020322,0.032323,0.044324,0.054695,0.063436,0.072177,0.079146,0.084342,0.089538,0.094045,0.097862,0.10168,0.10608,0.11107,0.11606,0.1221,0.12921,0.13631,0.14423,0.15297,0.16171,0.17105,0.18099,0.19094,0.20192,0.21395,0.22597,0.24008,0.25627,0.27246,0.29161,0.31372,0.33584,0.36076,0.3885,0.41625,0.44548,0.4762,0.50694,0.53721,0.56704,0.59688,0.62446,0.64978,0.67511,0.69702,0.71552,0.73401,0.7486,0.7593,0.76999,0.77687,0.77994,0.783,0.78276,0.77921,0.77566,0.76911,0.75957,0.75002,0.73725,0.72125,0.70525,0.68583,0.66299,0.64015,0.61418,0.58507,0.55595,0.52446,0.49059,0.45673,0.42155,0.38507,0.34859,0.3117,0.27441,0.23713,0.19986,0.16259,0.12532,0.088295,0.051498,0.0147,-0.021339,-0.056617,-0.091906,-0.12549,-0.15737,-0.18925,-0.21796,-0.2435,-0.26903,-0.28965,-0.30533,-0.32102,-0.33051,-0.33382,-0.33713,-0.3342,-0.32503,-0.31587,-0.30213,-0.28382,-0.2655,-0.24589,-0.22498,-0.20407,-0.18731,-0.17469,-0.16208,-0.1518,-0.14385,-0.13591,-0.13264,-0.13404,-0.13545,-0.13592,-0.13545,-0.13498,-0.13101,-0.12353,-0.11605,-0.1066,-0.095188,-0.083774,-0.073335,-0.063868,-0.054402,-0.048893,-0.047338,-0.045784,-0.047887,-0.053647,-0.059409,-0.066982,-0.076368,-0.085757,-0.095955,-0.10696,-0.11797,-0.12559,-0.12983,-0.13407,-0.13008,-0.11786,-0.10564,-0.0453,-0.034023,-0.022746,0,0,0,0,0,0,0,0,0,0,0,0,0,0,0,0,0,0,0,0,0,0,0,0,0,0,0,0,0,0,0,0,0,0,0,0,0,0,0,0,0,0,0,0,0,0,0,0,0,0,0,0,0,0,0,0,0,0,0,0,0,0,0,0,0,0,0,0,0,0,0,0,0,0,0,0,0,0,0,0,0,0,0,0,0,0,0,0,0,0,0,0,0,0,0,0,0,0,0,0,0,0,0,0,0,0,0,0,0,0.14439,0.19613,0.2612,0.33957,0.41795,0.49565,0.57267,0.64969,0.71784,0.77709,0.83635,0.88201,0.91404,0.94608,0.97218,0.99235,1.0125,1.0231,1.0241,1.0251,1.022,1.015,1.0079,0.99075,0.9634,0.93606,0.91534,0.90125,0.88715,0.87151,0.85433,0.83714,0.8275,0.82543,0.82335,0.81133,0.78936,0.76738,0.74672,0.72739,0.70807,0.68303,0.6523,0.62157,0.58919,0.55515,0.52111,0.48583,0.4493,0.41277,0.37597,0.33889,0.30181,0.26518,0.22898,0.19279,0.15731,0.12254,0.087762,0.054159,0.021735,-0.010695,-0.041461,-0.070566,-0.099673,-0.12663,-0.15143,-0.17623,-0.1978,-0.21614,-0.23447,-0.24855,-0.25836,-0.26818,-0.27326,-0.27362,-0.27398,-0.26984,-0.2612,-0.25256,-0.24076,-0.22581,-0.21086,-0.1945,-0.17672,-0.15893,-0.14097,-0.12281,-0.10466,-0.087252,-0.070585,-0.053916,-0.038821,-0.025301,-0.011783,-0.00041713,0.0088015,0.018019,0.024505,0.028261,0.032015,0.032312,0.029149,0.025985,0.018949,0.0080402,-0.0028706,-0.017466,-0.035751,-0.054037,-0.075136,-0.099049,-0.12296,-0.14816,-0.17464,-0.20112,-0.22725,-0.25302,-0.2788,-0.30305,-0.32577,-0.3485,-0.36902,-0.38733,-0.40565,-0.42134,-0.43441,-0.44749,-0.45766,-0.46492,-0.47219,-0.47652,-0.47793,-0.47933,-0.47807,-0.47413,-0.4702,-0.46397,-0.45544,-0.44691,-0.43664,-0.42461,-0.41258,-0.39937,-0.38499,-0.3706,-0.35511,-0.3385,-0.3219,-0.30385,-0.28435,-0.26485,-0.2439,-0.22149,-0.19908,-0.1762,-0.15286,-0.12951,-0.1076,-0.087127,-0.066651,-0.049485,-0.035628,-0.021772,-0.011691,-0.005388,0.00091334,0.0048445,0.0064055,0.0079641,0.0081094,0.0068428,0.0055746,0.0051074,0.0054395,0.0057706,0.0049481,0.002969,0.0009899
0,0,0,0,0.1338,0.13258,0.13323,0.13577,0.13831,0.14162,0.14571,0.14979,0.15202,0.15241,0.1528,0.15216,0.1505,0.14883,0.14624,0.14273,0.13921,0.13514,0.13053,0.12591,0.12088,0.11545,0.11001,0.10434,0.098449,0.092557,0.086415,0.080022,0.073628,0.066751,0.059389,0.052029,0.043675,0.034325,0.024975,0.014309,0.0023263,-0.0096571,-0.022489,-0.036169,-0.049848,-0.063144,-0.076058,-0.088971,-0.10055,-0.1108,-0.12105,-0.13033,-0.13863,-0.14694,-0.15571,-0.16497,-0.17422,-0.18521,-0.19794,-0.21068,-0.22501,-0.24094,-0.25687,-0.27255,-0.28797,-0.30339,-0.31607,-0.32601,-0.33595,-0.3419,-0.34385,-0.34581,-0.34473,-0.34063,-0.33653,-0.33197,-0.32696,-0.32194,-0.31882,-0.3176,-0.31639,-0.31746,-0.32082,-0.32419,-0.32798,-0.33219,-0.33639,-0.33827,-0.3378,-0.33734,-0.33293,-0.32457,-0.31621,-0.30432,-0.28889,-0.27345,-0.25629,-0.23741,-0.21853,-0.20018,-0.18236,-0.16454,-0.14883,-0.13525,-0.12167,-0.11001,-0.10027,-0.090536,-0.080989,-0.071632,-0.062275,-0.051685,-0.039864,-0.028044,-0.015136,-0.0011396,0.012854,0.026583,0.040051,0.053518,0.065231,0.075187,0.085144,0.092898,0.098449,0.104,0.1084,0.11166,0.11491,0.11856,0.12261,0.12666,0.13187,0.13823,0.1446,0.15202,0.16049,0.16896,0.17824,0.18834,0.19843,0.20962,0.2219,0.23419,0.24842,0.26461,0.2808,0.29974,0.32144,0.34313,0.3675,0.39454,0.42159,0.45014,0.48018,0.51022,0.53995,0.56936,0.59879,0.62611,0.65134,0.67657,0.69852,0.71718,0.73584,0.75067,0.76165,0.77263,0.77973,0.78296,0.78618,0.78604,0.78255,0.77905,0.77263,0.7633,0.75396,0.7415,0.7259,0.7103,0.69135,0.66905,0.64675,0.62133,0.59279,0.56425,0.53322,0.4997,0.46618,0.43112,0.39452,0.35793,0.32072,0.28289,0.24506,0.20717,0.16919,0.13121,0.093549,0.056201,0.01886,-0.017604,-0.05319,-0.088784,-0.12274,-0.15506,-0.18737,-0.21686,-0.24352,-0.27017,-0.29231,-0.30994,-0.32757,-0.33918,-0.34477,-0.35036,-0.34954,-0.34232,-0.33509,-0.32283,-0.30552,-0.2882,-0.26889,-0.24757,-0.22626,-0.20873,-0.19498,-0.18124,-0.1696,-0.16009,-0.15057,-0.14677,-0.1487,-0.15063,-0.15187,-0.15244,-0.15301,-0.14993,-0.14319,-0.13646,-0.1273,-0.1157,-0.1041,-0.092388,-0.080554,-0.068725,-0.06057,-0.056091,-0.051614,-0.05111,-0.054579,-0.058048,-0.063892,-0.072109,-0.080325,-0.089349,-0.09918,-0.10901,-0.11734,-0.12415,-0.13097,-0.12936,-0.1193,-0.10925,-0.093978,-0.073489,-0.053001,0,0,0,0,0,0,0,0,0,0,0,0,0,0,0,0,0,0,0,0,0,0,0,0,0,0,0,0,0,0,0,0,0,0,0,0,0,0,0,0,0,0,0,0,0,0,0,0,0,0,0,0,0,0,0,0,0,0,0,0,0,0,0,0,0,0,0,0,0,0,0,0,0,0,0,0,0,0,0,0,0,0,0,0,0,0,0,0,0,0,0,0,0,0,0,0,0,0,0,0,0,0,0,0,0,0,0,0,0,0.070552,0.18517,0.24795,0.32611,0.40428,0.48349,0.56371,0.64396,0.71543,0.77812,0.84081,0.89205,0.93185,0.97165,0.99779,1.0103,1.0228,1.0352,1.0476,1.0599,1.0613,1.0517,1.0422,1.0227,0.99333,0.96397,0.93945,0.91978,0.90011,0.88207,0.86565,0.84923,0.84005,0.83812,0.83619,0.82382,0.801,0.77818,0.75877,0.74276,0.72676,0.7021,0.66879,0.63548,0.60067,0.56433,0.528,0.49093,0.45308,0.41523,0.3775,0.33986,0.30222,0.26521,0.22883,0.19245,0.1568,0.12189,0.086974,0.053009,0.019999,-0.013012,-0.044734,-0.075171,-0.10561,-0.13399,-0.16031,-0.18663,-0.20949,-0.22888,-0.24828,-0.26311,-0.27337,-0.28363,-0.28883,-0.28896,-0.28909,-0.28464,-0.27561,-0.26658,-0.2547,-0.23996,-0.22522,-0.2093,-0.19217,-0.17505,-0.15772,-0.14018,-0.12265,-0.10575,-0.089495,-0.073237,-0.058213,-0.04442,-0.030628,-0.018486,-0.0079917,0.0025014,0.010429,0.015794,0.021161,0.022902,0.021017,0.01913,0.013085,0.0028814,-0.0073246,-0.021626,-0.040021,-0.058415,-0.079919,-0.10453,-0.12915,-0.15494,-0.18191,-0.20887,-0.2351,-0.2606,-0.28609,-0.30977,-0.33165,-0.35353,-0.37314,-0.39049,-0.40785,-0.42264,-0.43487,-0.4471,-0.45656,-0.46327,-0.46997,-0.47388,-0.47499,-0.47611,-0.47455,-0.47032,-0.46609,-0.45953,-0.45063,-0.44173,-0.43115,-0.41888,-0.40661,-0.39325,-0.37881,-0.36438,-0.34882,-0.33216,-0.31549,-0.29719,-0.27725,-0.25732,-0.2357,-0.2124,-0.18911,-0.16518,-0.14063,-0.11608,-0.093073,-0.071606,-0.050138,-0.03216,-0.017672,-0.0031825,0.0073844,0.014025,0.020665,0.025003,0.027039,0.029074,0.029755,0.029084,0.028413,0.027805,0.027259,0.026713,0.022035,0.013222,0.0044084
0,0,0,0,0.13204,0.1306,0.13085,0.13277,0.13469,0.1376,0.14151,0.14542,0.14755,0.14791,0.14827,0.14779,0.14647,0.14516,0.14311,0.14034,0.13757,0.13439,0.1308,0.12721,0.12327,0.11898,0.11469,0.11016,0.1054,0.10063,0.095489,0.089972,0.084455,0.078244,0.071338,0.064433,0.056343,0.047067,0.037789,0.027107,0.015019,0.0029283,-0.01003,-0.02386,-0.037692,-0.051201,-0.064392,-0.077587,-0.089633,-0.10053,-0.11143,-0.12158,-0.13097,-0.14037,-0.1503,-0.16078,-0.17125,-0.18326,-0.19682,-0.21037,-0.22515,-0.24115,-0.25715,-0.27258,-0.28745,-0.30232,-0.31443,-0.32379,-0.33315,-0.3388,-0.34075,-0.3427,-0.34202,-0.3387,-0.33538,-0.33186,-0.32814,-0.32443,-0.32262,-0.32272,-0.32282,-0.32497,-0.32915,-0.33334,-0.33753,-0.34174,-0.34594,-0.34748,-0.34635,-0.34521,-0.34001,-0.33074,-0.32146,-0.30867,-0.29237,-0.27607,-0.25814,-0.23857,-0.21901,-0.20011,-0.18189,-0.16367,-0.14771,-0.13402,-0.12034,-0.10865,-0.098952,-0.08926,-0.079683,-0.070223,-0.060762,-0.04986,-0.037522,-0.025185,-0.011538,0.0034208,0.018377,0.033179,0.047828,0.062476,0.075303,0.086303,0.097302,0.10581,0.11183,0.11785,0.12231,0.12522,0.12813,0.13119,0.13441,0.13762,0.14206,0.14773,0.15339,0.16036,0.16864,0.17691,0.18621,0.19653,0.20685,0.21829,0.23087,0.24345,0.25783,0.274,0.29018,0.30888,0.33011,0.35133,0.37505,0.40127,0.42748,0.45518,0.48435,0.51351,0.54249,0.57128,0.60007,0.62694,0.6519,0.67686,0.69869,0.71739,0.73609,0.75104,0.76223,0.77343,0.78073,0.78415,0.78757,0.78759,0.78421,0.78083,0.77456,0.76541,0.75625,0.74404,0.72876,0.71349,0.69492,0.67305,0.65119,0.62625,0.59821,0.57019,0.53958,0.5064,0.47322,0.43828,0.40158,0.36488,0.32737,0.28903,0.2507,0.21222,0.17359,0.13496,0.096757,0.058973,0.021192,-0.015557,-0.051272,-0.086984,-0.12109,-0.15359,-0.18608,-0.21607,-0.24355,-0.27104,-0.29444,-0.31378,-0.33311,-0.34667,-0.35446,-0.36225,-0.36357,-0.3584,-0.35323,-0.34263,-0.3266,-0.31057,-0.2919,-0.27059,-0.24929,-0.23129,-0.21661,-0.20193,-0.18915,-0.17827,-0.1674,-0.16248,-0.16353,-0.16457,-0.16581,-0.16724,-0.16867,-0.1667,-0.16134,-0.15598,-0.14742,-0.13568,-0.12394,-0.11135,-0.09791,-0.084475,-0.074096,-0.066772,-0.059449,-0.056318,-0.057378,-0.058437,-0.062341,-0.069089,-0.075836,-0.0836,-0.092384,-0.10117,-0.10951,-0.1174,-0.1253,-0.12548,-0.11795,-0.11042,-0.097863,-0.080269,-0.062676,0,0,0,0,0,0,0,0,0,0,0,0,0,0,0,0,0,0,0,0,0,0,0,0,0,0,0,0,0,0,0,0,0,0,0,0,0,0,0,0,0,0,0,0,0,0,0,0,0,0,0,0,0,0,0,0,0,0,0,0,0,0,0,0,0,0,0,0,0,0,0,0,0,0,0,0,0,0,0,0,0,0,0,0,0,0,0,0,0,0,0,0,0,0,0,0,0,0,0,0,0,0,0,0,0,0,0,0,0,0,0.17658,0.23664,0.31402,0.39139,0.47134,0.55383,0.63633,0.71039,0.77602,0.84164,0.89677,0.94142,0.98607,1.0145,1.0267,1.0388,1.0537,1.0713,1.0889,1.0919,1.0804,1.0689,1.0492,1.0213,0.99337,0.96789,0.94485,0.92181,0.90212,0.88578,0.86945,0.85908,0.85467,0.85026,0.83774,0.8171,0.79646,0.77865,0.76367,0.74869,0.72326,0.68736,0.65146,0.61407,0.57521,0.53634,0.49722,0.45784,0.41845,0.37957,0.3412,0.30284,0.26534,0.2287,0.19208,0.15625,0.12121,0.086174,0.051866,0.018288,-0.015292,-0.047922,-0.079602,-0.11128,-0.141,-0.16874,-0.19647,-0.22056,-0.241,-0.26143,-0.27693,-0.28747,-0.29802,-0.30312,-0.30279,-0.30246,-0.29754,-0.28804,-0.27854,-0.26654,-0.25202,-0.2375,-0.2221,-0.20581,-0.18951,-0.17308,-0.1565,-0.13992,-0.12377,-0.10805,-0.092333,-0.077376,-0.063181,-0.048983,-0.035971,-0.024141,-0.012315,-0.0029407,0.0039823,0.010905,0.014005,0.013278,0.012551,0.0073311,-0.0023817,-0.012097,-0.026257,-0.04486,-0.063463,-0.085319,-0.11043,-0.13555,-0.16166,-0.18878,-0.21588,-0.24192,-0.2669,-0.29187,-0.3148,-0.3357,-0.3566,-0.37523,-0.39158,-0.40793,-0.42186,-0.43338,-0.44489,-0.45383,-0.4602,-0.46657,-0.47026,-0.47126,-0.47226,-0.47054,-0.46612,-0.46169,-0.45488,-0.44567,-0.43647,-0.4256,-0.41307,-0.40054,-0.38694,-0.37228,-0.35762,-0.34181,-0.32485,-0.30788,-0.28919,-0.26875,-0.24831,-0.22607,-0.20205,-0.17803,-0.15333,-0.12795,-0.10257,-0.078793,-0.05662,-0.034446,-0.015879,-0.00092111,0.014037,0.024989,0.031932,0.038874,0.043538,0.045923,0.048308,0.049497,0.04949,0.049482,0.049025,0.04812,0.047214,0.038968,0.023384,0.0077976
0,0,0,0,0.12937,0.12864,0.12904,0.13056,0.13208,0.13457,0.13804,0.1415,0.14361,0.14435,0.14509,0.14505,0.14422,0.1434,0.14205,0.14017,0.13828,0.13603,0.1334,0.13078,0.12785,0.12462,0.1214,0.11782,0.1139,0.10998,0.1055,0.10046,0.095414,0.089481,0.082657,0.075834,0.067781,0.058497,0.049212,0.038625,0.026737,0.014846,0.0021793,-0.011267,-0.024715,-0.037971,-0.051032,-0.064092,-0.076381,-0.0879,-0.099419,-0.11059,-0.1214,-0.13222,-0.14368,-0.15578,-0.16788,-0.1812,-0.19573,-0.21026,-0.22547,-0.24135,-0.25723,-0.27219,-0.28621,-0.30024,-0.3116,-0.3203,-0.32899,-0.33444,-0.33664,-0.33883,-0.33889,-0.33681,-0.33473,-0.33265,-0.33059,-0.32853,-0.32818,-0.32954,-0.33091,-0.33384,-0.33833,-0.34283,-0.34685,-0.3504,-0.35395,-0.35463,-0.35245,-0.35028,-0.34416,-0.33411,-0.32405,-0.3107,-0.29406,-0.2774,-0.25923,-0.23954,-0.21985,-0.20084,-0.1825,-0.16417,-0.14806,-0.13418,-0.1203,-0.10837,-0.098394,-0.088414,-0.078497,-0.068643,-0.058789,-0.047386,-0.034439,-0.021494,-0.0071293,0.0086565,0.024443,0.04011,0.055656,0.071202,0.084913,0.096783,0.10865,0.11789,0.12448,0.13108,0.13577,0.13856,0.14134,0.14397,0.14646,0.14894,0.15268,0.15769,0.1627,0.16927,0.17742,0.18557,0.19495,0.20557,0.21618,0.22794,0.24084,0.25374,0.26828,0.28445,0.30061,0.31904,0.33974,0.36043,0.3834,0.40866,0.43392,0.4606,0.48871,0.5168,0.54483,0.57278,0.60072,0.62695,0.65147,0.67598,0.69754,0.71614,0.73474,0.7497,0.76104,0.77237,0.77986,0.78352,0.78718,0.78741,0.7842,0.78099,0.77489,0.76588,0.75688,0.74487,0.72985,0.71482,0.69655,0.67501,0.65348,0.62892,0.60133,0.57374,0.54353,0.51069,0.47785,0.44304,0.40625,0.36947,0.33167,0.29285,0.25402,0.21501,0.17579,0.13658,0.097916,0.059799,0.021681,-0.015206,-0.050862,-0.086514,-0.12055,-0.15296,-0.18537,-0.21559,-0.24361,-0.27164,-0.29605,-0.31684,-0.33764,-0.353,-0.36291,-0.37282,-0.37627,-0.37328,-0.37029,-0.36155,-0.34707,-0.33259,-0.31491,-0.29403,-0.27315,-0.25501,-0.23958,-0.22415,-0.21043,-0.19841,-0.1864,-0.17977,-0.17853,-0.17729,-0.17773,-0.17984,-0.18196,-0.18134,-0.17797,-0.1746,-0.16699,-0.15514,-0.14329,-0.13022,-0.11593,-0.10165,-0.089463,-0.079378,-0.06929,-0.063511,-0.062043,-0.060574,-0.062329,-0.067307,-0.072285,-0.078707,-0.086576,-0.094444,-0.10211,-0.10958,-0.11704,-0.11845,-0.11381,-0.10916,-0.098876,-0.082945,-0.067011,0,0,0,0,0,0,0,0,0,0,0,0,0,0,0,0,0,0,0,0,0,0,0,0,0,0,0,0,0,0,0,0,0,0,0,0,0,0,0,0,0,0,0,0,0,0,0,0,0,0,0,0,0,0,0,0,0,0,0,0,0,0,0,0,0,0,0,0,0,0,0,0,0,0,0,0,0,0,0,0,0,0,0,0,0,0,0,0,0,0,0,0,0,0,0,0,0,0,0,0,0,0,0,0,0,0,0,0,0,0,0.17035,0.22728,0.30329,0.37929,0.4592,0.543,0.62681,0.70275,0.7708,0.83885,0.89618,0.94278,0.98937,1.0223,1.0415,1.0607,1.0787,1.0953,1.1119,1.1138,1.1011,1.0883,1.0704,1.0473,1.0243,1.0007,0.97646,0.95225,0.93167,0.91473,0.89779,0.88457,0.87506,0.86556,0.85309,0.83764,0.8222,0.80636,0.79011,0.77387,0.7465,0.70799,0.66949,0.62942,0.58777,0.54612,0.50471,0.46357,0.42242,0.3822,0.34293,0.30367,0.26556,0.22861,0.19167,0.15563,0.12049,0.085362,0.050731,0.016595,-0.017544,-0.05103,-0.083859,-0.11669,-0.14764,-0.1767,-0.20576,-0.23103,-0.25249,-0.27394,-0.29,-0.30067,-0.31133,-0.31614,-0.31512,-0.31409,-0.30855,-0.2985,-0.28846,-0.27629,-0.26199,-0.24769,-0.2329,-0.21761,-0.20232,-0.18704,-0.17175,-0.15646,-0.1413,-0.12625,-0.11121,-0.096318,-0.081584,-0.066851,-0.052875,-0.039653,-0.026434,-0.015609,-0.0071791,0.0012487,0.0056205,0.0059342,0.0062468,0.001686,-0.00775,-0.017189,-0.031362,-0.05027,-0.06918,-0.091341,-0.11675,-0.14216,-0.16832,-0.19524,-0.22216,-0.24771,-0.27192,-0.29614,-0.31814,-0.33793,-0.35773,-0.37528,-0.39059,-0.4059,-0.41902,-0.42994,-0.44086,-0.44946,-0.45573,-0.46199,-0.46565,-0.46671,-0.46777,-0.46604,-0.46152,-0.45699,-0.45001,-0.44057,-0.43112,-0.42,-0.40718,-0.39437,-0.38043,-0.36539,-0.35034,-0.33407,-0.31657,-0.29908,-0.27983,-0.25883,-0.23782,-0.21503,-0.19044,-0.16585,-0.14065,-0.11481,-0.088983,-0.064766,-0.042169,-0.019571,-0.00063828,0.014625,0.029888,0.041125,0.048334,0.055541,0.06045,0.063059,0.065667,0.067334,0.068058,0.068782,0.068769,0.068021,0.067272,0.05575,0.033454,0.011156
0,0,0,0,0.12671,0.12668,0.12723,0.12834,0.12946,0.13153,0.13456,0.13759,0.13966,0.14079,0.14191,0.1423,0.14197,0.14164,0.14098,0.13999,0.13899,0.13767,0.13601,0.13435,0.13244,0.13027,0.1281,0.12548,0.12241,0.11934,0.11551,0.11094,0.10637,0.10072,0.093975,0.087234,0.079217,0.069926,0.060633,0.050142,0.038454,0.026764,0.014385,0.0013218,-0.01174,-0.024738,-0.037669,-0.050597,-0.063129,-0.07527,-0.087409,-0.099597,-0.11183,-0.12407,-0.13706,-0.15079,-0.16452,-0.17914,-0.19465,-0.21015,-0.22578,-0.24154,-0.25731,-0.27179,-0.28497,-0.29816,-0.30877,-0.3168,-0.32484,-0.33008,-0.33252,-0.33497,-0.33577,-0.33492,-0.33408,-0.33345,-0.33304,-0.33263,-0.33374,-0.33637,-0.339,-0.34272,-0.34752,-0.35232,-0.35616,-0.35906,-0.36195,-0.36179,-0.35856,-0.35534,-0.34831,-0.33748,-0.32665,-0.31273,-0.29574,-0.27874,-0.26034,-0.24052,-0.2207,-0.20157,-0.18312,-0.16468,-0.14842,-0.13434,-0.12027,-0.1081,-0.097833,-0.087566,-0.077308,-0.067061,-0.056814,-0.044911,-0.031356,-0.017801,-0.0027191,0.013893,0.030507,0.047038,0.063483,0.079929,0.094522,0.10726,0.12,0.12996,0.13714,0.14432,0.14924,0.15189,0.15455,0.15675,0.1585,0.16025,0.1633,0.16765,0.172,0.17819,0.18621,0.19423,0.20369,0.21461,0.22552,0.23759,0.25082,0.26404,0.27873,0.29489,0.31105,0.32921,0.34937,0.36953,0.39176,0.41606,0.44036,0.46603,0.49307,0.5201,0.54716,0.57428,0.60138,0.62697,0.65104,0.6751,0.69639,0.71489,0.73339,0.74837,0.75984,0.77131,0.779,0.78289,0.78679,0.78722,0.78419,0.78116,0.77521,0.76636,0.75751,0.7457,0.73092,0.71615,0.69817,0.67697,0.65576,0.63159,0.60445,0.5773,0.54748,0.51498,0.48248,0.4478,0.41092,0.37405,0.33597,0.29666,0.25734,0.21779,0.178,0.1382,0.099076,0.06062,0.022167,-0.01486,-0.050454,-0.086044,-0.12,-0.15233,-0.18466,-0.21511,-0.24368,-0.27224,-0.29765,-0.31991,-0.34218,-0.35933,-0.37135,-0.38338,-0.38898,-0.38816,-0.38734,-0.38046,-0.36754,-0.3546,-0.33792,-0.31747,-0.29702,-0.27871,-0.26254,-0.24636,-0.2317,-0.21855,-0.20539,-0.19705,-0.19353,-0.19,-0.18964,-0.19245,-0.19526,-0.19597,-0.19459,-0.19321,-0.18655,-0.17459,-0.16263,-0.14909,-0.13395,-0.11882,-0.10483,-0.091981,-0.07913,-0.070705,-0.066708,-0.062712,-0.062317,-0.065526,-0.068735,-0.073816,-0.080767,-0.087717,-0.094711,-0.10175,-0.10879,-0.11143,-0.10967,-0.1079,-0.099886,-0.085617,-0.071346,0,0,0,0,0,0,0,0,0,0,0,0,0,0,0,0,0,0,0,0,0,0,0,0,0,0,0,0,0,0,0,0,0,0,0,0,0,0,0,0,0,0,0,0,0,0,0,0,0,0,0,0,0,0,0,0,0,0,0,0,0,0,0,0,0,0,0,0,0,0,0,0,0,0,0,0,0,0,0,0,0,0,0,0,0,0,0,0,0,0,0,0,0,0,0,0,0,0,0,0,0,0,0,0,0,0,0,0,0,0,0.16412,0.21792,0.29256,0.3672,0.44705,0.53215,0.61728,0.69509,0.76558,0.83606,0.89558,0.94413,0.99267,1.0301,1.0564,1.0826,1.1036,1.1192,1.1349,1.1357,1.1217,1.1077,1.0916,1.0734,1.0552,1.0334,1.0081,0.98269,0.96123,0.94367,0.92613,0.91005,0.89545,0.88086,0.86844,0.85819,0.84794,0.83406,0.81655,0.79904,0.76974,0.72863,0.68753,0.64476,0.60033,0.5559,0.51222,0.4693,0.42638,0.38483,0.34466,0.30449,0.26578,0.22851,0.19126,0.15502,0.11979,0.084558,0.049598,0.014903,-0.019794,-0.054132,-0.088112,-0.1221,-0.15428,-0.18467,-0.21506,-0.24149,-0.26397,-0.28646,-0.30308,-0.31386,-0.32464,-0.32916,-0.32744,-0.32572,-0.31956,-0.30896,-0.29837,-0.28604,-0.27196,-0.25789,-0.24371,-0.22942,-0.21514,-0.201,-0.18701,-0.17301,-0.15883,-0.14445,-0.13007,-0.11526,-0.099985,-0.084718,-0.069779,-0.055166,-0.040552,-0.028276,-0.01834,-0.0084064,-0.0027632,-0.0014103,-5.8158e-05,-0.0039605,-0.01312,-0.022282,-0.03647,-0.055684,-0.074901,-0.097363,-0.12307,-0.14877,-0.17498,-0.2017,-0.22843,-0.25351,-0.27695,-0.3004,-0.32147,-0.34016,-0.35885,-0.37533,-0.3896,-0.40387,-0.41617,-0.42651,-0.43684,-0.44509,-0.45125,-0.45741,-0.46105,-0.46217,-0.46329,-0.46154,-0.45692,-0.45229,-0.44514,-0.43546,-0.42578,-0.41439,-0.40129,-0.3882,-0.37393,-0.35849,-0.34306,-0.32632,-0.3083,-0.29027,-0.27047,-0.24891,-0.22734,-0.20398,-0.17883,-0.15368,-0.12796,-0.10168,-0.075397,-0.050742,-0.02772,-0.0046965,0.014602,0.03017,0.045738,0.057261,0.064735,0.072208,0.077362,0.080195,0.083028,0.085172,0.086626,0.088081,0.088513,0.087921,0.087328,0.072532,0.043523,0.014511
0,0,0,0,0.12438,0.12443,0.12495,0.12596,0.12696,0.12879,0.13147,0.13414,0.13624,0.13778,0.13931,0.14028,0.14067,0.14106,0.14123,0.14118,0.14113,0.14079,0.14016,0.13952,0.13858,0.13732,0.13606,0.13415,0.13159,0.12903,0.12551,0.12102,0.11652,0.11085,0.10399,0.097135,0.089113,0.079926,0.070737,0.060572,0.04943,0.038287,0.026557,0.014242,0.0019276,-0.010538,-0.023155,-0.03577,-0.048477,-0.061273,-0.07407,-0.087366,-0.10116,-0.11495,-0.12955,-0.14497,-0.16038,-0.17628,-0.19267,-0.20905,-0.225,-0.24051,-0.25602,-0.26997,-0.28234,-0.29472,-0.30473,-0.31239,-0.32004,-0.32542,-0.32854,-0.33166,-0.33358,-0.33432,-0.33505,-0.33604,-0.33728,-0.33853,-0.34087,-0.3443,-0.34773,-0.35165,-0.35605,-0.36046,-0.36354,-0.36531,-0.36707,-0.36585,-0.36164,-0.35742,-0.34976,-0.33866,-0.32756,-0.31367,-0.297,-0.28033,-0.26228,-0.24282,-0.22338,-0.2044,-0.18589,-0.16738,-0.15078,-0.13609,-0.12141,-0.10848,-0.097324,-0.086164,-0.075086,-0.064089,-0.053093,-0.040575,-0.02653,-0.012485,0.0030423,0.020057,0.037073,0.054043,0.070966,0.087889,0.10306,0.11647,0.12988,0.14054,0.14844,0.15634,0.16176,0.16468,0.16761,0.16976,0.17114,0.17252,0.17512,0.17895,0.18277,0.1886,0.19644,0.20428,0.21374,0.22483,0.23592,0.24818,0.26163,0.27507,0.28982,0.30589,0.32197,0.33981,0.35941,0.37901,0.40048,0.42383,0.44717,0.4718,0.49772,0.52364,0.54966,0.57579,0.60192,0.62669,0.65009,0.6735,0.6943,0.7125,0.73069,0.74552,0.75699,0.76846,0.77625,0.78037,0.78449,0.78516,0.78238,0.77961,0.77388,0.76521,0.75653,0.74487,0.73021,0.71556,0.69768,0.67656,0.65543,0.63133,0.60425,0.57717,0.54742,0.51501,0.48259,0.4479,0.41095,0.374,0.33576,0.29622,0.25668,0.21697,0.17707,0.13716,0.098049,0.059721,0.021396,-0.015419,-0.050712,-0.086001,-0.1197,-0.15181,-0.18391,-0.21438,-0.24322,-0.27206,-0.29817,-0.32156,-0.34495,-0.36362,-0.37759,-0.39155,-0.39924,-0.40065,-0.40206,-0.39718,-0.386,-0.37482,-0.35933,-0.33953,-0.31973,-0.30107,-0.28355,-0.26602,-0.25045,-0.23683,-0.22321,-0.21357,-0.20792,-0.20227,-0.20122,-0.20479,-0.20835,-0.20987,-0.20933,-0.2088,-0.20299,-0.19191,-0.18083,-0.16733,-0.1514,-0.13547,-0.11998,-0.10494,-0.089895,-0.079183,-0.072801,-0.06642,-0.063782,-0.064887,-0.065994,-0.069422,-0.075171,-0.080918,-0.087278,-0.094249,-0.10122,-0.10502,-0.10564,-0.10626,-0.10003,-0.086953,-0.073872,-0.02828,-0.016968,0,0,0,0,0,0,0,0,0,0,0,0,0,0,0,0,0,0,0,0,0,0,0,0,0,0,0,0,0,0,0,0,0,0,0,0,0,0,0,0,0,0,0,0,0,0,0,0,0,0,0,0,0,0,0,0,0,0,0,0,0,0,0,0,0,0,0,0,0,0,0,0,0,0,0,0,0,0,0,0,0,0,0,0,0,0,0,0,0,0,0,0,0,0,0,0,0,0,0,0,0,0,0,0,0,0,0,0,0.16151,0.21422,0.28752,0.36082,0.44026,0.52585,0.61146,0.69055,0.76311,0.83566,0.89714,0.94756,0.99798,1.0383,1.0686,1.0989,1.1217,1.1371,1.1525,1.1529,1.1385,1.1241,1.1092,1.0937,1.0782,1.0573,1.0312,1.0051,0.98298,0.96488,0.94678,0.92907,0.91175,0.89443,0.88184,0.87398,0.86612,0.85295,0.83445,0.81595,0.78628,0.74543,0.70457,0.66069,0.61378,0.56686,0.52101,0.47623,0.43146,0.38854,0.34749,0.30644,0.26716,0.22967,0.19218,0.15566,0.1201,0.084552,0.048983,0.013407,-0.022168,-0.057517,-0.092639,-0.12776,-0.16105,-0.19252,-0.22399,-0.25134,-0.27457,-0.2978,-0.31477,-0.32548,-0.33619,-0.34036,-0.33798,-0.33561,-0.32893,-0.31796,-0.30698,-0.29462,-0.28087,-0.26713,-0.25361,-0.24034,-0.22706,-0.21401,-0.2012,-0.18839,-0.17503,-0.16113,-0.14723,-0.13234,-0.11647,-0.10059,-0.084753,-0.06894,-0.053124,-0.039679,-0.028612,-0.017546,-0.011015,-0.0090196,-0.0070256,-0.010602,-0.01975,-0.0289,-0.043214,-0.062696,-0.08218,-0.10475,-0.1304,-0.15606,-0.18192,-0.20798,-0.23404,-0.25823,-0.28054,-0.30285,-0.32275,-0.34022,-0.35768,-0.37313,-0.38655,-0.39998,-0.41173,-0.42182,-0.43191,-0.44012,-0.44644,-0.45277,-0.45657,-0.45786,-0.45915,-0.45746,-0.45279,-0.44812,-0.44083,-0.43091,-0.42099,-0.40928,-0.39575,-0.38223,-0.36743,-0.35134,-0.33525,-0.3178,-0.299,-0.2802,-0.25969,-0.23748,-0.21526,-0.19141,-0.16592,-0.14043,-0.11452,-0.088184,-0.061855,-0.037165,-0.014115,0.0089358,0.028356,0.044146,0.059937,0.071731,0.079528,0.087323,0.092681,0.095601,0.09852,0.10085,0.10259,0.10433,0.10544,0.10592,0.1064,0.088876,0.053329,0.017777
0,0,0,0,0.12239,0.12188,0.12221,0.12339,0.12457,0.12636,0.12876,0.13115,0.13334,0.13532,0.1373,0.13896,0.1403,0.14165,0.14279,0.14374,0.14469,0.14539,0.14585,0.1463,0.14628,0.14577,0.14526,0.14382,0.14145,0.13908,0.13549,0.13068,0.12587,0.11988,0.11271,0.10554,0.097469,0.088498,0.079525,0.069916,0.059669,0.049419,0.038695,0.027493,0.016291,0.0046293,-0.0074897,-0.019609,-0.032418,-0.045911,-0.059403,-0.07389,-0.08937,-0.10485,-0.12117,-0.13831,-0.15547,-0.17263,-0.1898,-0.20697,-0.22312,-0.23824,-0.25337,-0.26673,-0.27832,-0.28992,-0.29949,-0.30705,-0.31459,-0.32048,-0.32469,-0.32891,-0.33234,-0.33499,-0.33764,-0.34042,-0.34333,-0.34623,-0.34956,-0.35333,-0.3571,-0.36064,-0.36394,-0.36725,-0.36899,-0.36915,-0.36932,-0.36683,-0.36168,-0.35653,-0.34852,-0.33765,-0.32678,-0.31351,-0.29784,-0.28218,-0.26505,-0.24646,-0.22787,-0.20932,-0.1908,-0.17227,-0.15515,-0.13944,-0.12372,-0.10952,-0.096865,-0.084207,-0.071828,-0.059729,-0.04763,-0.034376,-0.019963,-0.0055485,0.010153,0.027146,0.044138,0.061125,0.078106,0.095085,0.11052,0.12441,0.1383,0.14963,0.1584,0.16716,0.17334,0.17692,0.18051,0.18299,0.18437,0.18574,0.18815,0.19158,0.19501,0.20052,0.20812,0.21572,0.22509,0.23623,0.24738,0.25972,0.27327,0.28681,0.30154,0.31746,0.33337,0.35084,0.36986,0.38888,0.40958,0.43196,0.45434,0.47791,0.50268,0.52744,0.55233,0.57733,0.60233,0.6261,0.64863,0.67117,0.69128,0.70896,0.72665,0.74116,0.75249,0.76382,0.77164,0.77595,0.78027,0.78121,0.77878,0.77635,0.7709,0.76242,0.75394,0.74238,0.72772,0.71307,0.69509,0.67378,0.65247,0.62812,0.60074,0.57336,0.54337,0.51077,0.47816,0.44335,0.40633,0.3693,0.33105,0.29156,0.25205,0.21254,0.173,0.13345,0.094816,0.057086,0.01936,-0.016876,-0.051631,-0.086389,-0.11964,-0.15138,-0.18313,-0.21342,-0.24226,-0.27111,-0.29761,-0.32178,-0.34595,-0.3659,-0.38161,-0.39733,-0.40705,-0.41076,-0.41446,-0.4117,-0.40246,-0.39322,-0.37914,-0.3602,-0.34127,-0.32207,-0.3026,-0.28313,-0.26668,-0.25327,-0.23986,-0.22934,-0.22171,-0.21408,-0.21246,-0.21685,-0.22124,-0.22302,-0.22218,-0.22135,-0.21632,-0.20711,-0.1979,-0.18495,-0.16826,-0.15157,-0.1349,-0.11825,-0.10159,-0.088945,-0.080321,-0.071698,-0.066721,-0.06539,-0.06406,-0.065524,-0.069785,-0.074046,-0.079809,-0.087075,-0.094343,-0.099233,-0.10174,-0.10425,-0.099323,-0.08696,-0.074594,-0.057012,-0.03421,0,0,0,0,0,0,0,0,0,0,0,0,0,0,0,0,0,0,0,0,0,0,0,0,0,0,0,0,0,0,0,0,0,0,0,0,0,0,0,0,0,0,0,0,0,0,0,0,0,0,0,0,0,0,0,0,0,0,0,0,0,0,0,0,0,0,0,0,0,0,0,0,0,0,0,0,0,0,0,0,0,0,0,0,0,0,0,0,0,0,0,0,0,0,0,0,0,0,0,0,0,0,0,0,0,0,0,0.063068,0.16252,0.21617,0.28817,0.36017,0.43881,0.52409,0.60937,0.68914,0.76339,0.83763,0.90085,0.95307,1.0053,1.047,1.0782,1.1094,1.1329,1.1488,1.1646,1.1655,1.1516,1.1376,1.1231,1.1081,1.0931,1.0724,1.0459,1.0195,0.99693,0.97834,0.95975,0.94161,0.92395,0.90629,0.89331,0.88504,0.87676,0.86302,0.84382,0.82461,0.79613,0.75839,0.72064,0.67722,0.62811,0.57899,0.53108,0.48437,0.43766,0.39334,0.35142,0.3095,0.26971,0.23207,0.19444,0.15756,0.12145,0.085343,0.048896,0.012117,-0.024668,-0.061189,-0.097436,-0.13368,-0.16796,-0.20025,-0.23255,-0.26056,-0.28427,-0.30798,-0.32506,-0.33552,-0.34599,-0.34973,-0.34675,-0.34377,-0.33668,-0.32548,-0.31429,-0.30203,-0.28872,-0.27541,-0.26263,-0.25036,-0.23809,-0.22608,-0.21434,-0.20259,-0.18991,-0.17629,-0.16267,-0.14758,-0.13103,-0.11449,-0.097799,-0.080975,-0.064152,-0.049825,-0.037997,-0.026171,-0.019137,-0.016895,-0.014656,-0.018236,-0.027638,-0.037041,-0.051595,-0.071301,-0.09101,-0.1135,-0.13876,-0.16403,-0.18913,-0.21407,-0.23901,-0.26189,-0.2827,-0.3035,-0.32197,-0.3381,-0.35423,-0.36868,-0.38144,-0.39421,-0.40569,-0.41589,-0.42608,-0.43456,-0.44131,-0.44806,-0.45222,-0.45378,-0.45534,-0.45379,-0.44914,-0.44448,-0.43708,-0.42693,-0.41678,-0.40466,-0.39057,-0.37648,-0.36093,-0.34392,-0.32691,-0.3085,-0.28868,-0.26887,-0.24749,-0.22455,-0.2016,-0.17732,-0.15171,-0.12611,-0.10031,-0.074335,-0.048361,-0.024033,-0.0013542,0.021325,0.040628,0.056555,0.072483,0.084536,0.092712,0.10089,0.10641,0.10928,0.11215,0.11437,0.11595,0.11753,0.11955,0.12203,0.1245,0.10479,0.06288,0.020966
0,0,0,0,0.1204,0.11933,0.11947,0.12082,0.12218,0.12392,0.12604,0.12817,0.13045,0.13287,0.13529,0.13765,0.13994,0.14223,0.14435,0.1463,0.14824,0.14999,0.15154,0.15309,0.15398,0.15422,0.15447,0.15349,0.15131,0.14912,0.14547,0.14034,0.13521,0.12891,0.12142,0.11394,0.10582,0.097071,0.088314,0.079261,0.069907,0.060553,0.050832,0.040742,0.030653,0.019798,0.0081749,-0.0034489,-0.016355,-0.030546,-0.044736,-0.060414,-0.077582,-0.094749,-0.11278,-0.13166,-0.15055,-0.16897,-0.18693,-0.20489,-0.22124,-0.23598,-0.25072,-0.26349,-0.27431,-0.28512,-0.29425,-0.3017,-0.30915,-0.31553,-0.32085,-0.32616,-0.3311,-0.33567,-0.34024,-0.34481,-0.34937,-0.35393,-0.35826,-0.36236,-0.36647,-0.36962,-0.37183,-0.37405,-0.37443,-0.373,-0.37156,-0.3678,-0.36172,-0.35563,-0.34727,-0.33664,-0.32601,-0.31336,-0.29869,-0.28402,-0.26782,-0.25009,-0.23237,-0.21424,-0.19571,-0.17717,-0.15953,-0.14278,-0.12603,-0.11057,-0.096407,-0.082249,-0.068571,-0.055369,-0.042168,-0.028177,-0.013395,0.0013883,0.017264,0.034234,0.0512,0.068204,0.085243,0.10228,0.11798,0.13235,0.14671,0.15871,0.16835,0.17798,0.18492,0.18917,0.19342,0.19623,0.19759,0.19896,0.20117,0.20421,0.20725,0.21244,0.2198,0.22716,0.23644,0.24764,0.25884,0.27126,0.28491,0.29856,0.31326,0.32902,0.34477,0.36187,0.38031,0.39874,0.41867,0.44009,0.46151,0.48402,0.50763,0.53124,0.55498,0.57886,0.60274,0.6255,0.64717,0.66883,0.68825,0.70543,0.72261,0.7368,0.74798,0.75917,0.76702,0.77153,0.77605,0.77726,0.77518,0.77309,0.76791,0.75963,0.75136,0.73989,0.72523,0.71056,0.69249,0.671,0.64951,0.62492,0.59724,0.56956,0.53932,0.50652,0.47372,0.43878,0.4017,0.36461,0.32634,0.28689,0.24742,0.20811,0.16893,0.12974,0.091583,0.054452,0.017329,-0.018335,-0.052553,-0.086775,-0.11957,-0.15095,-0.18234,-0.21246,-0.2413,-0.27015,-0.29705,-0.32199,-0.34695,-0.36816,-0.38564,-0.40311,-0.41485,-0.42086,-0.42686,-0.42622,-0.41892,-0.41163,-0.39895,-0.38088,-0.3628,-0.34306,-0.32164,-0.30023,-0.28292,-0.26971,-0.2565,-0.2451,-0.2355,-0.2259,-0.22371,-0.22892,-0.23414,-0.23617,-0.23504,-0.2339,-0.22965,-0.22231,-0.21496,-0.20257,-0.18512,-0.16768,-0.14983,-0.13155,-0.11328,-0.098708,-0.08784,-0.076975,-0.069659,-0.065893,-0.062127,-0.061629,-0.0644,-0.067173,-0.072339,-0.0799,-0.087465,-0.093444,-0.09784,-0.10224,-0.09861,-0.086963,-0.075314,-0.057912,-0.034754,0,0,0,0,0,0,0,0,0,0,0,0,0,0,0,0,0,0,0,0,0,0,0,0,0,0,0,0,0,0,0,0,0,0,0,0,0,0,0,0,0,0,0,0,0,0,0,0,0,0,0,0,0,0,0,0,0,0,0,0,0,0,0,0,0,0,0,0,0,0,0,0,0,0,0,0,0,0,0,0,0,0,0,0,0,0,0,0,0,0,0,0,0,0,0,0,0,0,0,0,0,0,0,0,0,0,0,0.063068,0.081514,0.21813,0.28884,0.35954,0.43736,0.52233,0.60728,0.68773,0.76367,0.83959,0.90457,0.95859,1.0126,1.0557,1.0878,1.12,1.1442,1.1605,1.1767,1.1781,1.1646,1.1511,1.1371,1.1226,1.1081,1.0875,1.0607,1.0338,1.0109,0.9918,0.97272,0.95416,0.93615,0.91814,0.90479,0.8961,0.88741,0.87311,0.85319,0.83326,0.80599,0.77135,0.73671,0.69374,0.64244,0.59114,0.54116,0.49251,0.44386,0.39814,0.35535,0.31256,0.27227,0.23448,0.19669,0.15947,0.12281,0.086138,0.04881,0.010826,-0.027166,-0.064852,-0.10223,-0.13961,-0.17486,-0.20799,-0.24112,-0.26978,-0.29397,-0.31815,-0.33535,-0.34557,-0.35578,-0.3591,-0.35551,-0.35193,-0.34443,-0.33301,-0.32159,-0.30944,-0.29657,-0.2837,-0.27164,-0.26038,-0.24912,-0.23816,-0.22748,-0.2168,-0.20478,-0.19145,-0.1781,-0.16282,-0.1456,-0.12837,-0.11085,-0.093012,-0.075181,-0.059971,-0.047381,-0.034795,-0.027258,-0.024771,-0.022287,-0.025871,-0.035526,-0.045183,-0.059976,-0.079908,-0.09984,-0.12224,-0.14712,-0.17199,-0.19634,-0.22017,-0.24399,-0.26555,-0.28485,-0.30415,-0.32119,-0.33598,-0.35078,-0.36423,-0.37633,-0.38845,-0.39965,-0.40995,-0.42025,-0.42899,-0.43617,-0.44335,-0.44786,-0.4497,-0.45153,-0.45013,-0.44549,-0.44084,-0.43333,-0.42295,-0.41256,-0.40004,-0.38538,-0.37072,-0.35442,-0.3365,-0.31857,-0.2992,-0.27837,-0.25754,-0.23528,-0.21161,-0.18794,-0.16323,-0.13751,-0.11179,-0.086114,-0.06049,-0.03487,-0.010904,0.011403,0.033711,0.0529,0.068963,0.085027,0.097338,0.10589,0.11445,0.12014,0.12295,0.12577,0.12789,0.12931,0.13073,0.13367,0.13813,0.14259,0.1207,0.072429,0.024154
0,0,0,0,0.11811,0.11679,0.11679,0.1181,0.11942,0.12114,0.12326,0.12539,0.12797,0.131,0.13404,0.13717,0.14041,0.14365,0.14677,0.14977,0.15277,0.15551,0.158,0.16048,0.16209,0.16283,0.16356,0.16281,0.16058,0.15834,0.15449,0.14902,0.14354,0.13699,0.12937,0.12175,0.11378,0.10547,0.097156,0.088818,0.080454,0.07209,0.063379,0.054319,0.045258,0.035085,0.023801,0.012514,-0.00059807,-0.015537,-0.03048,-0.047292,-0.065977,-0.084659,-0.10415,-0.12444,-0.14473,-0.16412,-0.18262,-0.20112,-0.21758,-0.23198,-0.24639,-0.25879,-0.26917,-0.27956,-0.28865,-0.29647,-0.30428,-0.31156,-0.31829,-0.32501,-0.33159,-0.33803,-0.34447,-0.35059,-0.35641,-0.36223,-0.3671,-0.37104,-0.37498,-0.37733,-0.3781,-0.37886,-0.37772,-0.37466,-0.3716,-0.3667,-0.35997,-0.35323,-0.34489,-0.33493,-0.32497,-0.31334,-0.30004,-0.28674,-0.27172,-0.25498,-0.23824,-0.22052,-0.20181,-0.1831,-0.16468,-0.14655,-0.12843,-0.11136,-0.095342,-0.079327,-0.064074,-0.049581,-0.035089,-0.020359,-0.0053882,0.0095827,0.025326,0.041842,0.058356,0.07501,0.091802,0.1086,0.12438,0.13916,0.15393,0.16661,0.17719,0.18777,0.19567,0.20089,0.20611,0.20963,0.21145,0.21327,0.21563,0.21852,0.22141,0.22636,0.23336,0.24036,0.24936,0.26034,0.27132,0.28359,0.29714,0.31069,0.32523,0.34075,0.35628,0.37298,0.39086,0.40873,0.42792,0.44842,0.46893,0.49041,0.51286,0.53531,0.55788,0.58055,0.60323,0.62488,0.6455,0.66613,0.68468,0.70115,0.71763,0.73131,0.7422,0.75308,0.76085,0.76548,0.77012,0.77155,0.76979,0.76803,0.76308,0.75494,0.74679,0.7353,0.72046,0.70562,0.68725,0.66536,0.64347,0.61835,0.59001,0.56166,0.53076,0.49731,0.46386,0.42855,0.3914,0.35426,0.31623,0.27732,0.23842,0.19983,0.16156,0.12329,0.086172,0.05021,0.014255,-0.02031,-0.053491,-0.086676,-0.11868,-0.14949,-0.1803,-0.21009,-0.23886,-0.26764,-0.2948,-0.32036,-0.34593,-0.36819,-0.38715,-0.40611,-0.41961,-0.42765,-0.43569,-0.43698,-0.43153,-0.42608,-0.41488,-0.39792,-0.38095,-0.3615,-0.33956,-0.31762,-0.29963,-0.2856,-0.27157,-0.25925,-0.24865,-0.23806,-0.23515,-0.23994,-0.24472,-0.24668,-0.24581,-0.24494,-0.24151,-0.23551,-0.22951,-0.21774,-0.20021,-0.18267,-0.16422,-0.14486,-0.1255,-0.10921,-0.095995,-0.082776,-0.073108,-0.066988,-0.060869,-0.058293,-0.059262,-0.060232,-0.064305,-0.071485,-0.078666,-0.084997,-0.09048,-0.095966,-0.093801,-0.083987,-0.074171,-0.058567,-0.037175,0,0,0,0,0,0,0,0,0,0,0,0,0,0,0,0,0,0,0,0,0,0,0,0,0,0,0,0,0,0,0,0,0,0,0,0,0,0,0,0,0,0,0,0,0,0,0,0,0,0,0,0,0,0,0,0,0,0,0,0,0,0,0,0,0,0,0,0,0,0,0,0,0,0,0,0,0,0,0,0,0,0,0,0,0,0,0,0,0,0,0,0,0,0,0,0,0,0,0,0,0,0,0,0,0,0,0,0,0,0.22273,0.29201,0.3613,0.43836,0.52321,0.60806,0.68926,0.76681,0.84434,0.91094,0.96658,1.0222,1.0666,1.0995,1.1325,1.1557,1.169,1.1823,1.1845,1.1754,1.1664,1.1551,1.1413,1.1276,1.1072,1.0801,1.053,1.0297,1.01,0.99035,0.97124,0.95269,0.93414,0.91889,0.90695,0.89502,0.88011,0.86222,0.84434,0.81878,0.78552,0.75227,0.70907,0.65594,0.6028,0.551,0.50057,0.45013,0.40307,0.35939,0.31571,0.2747,0.23634,0.19799,0.16007,0.12257,0.085078,0.046819,0.0078015,-0.03122,-0.069903,-0.10825,-0.1466,-0.18264,-0.21637,-0.2501,-0.27908,-0.30331,-0.32753,-0.34452,-0.35428,-0.36403,-0.36684,-0.36271,-0.35858,-0.35075,-0.33924,-0.32771,-0.31578,-0.30343,-0.29109,-0.27975,-0.26941,-0.25908,-0.24896,-0.23907,-0.22918,-0.21761,-0.20436,-0.19112,-0.17557,-0.15772,-0.13987,-0.12163,-0.10301,-0.084387,-0.068597,-0.055638,-0.042682,-0.035071,-0.032807,-0.030544,-0.034473,-0.044597,-0.054721,-0.069769,-0.089741,-0.10971,-0.13173,-0.15578,-0.17983,-0.20301,-0.22532,-0.24762,-0.26759,-0.28524,-0.30288,-0.31853,-0.33217,-0.34582,-0.35855,-0.37035,-0.38215,-0.39338,-0.40404,-0.41469,-0.42388,-0.43159,-0.4393,-0.44424,-0.4464,-0.44856,-0.44734,-0.44273,-0.43812,-0.43046,-0.41975,-0.40905,-0.39597,-0.38053,-0.36509,-0.34783,-0.32876,-0.30969,-0.28915,-0.26716,-0.24517,-0.22198,-0.1976,-0.17321,-0.14818,-0.1225,-0.096824,-0.071489,-0.046497,-0.021509,0.0018339,0.023524,0.045215,0.064093,0.080157,0.096223,0.10878,0.11783,0.12688,0.13293,0.13599,0.13904,0.14136,0.14295,0.14453,0.14743,0.15163,0.15583,0.13162,0.078981,0.02634
0,0,0,0,0.11554,0.11427,0.11417,0.11523,0.1163,0.11802,0.12042,0.12281,0.12591,0.12972,0.13354,0.13753,0.14172,0.1459,0.15005,0.15416,0.15826,0.16195,0.16522,0.16849,0.17061,0.17158,0.17255,0.17178,0.16926,0.16674,0.16256,0.15671,0.15086,0.14414,0.13655,0.12897,0.12135,0.1137,0.10605,0.098588,0.091312,0.084035,0.076339,0.068221,0.060102,0.050491,0.039389,0.028285,0.014855,-0.00089258,-0.016642,-0.03453,-0.05456,-0.074588,-0.095278,-0.11664,-0.138,-0.15808,-0.17687,-0.19566,-0.21213,-0.22626,-0.24039,-0.25261,-0.26292,-0.27322,-0.2827,-0.29134,-0.29999,-0.30854,-0.31701,-0.32547,-0.33382,-0.34207,-0.35032,-0.35778,-0.36445,-0.37112,-0.37609,-0.37936,-0.38263,-0.38375,-0.38273,-0.38171,-0.37885,-0.37413,-0.36942,-0.36352,-0.35643,-0.34934,-0.34136,-0.33251,-0.32366,-0.31345,-0.30188,-0.29032,-0.27673,-0.26111,-0.24549,-0.22816,-0.20911,-0.19006,-0.17061,-0.15077,-0.13093,-0.1119,-0.093668,-0.075439,-0.058338,-0.042367,-0.026396,-0.010921,0.004057,0.019035,0.03434,0.049972,0.065604,0.081543,0.097789,0.11403,0.12972,0.14484,0.15996,0.17332,0.18492,0.19652,0.20557,0.21208,0.21858,0.2232,0.22594,0.22868,0.23154,0.23452,0.2375,0.24226,0.24878,0.25532,0.26383,0.27434,0.28484,0.29672,0.30997,0.32321,0.33745,0.35267,0.36789,0.38417,0.40151,0.41885,0.43733,0.45697,0.4766,0.49706,0.51836,0.53967,0.56101,0.58241,0.6038,0.62421,0.64363,0.66306,0.68056,0.69612,0.71169,0.7247,0.73513,0.74557,0.75312,0.7578,0.76247,0.76408,0.76263,0.76117,0.75641,0.74833,0.74025,0.72862,0.71342,0.69822,0.67937,0.65687,0.63436,0.60842,0.57905,0.54968,0.51771,0.48314,0.44857,0.41267,0.37546,0.33824,0.30071,0.26287,0.22502,0.18769,0.15089,0.11408,0.078577,0.044357,0.010138,-0.022795,-0.054445,-0.086099,-0.11694,-0.14697,-0.17701,-0.20633,-0.23494,-0.26356,-0.29086,-0.31688,-0.34289,-0.36599,-0.38616,-0.40633,-0.42133,-0.43114,-0.44095,-0.444,-0.44029,-0.43658,-0.42692,-0.41131,-0.39571,-0.37738,-0.35634,-0.3353,-0.31682,-0.30093,-0.28504,-0.27179,-0.26117,-0.25056,-0.2468,-0.2499,-0.25301,-0.25455,-0.25452,-0.25449,-0.25189,-0.24672,-0.24155,-0.23048,-0.2135,-0.19653,-0.17808,-0.15817,-0.13825,-0.12046,-0.10478,-0.089106,-0.077071,-0.068679,-0.060287,-0.055516,-0.054369,-0.053222,-0.055708,-0.061827,-0.067946,-0.073892,-0.079666,-0.085441,-0.084897,-0.078031,-0.071163,-0.058978,-0.041474,-0.014031,0,0,0,0,0,0,0,0,0,0,0,0,0,0,0,0,0,0,0,0,0,0,0,0,0,0,0,0,0,0,0,0,0,0,0,0,0,0,0,0,0,0,0,0,0,0,0,0,0,0,0,0,0,0,0,0,0,0,0,0,0,0,0,0,0,0,0,0,0,0,0,0,0,0,0,0,0,0,0,0,0,0,0,0,0,0,0,0,0,0,0,0,0,0,0,0,0,0,0,0,0,0,0,0,0,0,0,0,0.22999,0.29773,0.36546,0.4418,0.52676,0.61172,0.69374,0.7728,0.85186,0.91995,0.97708,1.0342,1.0796,1.1134,1.1471,1.1674,1.1744,1.1814,1.1846,1.1841,1.1836,1.177,1.1643,1.1515,1.1315,1.1043,1.077,1.0533,1.0329,1.0126,0.99285,0.97356,0.95428,0.93562,0.91761,0.89959,0.88403,0.87093,0.85782,0.83449,0.80091,0.76733,0.72323,0.66861,0.61398,0.56062,0.50854,0.45646,0.40812,0.36354,0.31897,0.277,0.23766,0.19832,0.15936,0.12076,0.082157,0.04292,0.0030495,-0.036829,-0.076344,-0.11551,-0.15467,-0.19131,-0.22541,-0.25951,-0.28847,-0.3123,-0.33612,-0.35257,-0.36165,-0.37073,-0.37296,-0.36834,-0.36372,-0.35566,-0.34416,-0.33265,-0.32104,-0.30931,-0.29758,-0.28696,-0.27746,-0.26795,-0.2585,-0.24912,-0.23973,-0.22837,-0.21504,-0.20172,-0.18584,-0.1674,-0.14896,-0.13014,-0.11095,-0.091767,-0.075703,-0.062768,-0.049837,-0.042579,-0.041003,-0.039429,-0.044044,-0.05485,-0.065657,-0.080973,-0.1008,-0.12063,-0.14195,-0.16475,-0.18756,-0.20915,-0.22954,-0.24992,-0.26803,-0.28388,-0.29972,-0.31398,-0.32668,-0.33937,-0.35164,-0.36349,-0.37534,-0.38689,-0.39815,-0.40941,-0.41922,-0.42756,-0.43591,-0.44135,-0.44388,-0.44642,-0.44541,-0.44086,-0.4363,-0.42846,-0.41735,-0.40623,-0.39246,-0.37603,-0.35959,-0.34115,-0.3207,-0.30025,-0.27837,-0.25507,-0.23177,-0.20757,-0.1825,-0.15742,-0.13215,-0.10668,-0.081211,-0.056437,-0.032354,-0.0082736,0.014181,0.035008,0.055835,0.074213,0.090141,0.10607,0.11887,0.12853,0.13818,0.14481,0.14839,0.15197,0.1548,0.15688,0.15895,0.16084,0.16253,0.16422,0.13756,0.082549,0.027527
0,0,0,0,0.11297,0.11176,0.11155,0.11236,0.11317,0.11491,0.11757,0.12023,0.12385,0.12844,0.13304,0.13789,0.14302,0.14815,0.15332,0.15854,0.16376,0.16839,0.17245,0.17651,0.17914,0.18034,0.18154,0.18074,0.17794,0.17514,0.17062,0.1644,0.15818,0.15129,0.14374,0.13618,0.12891,0.12193,0.11495,0.10836,0.10217,0.095981,0.089297,0.082121,0.074945,0.065897,0.054975,0.044054,0.030311,0.013749,-0.0028111,-0.021775,-0.043145,-0.064514,-0.08641,-0.10884,-0.13127,-0.15203,-0.17112,-0.1902,-0.20668,-0.22054,-0.2344,-0.24644,-0.25666,-0.26689,-0.27674,-0.28622,-0.2957,-0.30553,-0.31573,-0.32592,-0.33605,-0.34611,-0.35618,-0.36497,-0.3725,-0.38002,-0.38508,-0.38768,-0.39028,-0.39017,-0.38736,-0.38456,-0.37997,-0.37361,-0.36725,-0.36034,-0.35289,-0.34544,-0.33784,-0.33009,-0.32234,-0.31356,-0.30373,-0.2939,-0.28174,-0.26724,-0.25275,-0.2358,-0.21641,-0.19701,-0.17654,-0.15498,-0.13343,-0.11243,-0.091995,-0.071552,-0.052605,-0.035155,-0.017703,-0.0014844,0.013501,0.028488,0.043355,0.058103,0.072851,0.088075,0.10377,0.11947,0.13506,0.15052,0.16599,0.18003,0.19265,0.20528,0.21548,0.22327,0.23106,0.23678,0.24043,0.24408,0.24744,0.25052,0.25359,0.25816,0.26421,0.27027,0.27831,0.28833,0.29836,0.30984,0.32279,0.33574,0.34967,0.36459,0.3795,0.39536,0.41216,0.42896,0.44674,0.46551,0.48427,0.50372,0.52387,0.54401,0.56414,0.58426,0.60437,0.62354,0.64176,0.65999,0.67643,0.6911,0.70576,0.71809,0.72807,0.73805,0.7454,0.75012,0.75483,0.75661,0.75546,0.75431,0.74973,0.74172,0.73371,0.72193,0.70638,0.69083,0.67149,0.64837,0.62525,0.59849,0.56809,0.5377,0.50466,0.46897,0.43327,0.39679,0.35951,0.32223,0.2852,0.24841,0.21161,0.17555,0.14022,0.10488,0.070977,0.038502,0.0060247,-0.025277,-0.055402,-0.085529,-0.11521,-0.14446,-0.17372,-0.20257,-0.23102,-0.25947,-0.28693,-0.31339,-0.33985,-0.36378,-0.38516,-0.40655,-0.42304,-0.43463,-0.44622,-0.45102,-0.44905,-0.44707,-0.43896,-0.42471,-0.41046,-0.39326,-0.37311,-0.35297,-0.33401,-0.31627,-0.29852,-0.28433,-0.27369,-0.26306,-0.25845,-0.25987,-0.2613,-0.26242,-0.26323,-0.26404,-0.26227,-0.25793,-0.25359,-0.24322,-0.2268,-0.21039,-0.19195,-0.17148,-0.151,-0.1317,-0.11357,-0.095437,-0.081037,-0.070372,-0.059707,-0.052741,-0.049477,-0.046213,-0.047111,-0.052169,-0.057228,-0.062788,-0.068851,-0.074917,-0.075991,-0.072073,-0.068154,-0.059386,-0.04577,-0.032151,0,0,0,0,0,0,0,0,0,0,0,0,0,0,0,0,0,0,0,0,0,0,0,0,0,0,0,0,0,0,0,0,0,0,0,0,0,0,0,0,0,0,0,0,0,0,0,0,0,0,0,0,0,0,0,0,0,0,0,0,0,0,0,0,0,0,0,0,0,0,0,0,0,0,0,0,0,0,0,0,0,0,0,0,0,0,0,0,0,0,0,0,0,0,0,0,0,0,0,0,0,0,0,0,0,0,0,0,0.23725,0.30345,0.36963,0.44525,0.53032,0.61539,0.69821,0.77878,0.85936,0.92897,0.98758,1.0462,1.0927,1.1272,1.1616,1.1792,1.1798,1.1804,1.1847,1.1928,1.2008,1.199,1.1872,1.1754,1.1559,1.1284,1.101,1.0769,1.0559,1.0349,1.0145,0.99443,0.97441,0.95235,0.92826,0.90417,0.88796,0.87963,0.8713,0.85019,0.81629,0.78238,0.73738,0.68127,0.62516,0.57024,0.51651,0.46279,0.41319,0.3677,0.32222,0.27931,0.23898,0.19865,0.15865,0.11894,0.079239,0.039026,-0.0017025,-0.042436,-0.082785,-0.12276,-0.16274,-0.19997,-0.23445,-0.26893,-0.29787,-0.32129,-0.34471,-0.36062,-0.36902,-0.37742,-0.37907,-0.37397,-0.36886,-0.36057,-0.34908,-0.3376,-0.32629,-0.31518,-0.30407,-0.29417,-0.2855,-0.27682,-0.26805,-0.25916,-0.25028,-0.23914,-0.22573,-0.21232,-0.1961,-0.17708,-0.15805,-0.13866,-0.1189,-0.099144,-0.082809,-0.069899,-0.056991,-0.05009,-0.049201,-0.048315,-0.053614,-0.065103,-0.076593,-0.092179,-0.11186,-0.13154,-0.15217,-0.17372,-0.19528,-0.21529,-0.23376,-0.25222,-0.26847,-0.28251,-0.29655,-0.30944,-0.32118,-0.33292,-0.34473,-0.35662,-0.36852,-0.3804,-0.39227,-0.40413,-0.41456,-0.42353,-0.43251,-0.43846,-0.44137,-0.44428,-0.44349,-0.43899,-0.43448,-0.42647,-0.41494,-0.40342,-0.38895,-0.37152,-0.35409,-0.33446,-0.31264,-0.29081,-0.26759,-0.24298,-0.21836,-0.19317,-0.16741,-0.14164,-0.11612,-0.09086,-0.0656,-0.041384,-0.01821,0.0049633,0.02653,0.046491,0.066454,0.084334,0.10013,0.11592,0.12895,0.13922,0.14949,0.15668,0.16078,0.16489,0.16823,0.1708,0.17337,0.17425,0.17343,0.17261,0.14351,0.086123,0.028721
0,0,0,0,0.11073,0.10884,0.10825,0.10898,0.10971,0.11166,0.11483,0.11799,0.12227,0.12767,0.13306,0.13884,0.14499,0.15114,0.15729,0.16345,0.1696,0.17495,0.17951,0.18406,0.18695,0.18817,0.18939,0.18848,0.18546,0.18243,0.17778,0.1715,0.16522,0.15848,0.1513,0.14412,0.13743,0.13123,0.12502,0.11926,0.11393,0.1086,0.1026,0.095921,0.089245,0.080359,0.069265,0.058169,0.043944,0.026591,0.009239,-0.010595,-0.032911,-0.055228,-0.07791,-0.10095,-0.12399,-0.14513,-0.16436,-0.1836,-0.20017,-0.21406,-0.22794,-0.24021,-0.25086,-0.2615,-0.27213,-0.28272,-0.29331,-0.30449,-0.31624,-0.32799,-0.33953,-0.35086,-0.36219,-0.37177,-0.37959,-0.38742,-0.39222,-0.394,-0.39578,-0.39453,-0.39026,-0.38599,-0.38009,-0.37257,-0.36505,-0.35755,-0.35006,-0.34258,-0.33552,-0.32888,-0.32224,-0.31475,-0.3064,-0.29804,-0.28702,-0.27333,-0.25964,-0.24285,-0.22297,-0.20308,-0.18152,-0.1583,-0.13508,-0.11222,-0.089723,-0.067223,-0.046557,-0.027725,-0.008892,0.0080112,0.022985,0.037959,0.052324,0.066081,0.079837,0.094188,0.10914,0.12409,0.13942,0.15512,0.17083,0.18556,0.19932,0.21308,0.22463,0.23396,0.2433,0.25041,0.25529,0.26017,0.26431,0.26769,0.27107,0.27554,0.2811,0.28666,0.2941,0.30343,0.31277,0.32366,0.33613,0.3486,0.36212,0.37669,0.39126,0.4067,0.42301,0.43931,0.45643,0.47437,0.4923,0.51075,0.52973,0.5487,0.56757,0.58633,0.60508,0.62292,0.63983,0.65675,0.67203,0.68565,0.69929,0.71081,0.72024,0.72966,0.73671,0.74139,0.74607,0.74792,0.74696,0.74599,0.74146,0.73337,0.72528,0.71321,0.69714,0.68107,0.66104,0.63702,0.61301,0.58518,0.55353,0.52188,0.4877,0.45099,0.41429,0.37741,0.34035,0.30329,0.26705,0.23163,0.1962,0.16173,0.12822,0.094704,0.062746,0.032348,0.0019526,-0.02738,-0.055649,-0.083914,-0.11221,-0.14053,-0.16886,-0.19727,-0.22574,-0.25421,-0.28192,-0.30886,-0.33579,-0.36035,-0.38253,-0.40471,-0.42223,-0.43508,-0.44792,-0.45413,-0.45371,-0.45328,-0.44674,-0.43408,-0.42142,-0.40571,-0.38693,-0.36816,-0.3497,-0.33157,-0.31344,-0.29891,-0.288,-0.27709,-0.2714,-0.27095,-0.2705,-0.27073,-0.27166,-0.27259,-0.27097,-0.26679,-0.26262,-0.25267,-0.23693,-0.22119,-0.20307,-0.18257,-0.16207,-0.14209,-0.12265,-0.10321,-0.086933,-0.073834,-0.060734,-0.051369,-0.04574,-0.040112,-0.039024,-0.042476,-0.04593,-0.050698,-0.056782,-0.06287,-0.065351,-0.064226,-0.063099,-0.05718,-0.046466,-0.035751,-0.012661,-0.007597,0,0,0,0,0,0,0,0,0,0,0,0,0,0,0,0,0,0,0,0,0,0,0,0,0,0,0,0,0,0,0,0,0,0,0,0,0,0,0,0,0,0,0,0,0,0,0,0,0,0,0,0,0,0,0,0,0,0,0,0,0,0,0,0,0,0,0,0,0,0,0,0,0,0,0,0,0,0,0,0,0,0,0,0,0,0,0,0,0,0,0,0,0,0,0,0,0,0,0,0,0,0,0,0,0,0,0.23951,0.30477,0.37002,0.44529,0.53058,0.61589,0.69951,0.78145,0.8634,0.93429,0.99413,1.054,1.1014,1.1365,1.1715,1.1879,1.1856,1.1833,1.1886,1.2016,1.2146,1.2157,1.205,1.1943,1.1768,1.1523,1.1279,1.1031,1.078,1.0529,1.0299,1.0089,0.98791,0.96373,0.93633,0.90894,0.89109,0.88278,0.87447,0.8536,0.82015,0.7867,0.74294,0.68887,0.6348,0.58032,0.52544,0.47056,0.41967,0.37279,0.3259,0.28153,0.23968,0.19784,0.15644,0.11549,0.074531,0.033302,-0.0082035,-0.049711,-0.090715,-0.13123,-0.17174,-0.20925,-0.24375,-0.27826,-0.3069,-0.32966,-0.35241,-0.3676,-0.37523,-0.38284,-0.38388,-0.37833,-0.37278,-0.36428,-0.35285,-0.34141,-0.33043,-0.31991,-0.30939,-0.30015,-0.2922,-0.28424,-0.27596,-0.26736,-0.25876,-0.24762,-0.23394,-0.22026,-0.20366,-0.18415,-0.16464,-0.14489,-0.1249,-0.10492,-0.088668,-0.076147,-0.063629,-0.057357,-0.057334,-0.057316,-0.063364,-0.075485,-0.087609,-0.10333,-0.12265,-0.14198,-0.16166,-0.18169,-0.20173,-0.21996,-0.23638,-0.25281,-0.26724,-0.27969,-0.29214,-0.30391,-0.31501,-0.32611,-0.33773,-0.34986,-0.362,-0.37434,-0.38688,-0.39943,-0.41051,-0.42012,-0.42974,-0.43618,-0.43946,-0.44273,-0.44211,-0.4376,-0.43309,-0.42482,-0.41278,-0.40074,-0.38548,-0.367,-0.34852,-0.32768,-0.30449,-0.2813,-0.25678,-0.23092,-0.20508,-0.17897,-0.1526,-0.12622,-0.10053,-0.075502,-0.05048,-0.026795,-0.0044476,0.017899,0.03865,0.057805,0.076963,0.094322,0.10988,0.12544,0.13861,0.14938,0.16015,0.16801,0.17295,0.17789,0.18174,0.18452,0.1873,0.18761,0.18546,0.1833,0.15186,0.091137,0.030398
0,0,0,0,0.10883,0.10551,0.10427,0.10509,0.10591,0.10828,0.11219,0.1161,0.12117,0.1274,0.13362,0.14036,0.14762,0.15487,0.16196,0.16887,0.17578,0.18162,0.18639,0.19116,0.19406,0.19507,0.19609,0.195,0.19181,0.18862,0.18401,0.17799,0.17197,0.16572,0.15925,0.15278,0.1469,0.14159,0.13628,0.13128,0.12659,0.12189,0.11624,0.10962,0.103,0.093878,0.082254,0.070628,0.055753,0.03763,0.019509,-0.00098865,-0.023862,-0.046736,-0.069775,-0.092964,-0.11615,-0.13737,-0.15661,-0.17586,-0.19259,-0.20681,-0.22103,-0.23392,-0.2455,-0.25707,-0.26886,-0.28085,-0.29285,-0.30541,-0.31854,-0.33167,-0.34426,-0.35631,-0.36836,-0.37817,-0.38574,-0.39332,-0.39751,-0.39832,-0.39912,-0.39683,-0.39142,-0.38601,-0.37921,-0.37102,-0.36284,-0.35514,-0.34794,-0.34075,-0.33439,-0.32888,-0.32336,-0.31703,-0.30989,-0.30275,-0.29258,-0.27938,-0.26618,-0.24931,-0.22878,-0.20825,-0.18556,-0.16072,-0.13588,-0.11126,-0.086856,-0.062454,-0.040193,-0.020076,3.9985e-05,0.017569,0.032509,0.047451,0.06125,0.073907,0.08656,0.099886,0.11388,0.12788,0.1428,0.15864,0.17448,0.18991,0.20492,0.21993,0.23301,0.24416,0.2553,0.26409,0.27052,0.27696,0.28213,0.28603,0.28994,0.29441,0.29944,0.30447,0.31121,0.31964,0.32807,0.33819,0.34999,0.3618,0.37479,0.38898,0.40316,0.41819,0.43405,0.44991,0.46641,0.48355,0.50069,0.51815,0.53594,0.55373,0.57129,0.58861,0.60594,0.62236,0.63785,0.65335,0.66733,0.6798,0.69227,0.70288,0.71164,0.7204,0.72706,0.73163,0.73619,0.73802,0.73711,0.7362,0.73159,0.72328,0.71496,0.70244,0.6857,0.66896,0.64801,0.62283,0.59765,0.56849,0.53536,0.50222,0.46685,0.42922,0.3916,0.35452,0.31797,0.28142,0.24627,0.21252,0.17877,0.14623,0.11489,0.083551,0.053888,0.025903,-0.002081,-0.029109,-0.055179,-0.081246,-0.10791,-0.13518,-0.16245,-0.19043,-0.2191,-0.24778,-0.27584,-0.30327,-0.3307,-0.3557,-0.37826,-0.40082,-0.4189,-0.43248,-0.44607,-0.45333,-0.45427,-0.45521,-0.45026,-0.43942,-0.42858,-0.41471,-0.39779,-0.38087,-0.36388,-0.34684,-0.32979,-0.31554,-0.30409,-0.29265,-0.28566,-0.28314,-0.28061,-0.2795,-0.27982,-0.28015,-0.27798,-0.27332,-0.26866,-0.25885,-0.24389,-0.22893,-0.21145,-0.19145,-0.17144,-0.15163,-0.13202,-0.11241,-0.09476,-0.079066,-0.063369,-0.0514,-0.043159,-0.034918,-0.031447,-0.032748,-0.03405,-0.037621,-0.04346,-0.049299,-0.052976,-0.054487,-0.055999,-0.05236,-0.043567,-0.034772,-0.025314,-0.01519,0,0,0,0,0,0,0,0,0,0,0,0,0,-0.003481,-0.0033838,-0.0032863,-0.0034597,-0.0039042,-0.004349,-0.0048306,-0.0053491,-0.0058679,0,0,0,0,0,0,0,0,0,0,0,0,0,0,0,0,0,0,0,0,0,0,0,0,0,0,0,0,0,0,0,0,0,0,0,0,0,0,0,0,0,0,0,0,0,0,0,0,0,0,0,0,0,0,0,0,0,0,0,0,0,0,0,0,0,0,0,0,0,0,0,0,0,0,0,0,0,0,0,0,0,0,0,0,0.23677,0.3017,0.36663,0.44192,0.52757,0.61325,0.69767,0.78081,0.86397,0.93596,0.99676,1.0576,1.1057,1.1412,1.1767,1.1936,1.1918,1.19,1.1963,1.2106,1.225,1.2273,1.2178,1.2082,1.1943,1.1759,1.1576,1.1321,1.0993,1.0665,1.0391,1.0169,0.99479,0.96976,0.94182,0.91389,0.89341,0.88038,0.86734,0.84471,0.81249,0.78027,0.73991,0.69141,0.64291,0.59088,0.53532,0.47976,0.42758,0.3788,0.33001,0.28365,0.23975,0.19586,0.15273,0.11038,0.068022,0.025742,-0.016456,-0.058657,-0.10014,-0.1409,-0.18167,-0.21914,-0.25333,-0.28752,-0.31555,-0.33739,-0.35923,-0.37352,-0.38026,-0.387,-0.38739,-0.38143,-0.37547,-0.36681,-0.35546,-0.3441,-0.33345,-0.3235,-0.31355,-0.3049,-0.29755,-0.2902,-0.28225,-0.27371,-0.26516,-0.25382,-0.23968,-0.22555,-0.20852,-0.18862,-0.16871,-0.14883,-0.12896,-0.1091,-0.093281,-0.081514,-0.069751,-0.064379,-0.065404,-0.066432,-0.073296,-0.086,-0.098706,-0.11443,-0.13318,-0.15193,-0.17042,-0.18865,-0.20689,-0.22314,-0.23742,-0.25169,-0.26436,-0.27542,-0.28648,-0.2974,-0.30818,-0.31895,-0.33063,-0.34321,-0.35579,-0.36872,-0.38201,-0.39531,-0.40708,-0.41733,-0.42758,-0.43452,-0.43815,-0.44177,-0.44129,-0.43671,-0.43213,-0.42351,-0.41086,-0.3982,-0.38208,-0.36248,-0.34288,-0.32081,-0.29625,-0.2717,-0.24592,-0.21891,-0.1919,-0.16496,-0.13807,-0.11118,-0.085358,-0.060601,-0.035846,-0.012665,0.0089379,0.030538,0.050542,0.068949,0.087359,0.10418,0.11941,0.13464,0.14784,0.15901,0.17018,0.1788,0.18488,0.19095,0.19534,0.19804,0.20073,0.20092,0.19861,0.19629,0.16262,0.097586,0.032545
0,0,0,0,0.10692,0.10219,0.10028,0.10119,0.10211,0.1049,0.10955,0.11421,0.12007,0.12713,0.13418,0.14189,0.15025,0.15861,0.16662,0.17429,0.18196,0.18829,0.19328,0.19826,0.20116,0.20198,0.20279,0.20152,0.19816,0.19481,0.19025,0.18448,0.17872,0.17296,0.1672,0.16145,0.15636,0.15195,0.14754,0.1433,0.13924,0.13518,0.12988,0.12332,0.11676,0.1074,0.095241,0.083084,0.06756,0.048669,0.029781,0.0086188,-0.014816,-0.03825,-0.06164,-0.084975,-0.10832,-0.12962,-0.14887,-0.16811,-0.18501,-0.19956,-0.21411,-0.22764,-0.24014,-0.25264,-0.26559,-0.27898,-0.29238,-0.30633,-0.32084,-0.33535,-0.34899,-0.36176,-0.37453,-0.38458,-0.39189,-0.39921,-0.40279,-0.40263,-0.40247,-0.39912,-0.39257,-0.38603,-0.37833,-0.36947,-0.36062,-0.35273,-0.34583,-0.33892,-0.33327,-0.32887,-0.32447,-0.31931,-0.31338,-0.30745,-0.29813,-0.28543,-0.27272,-0.25577,-0.2346,-0.21342,-0.1896,-0.16314,-0.13667,-0.11029,-0.083987,-0.057685,-0.033829,-0.012428,0.0089709,0.027127,0.042035,0.056943,0.070177,0.081733,0.093286,0.10558,0.11863,0.13167,0.14618,0.16216,0.17814,0.19426,0.21052,0.22678,0.24139,0.25435,0.26731,0.27778,0.28576,0.29374,0.29995,0.30438,0.3088,0.31327,0.31778,0.32229,0.32831,0.33584,0.34338,0.35271,0.36386,0.375,0.38747,0.40126,0.41506,0.42967,0.44509,0.46051,0.47639,0.49273,0.50908,0.52555,0.54216,0.55876,0.57501,0.59091,0.6068,0.62179,0.63587,0.64994,0.66264,0.67394,0.68525,0.69495,0.70304,0.71114,0.71741,0.72186,0.72631,0.72811,0.72726,0.72642,0.72172,0.71318,0.70464,0.69167,0.67426,0.65685,0.63497,0.60863,0.58229,0.55181,0.51719,0.48257,0.44599,0.40746,0.36892,0.33164,0.29559,0.25954,0.22549,0.19341,0.16134,0.13072,0.10156,0.072393,0.045026,0.019457,-0.0061116,-0.030834,-0.054711,-0.078588,-0.10363,-0.12984,-0.15605,-0.18359,-0.21247,-0.24135,-0.26976,-0.29769,-0.32562,-0.35105,-0.37399,-0.39693,-0.41556,-0.42989,-0.44422,-0.45254,-0.45483,-0.45713,-0.45377,-0.44475,-0.43574,-0.4237,-0.40864,-0.39358,-0.37807,-0.36211,-0.34615,-0.33217,-0.3202,-0.30822,-0.29993,-0.29532,-0.29072,-0.28827,-0.28799,-0.2877,-0.28499,-0.27984,-0.27469,-0.26503,-0.25085,-0.23667,-0.21983,-0.20032,-0.1808,-0.16116,-0.14139,-0.12162,-0.10259,-0.084299,-0.066007,-0.051433,-0.040579,-0.029725,-0.023873,-0.023022,-0.022173,-0.024544,-0.030136,-0.035729,-0.040599,-0.044749,-0.048898,-0.047538,-0.040667,-0.017141,-0.012653,-0.0075932,0,0,0,0,0,0,0,0,0,0,0,0,0,-0.0087019,-0.0084585,-0.0082149,-0.0086488,-0.0097604,-0.010872,-0.012076,-0.013372,-0.014669,0,0,0,0,0,0,0,0,0,0,0,0,0,0,0,0,0,0,0,0,0,0,0,0,0,0,0,0,0,0,0,0,0,0,0,0,0,0,0,0,0,0,0,0,0,0,0,0,0,0,0,0,0,0,0,0,0,0,0,0,0,0,0,0,0,0,0,0,0,0,0,0,0,0,0,0,0,0,0,0,0,0,0,0,0.23403,0.29864,0.36324,0.43855,0.52458,0.61062,0.69581,0.78018,0.86455,0.93762,0.99939,1.0612,1.11,1.146,1.1819,1.1993,1.198,1.1968,1.204,1.2196,1.2353,1.2389,1.2305,1.2221,1.2117,1.1995,1.1873,1.161,1.1206,1.0802,1.0483,1.025,1.0017,0.97578,0.94732,0.91885,0.89574,0.87798,0.86022,0.83584,0.80484,0.77384,0.73687,0.69395,0.65102,0.60144,0.54519,0.48895,0.43548,0.3848,0.33411,0.28578,0.23982,0.19387,0.14902,0.10526,0.06151,0.018183,-0.024707,-0.067606,-0.10957,-0.15058,-0.1916,-0.22905,-0.26292,-0.29679,-0.3242,-0.34512,-0.36605,-0.37944,-0.3853,-0.39115,-0.3909,-0.38453,-0.37816,-0.36934,-0.35807,-0.34679,-0.33646,-0.32709,-0.31771,-0.30965,-0.30291,-0.29617,-0.28855,-0.28005,-0.27156,-0.26002,-0.24542,-0.23083,-0.21339,-0.19309,-0.17278,-0.15276,-0.13302,-0.11327,-0.097892,-0.086882,-0.075874,-0.071403,-0.073475,-0.075548,-0.083227,-0.096514,-0.1098,-0.12553,-0.1437,-0.16188,-0.17918,-0.19562,-0.21205,-0.22633,-0.23846,-0.25058,-0.26148,-0.27115,-0.28082,-0.29089,-0.30134,-0.3118,-0.32354,-0.33655,-0.34957,-0.3631,-0.37714,-0.39119,-0.40365,-0.41454,-0.42544,-0.43287,-0.43684,-0.44081,-0.44047,-0.43582,-0.43116,-0.4222,-0.40893,-0.39565,-0.37866,-0.35796,-0.33725,-0.31393,-0.28802,-0.26211,-0.23507,-0.2069,-0.17873,-0.15095,-0.12355,-0.096143,-0.070193,-0.0457,-0.02121,0.0014652,0.022323,0.043178,0.062435,0.080094,0.097753,0.11404,0.12894,0.14384,0.15708,0.16864,0.18021,0.1896,0.19681,0.20402,0.20893,0.21155,0.21417,0.21424,0.21176,0.20928,0.17338,0.10404,0.034691
0,0,0,0,0.10241,0.097706,0.095945,0.09713,0.098316,0.10156,0.10686,0.11217,0.11884,0.12688,0.13492,0.14363,0.15302,0.1624,0.17123,0.17949,0.18775,0.1944,0.19944,0.20448,0.20733,0.20798,0.20863,0.20734,0.20411,0.20088,0.19668,0.19152,0.18636,0.18135,0.17648,0.17162,0.16735,0.16368,0.16001,0.15625,0.15239,0.14853,0.14309,0.13608,0.12907,0.11909,0.10613,0.093171,0.076933,0.057416,0.0379,0.016346,-0.0072456,-0.030835,-0.054241,-0.077454,-0.10067,-0.12197,-0.14135,-0.16073,-0.17807,-0.19338,-0.20868,-0.22321,-0.23697,-0.25073,-0.26493,-0.27957,-0.29421,-0.30914,-0.32434,-0.33955,-0.3535,-0.36619,-0.37888,-0.38857,-0.39527,-0.40196,-0.40489,-0.40405,-0.40321,-0.39935,-0.39246,-0.38556,-0.37774,-0.369,-0.36026,-0.35268,-0.34627,-0.33986,-0.33476,-0.33098,-0.32719,-0.32253,-0.31698,-0.31143,-0.30227,-0.28949,-0.27672,-0.25946,-0.23772,-0.21598,-0.19135,-0.16385,-0.13635,-0.10881,-0.081231,-0.053663,-0.028687,-0.006306,0.016072,0.034788,0.049839,0.06489,0.077847,0.088712,0.099574,0.11117,0.12349,0.13582,0.15003,0.16613,0.18223,0.19899,0.2164,0.23381,0.24987,0.26457,0.27926,0.29137,0.30089,0.31041,0.31771,0.32278,0.32785,0.33244,0.33657,0.34069,0.34609,0.35276,0.35943,0.36798,0.3784,0.38883,0.40073,0.4141,0.42747,0.44165,0.45662,0.4716,0.48686,0.50242,0.51797,0.53344,0.54882,0.56421,0.57911,0.59352,0.60794,0.62146,0.63407,0.64668,0.65806,0.66821,0.67836,0.68714,0.69455,0.70196,0.70776,0.71194,0.71612,0.7177,0.71669,0.71568,0.71069,0.70172,0.69276,0.67909,0.66072,0.64234,0.61922,0.59135,0.56348,0.5316,0.49571,0.45982,0.42253,0.38381,0.34509,0.30793,0.27234,0.23674,0.20379,0.17349,0.14318,0.11478,0.088293,0.061801,0.036955,0.013745,-0.0094608,-0.032005,-0.053896,-0.075785,-0.099373,-0.12466,-0.14995,-0.17701,-0.20584,-0.23466,-0.2631,-0.29116,-0.31921,-0.34476,-0.36782,-0.39088,-0.40982,-0.42465,-0.43947,-0.4482,-0.45084,-0.45347,-0.45121,-0.44404,-0.43687,-0.42672,-0.41359,-0.40045,-0.38715,-0.37369,-0.36023,-0.34756,-0.33569,-0.32382,-0.31473,-0.30842,-0.30211,-0.29801,-0.29611,-0.29422,-0.29011,-0.28378,-0.27745,-0.26765,-0.25439,-0.24113,-0.22512,-0.20637,-0.18762,-0.16851,-0.14904,-0.12957,-0.10983,-0.089825,-0.069823,-0.053156,-0.039825,-0.026497,-0.018235,-0.01504,-0.011847,-0.012711,-0.017633,-0.022557,-0.027841,-0.033485,-0.03913,-0.039354,-0.034156,0,0,0,0,0,0,0,0,0,0,0,0,0,0,0,0,-0.012177,-0.012086,-0.011995,-0.012708,-0.014226,-0.015743,-0.017276,-0.018825,-0.0088006,0,0,0,0,0,0,0,0,0,0,0,0,0,0,0,0,0,0,0,0,0,0,0,0,0,0,0,0,0,0,0,0,0,0,0,0,0,0,0,0,0,0,0,0,0,0,0,0,0,0,0,0,0,0,0,0,0,0,0,0,0,0,0,0,0,0,0,0,0,0,0,0,0,0,0,0,0,0,0,0,0,0,0.052068,0.080966,0.22815,0.29317,0.35817,0.43389,0.52036,0.60684,0.69268,0.7779,0.86312,0.93705,0.99969,1.0623,1.112,1.1487,1.1854,1.2034,1.2028,1.2021,1.2101,1.2268,1.2435,1.2481,1.2405,1.2329,1.2245,1.2154,1.2063,1.1808,1.1388,1.0967,1.0632,1.0382,1.0131,0.98592,0.95655,0.92718,0.90248,0.88244,0.86241,0.83625,0.80395,0.77164,0.73599,0.69699,0.658,0.61032,0.55396,0.49762,0.44326,0.39088,0.3385,0.28835,0.24045,0.19254,0.14592,0.10059,0.055259,0.010663,-0.033195,-0.077054,-0.11956,-0.1607,-0.20184,-0.23906,-0.27236,-0.30565,-0.33231,-0.35231,-0.37232,-0.38488,-0.38999,-0.39511,-0.39436,-0.38775,-0.38114,-0.37231,-0.36126,-0.35021,-0.34022,-0.33129,-0.32237,-0.31466,-0.30817,-0.30168,-0.29404,-0.28524,-0.27644,-0.26442,-0.2492,-0.23396,-0.21605,-0.19543,-0.17482,-0.15482,-0.13545,-0.11607,-0.10134,-0.091253,-0.081168,-0.077645,-0.080686,-0.083729,-0.092053,-0.10566,-0.11927,-0.13479,-0.15222,-0.16965,-0.18578,-0.2006,-0.21542,-0.22803,-0.23844,-0.24884,-0.25836,-0.267,-0.27564,-0.28512,-0.29544,-0.30576,-0.31766,-0.33114,-0.34462,-0.35867,-0.37331,-0.38794,-0.40091,-0.41222,-0.42353,-0.43125,-0.43536,-0.43946,-0.43909,-0.43424,-0.42939,-0.42004,-0.40618,-0.39233,-0.3746,-0.353,-0.3314,-0.30712,-0.28017,-0.25322,-0.22522,-0.19616,-0.1671,-0.13865,-0.11081,-0.082961,-0.05684,-0.032449,-0.0080608,0.01434,0.034752,0.055163,0.073957,0.091133,0.10831,0.12421,0.13884,0.15346,0.16664,0.17837,0.1901,0.19986,0.20768,0.21549,0.22055,0.22286,0.22517,0.22445,0.22071,0.21697,0.17927,0.10758,0.017883
0,0,0,0,0.095299,0.092067,0.091266,0.092896,0.094526,0.098269,0.10412,0.10998,0.11749,0.12666,0.13583,0.14558,0.15592,0.16626,0.17578,0.18447,0.19315,0.19996,0.20489,0.20982,0.21255,0.21309,0.21363,0.21249,0.20967,0.20684,0.20332,0.1991,0.19489,0.19088,0.18709,0.1833,0.17986,0.17679,0.17371,0.17012,0.16603,0.16193,0.15589,0.14792,0.13994,0.12894,0.11491,0.10089,0.083871,0.063866,0.04386,0.022188,-0.0011518,-0.024494,-0.047577,-0.070395,-0.093215,-0.11444,-0.13408,-0.15371,-0.17177,-0.18825,-0.20474,-0.22065,-0.23599,-0.25133,-0.26688,-0.28262,-0.29836,-0.31384,-0.32905,-0.34427,-0.35779,-0.3696,-0.38141,-0.39017,-0.39588,-0.40158,-0.40381,-0.40258,-0.40135,-0.39751,-0.39106,-0.38461,-0.37746,-0.36961,-0.36176,-0.35498,-0.34927,-0.34356,-0.33887,-0.33519,-0.33152,-0.32668,-0.32068,-0.31467,-0.30498,-0.29159,-0.2782,-0.26039,-0.23816,-0.21593,-0.19083,-0.16286,-0.13489,-0.1068,-0.078599,-0.050397,-0.024767,-0.0017075,0.021347,0.040556,0.055925,0.071291,0.084265,0.094847,0.10543,0.11664,0.12848,0.14033,0.15435,0.17055,0.18675,0.20408,0.22256,0.24103,0.25845,0.27481,0.29117,0.30487,0.31592,0.32697,0.33541,0.34124,0.34707,0.35192,0.35581,0.35969,0.36455,0.37039,0.37623,0.38398,0.39364,0.40329,0.41458,0.42748,0.44039,0.45411,0.46865,0.48318,0.49783,0.5126,0.52737,0.54182,0.55595,0.57008,0.58358,0.59646,0.60934,0.62134,0.63245,0.64356,0.65361,0.66261,0.6716,0.67945,0.68616,0.69288,0.69811,0.70187,0.70563,0.70681,0.70539,0.70399,0.69849,0.68891,0.67932,0.66471,0.64507,0.62543,0.60073,0.57098,0.54122,0.50787,0.47093,0.43399,0.39643,0.35827,0.32011,0.28342,0.24822,0.21302,0.1812,0.15275,0.1243,0.098415,0.075097,0.051779,0.029674,0.0087723,-0.012129,-0.032628,-0.052731,-0.072836,-0.095138,-0.11964,-0.14415,-0.17066,-0.19919,-0.22771,-0.25587,-0.28367,-0.31147,-0.33684,-0.35976,-0.38269,-0.40169,-0.41676,-0.43182,-0.44033,-0.44229,-0.44424,-0.44257,-0.43728,-0.43198,-0.42376,-0.41262,-0.40148,-0.39114,-0.38159,-0.37203,-0.36169,-0.35056,-0.33943,-0.33005,-0.32242,-0.31478,-0.30871,-0.3042,-0.2997,-0.29334,-0.28514,-0.27693,-0.26672,-0.25451,-0.2423,-0.22733,-0.20961,-0.19188,-0.17366,-0.15496,-0.13625,-0.11648,-0.095649,-0.074817,-0.056567,-0.040899,-0.025233,-0.014531,-0.0087994,-0.0030693,-0.0021217,-0.0059544,-0.0097865,-0.0147,-0.020695,-0.026693,-0.027807,-0.024035,0,0,0,0,0,0,0,0,0,0,0,0,0,0,0,0,-0.015648,-0.015959,-0.01627,-0.017368,-0.019253,-0.021138,-0.022848,-0.024382,0,0,0,0,0,0,0,0,0,0,0,0,0,0,0,0,0,0,0,0,0,0,0,0,0,0,0,0,0,0,0,0,0,0,0,0,0,0,0,0,0,0,0,0,0,0,0,0,0,0,0,0,0,0,0,0,0,0,0,0,0,0,0,0,0,0,0,0,0,0,0,0,0,0,0,0,0,0,0,0,0,0,0.029655,0.1061,0.15939,0.21913,0.28526,0.35139,0.42795,0.51494,0.60194,0.68829,0.77396,0.85966,0.93422,0.99766,1.0611,1.1116,1.1493,1.187,1.2059,1.2059,1.206,1.2147,1.2321,1.2495,1.2547,1.2476,1.2406,1.2326,1.2236,1.2147,1.1914,1.1538,1.1162,1.0838,1.0565,1.0291,1.0002,0.96952,0.93887,0.91362,0.89377,0.87392,0.84593,0.80982,0.77369,0.73727,0.70055,0.66384,0.61754,0.56165,0.50576,0.4509,0.39704,0.34319,0.29138,0.24162,0.19187,0.14345,0.096352,0.049266,0.0031796,-0.041912,-0.087001,-0.13012,-0.17126,-0.21241,-0.24921,-0.28166,-0.31411,-0.33987,-0.35895,-0.37803,-0.38983,-0.39434,-0.39886,-0.39778,-0.39109,-0.38441,-0.37572,-0.36503,-0.35434,-0.3447,-0.33611,-0.32751,-0.31992,-0.31334,-0.30675,-0.29872,-0.28926,-0.27979,-0.26703,-0.25099,-0.23495,-0.21651,-0.19566,-0.17482,-0.15502,-0.13626,-0.1175,-0.10362,-0.094629,-0.085636,-0.083104,-0.087038,-0.090974,-0.099776,-0.11345,-0.12712,-0.14222,-0.15873,-0.17525,-0.1902,-0.20359,-0.21698,-0.22824,-0.23736,-0.24648,-0.25502,-0.26298,-0.27094,-0.28011,-0.29048,-0.30085,-0.31301,-0.32697,-0.34092,-0.35543,-0.3705,-0.38557,-0.39886,-0.41037,-0.42188,-0.42966,-0.4337,-0.43774,-0.43718,-0.43199,-0.42681,-0.41702,-0.40262,-0.38823,-0.36989,-0.34762,-0.32535,-0.30038,-0.27271,-0.24505,-0.21637,-0.1867,-0.15702,-0.12807,-0.099853,-0.071633,-0.045299,-0.020849,0.0035992,0.025957,0.046226,0.066494,0.085107,0.10206,0.11902,0.1347,0.14911,0.16351,0.17654,0.1882,0.19985,0.20961,0.21749,0.22536,0.23019,0.23196,0.23373,0.23157,0.22547,0.21937,0.18028,0.10818,0
0,0,0,0,0.088184,0.086428,0.086587,0.088661,0.090736,0.094976,0.10138,0.10779,0.11614,0.12644,0.13674,0.14754,0.15883,0.17013,0.18033,0.18944,0.19855,0.20552,0.21033,0.21515,0.21777,0.2182,0.21862,0.21763,0.21522,0.2128,0.20996,0.20669,0.20341,0.20042,0.1977,0.19498,0.19237,0.18989,0.1874,0.184,0.17966,0.17533,0.16869,0.15975,0.15081,0.13879,0.1237,0.1086,0.090807,0.070313,0.049816,0.028025,0.0049378,-0.018152,-0.040911,-0.063335,-0.085761,-0.10692,-0.1268,-0.14669,-0.16547,-0.18313,-0.20079,-0.21809,-0.23502,-0.25194,-0.26883,-0.28566,-0.3025,-0.31853,-0.33376,-0.34899,-0.36207,-0.37301,-0.38395,-0.39177,-0.39648,-0.40119,-0.40273,-0.40111,-0.39948,-0.39567,-0.38967,-0.38366,-0.37718,-0.37022,-0.36326,-0.35728,-0.35227,-0.34726,-0.34297,-0.33941,-0.33585,-0.33084,-0.32438,-0.31792,-0.30769,-0.29368,-0.27967,-0.26131,-0.2386,-0.21588,-0.1903,-0.16187,-0.13343,-0.1048,-0.075967,-0.047132,-0.020849,0.0028867,0.02662,0.046328,0.062011,0.077691,0.090681,0.10098,0.11128,0.12211,0.13348,0.14484,0.15867,0.17497,0.19127,0.20918,0.22872,0.24825,0.26703,0.28505,0.30307,0.31837,0.33095,0.34353,0.35312,0.3597,0.36629,0.3714,0.37504,0.37868,0.38301,0.38802,0.39303,0.39998,0.40887,0.41776,0.42843,0.44087,0.45331,0.46658,0.48068,0.49477,0.50881,0.52278,0.53676,0.55019,0.56307,0.57595,0.58806,0.5994,0.61075,0.62122,0.63083,0.64044,0.64916,0.657,0.66484,0.67176,0.67778,0.68379,0.68847,0.6918,0.69514,0.69591,0.6941,0.69229,0.68629,0.67609,0.66588,0.65033,0.62942,0.60852,0.58224,0.5506,0.51896,0.48415,0.44615,0.40815,0.37035,0.33273,0.29512,0.25891,0.2241,0.1893,0.1586,0.13201,0.10541,0.082047,0.061903,0.041759,0.022392,0.0037982,-0.014797,-0.033253,-0.051571,-0.069893,-0.090913,-0.11463,-0.13835,-0.16432,-0.19254,-0.22076,-0.24864,-0.27619,-0.30373,-0.32891,-0.3517,-0.3745,-0.39356,-0.40887,-0.42417,-0.43246,-0.43374,-0.43501,-0.43393,-0.43051,-0.42709,-0.42081,-0.41166,-0.40252,-0.39513,-0.38948,-0.38384,-0.37582,-0.36543,-0.35504,-0.34537,-0.33641,-0.32746,-0.31942,-0.31229,-0.30517,-0.29657,-0.28649,-0.27641,-0.26579,-0.25463,-0.24348,-0.22954,-0.21284,-0.19614,-0.17882,-0.16088,-0.14294,-0.12314,-0.10147,-0.079812,-0.059979,-0.041972,-0.023964,-0.010825,-0.0025585,0.0057073,0.0084688,0.0057262,0.0029829,-0.0015609,-0.0079063,-0.014254,-0.016256,-0.013913,0,0,0,0,0,0,0,0,0,0,0,0,0,0,0,0,-0.019118,-0.019831,-0.020545,-0.022027,-0.02428,-0.026532,-0.028419,-0.02994,0,0,0,0,0,0,0,0,0,0,0,0,0,0,0,0,0,0,0,0,0,0,0,0,0,0,0,0,0,0,0,0,0,0,0,0,0,0,0,0,0,0,0,0,0,0,0,0,0,0,0,0,0,0,0,0,0,0,0,0,0,0,0,0,0,0,0,0,0,0,0,0,0,0,0,0,0,0,0,0,0,0,0.065782,0.11003,0.1543,0.21009,0.27735,0.34462,0.42202,0.50953,0.59706,0.68389,0.77003,0.8562,0.93139,0.99562,1.0599,1.1113,1.15,1.1886,1.2084,1.2091,1.2099,1.2194,1.2375,1.2556,1.2614,1.2548,1.2483,1.2406,1.2318,1.223,1.202,1.1689,1.1357,1.1043,1.0747,1.0451,1.0144,0.98248,0.95056,0.92476,0.9051,0.88542,0.85562,0.81568,0.77573,0.73855,0.70411,0.66968,0.62476,0.56934,0.51392,0.45855,0.40321,0.34788,0.2944,0.2428,0.19119,0.14097,0.09212,0.043276,-0.0043066,-0.050625,-0.096949,-0.14068,-0.18183,-0.22298,-0.25936,-0.29096,-0.32256,-0.34744,-0.36559,-0.38374,-0.39478,-0.39869,-0.40261,-0.40119,-0.39444,-0.38768,-0.37914,-0.36881,-0.35848,-0.34919,-0.34092,-0.33266,-0.32519,-0.3185,-0.31182,-0.30341,-0.29327,-0.28314,-0.26964,-0.25279,-0.23593,-0.21697,-0.19589,-0.17482,-0.15521,-0.13707,-0.11893,-0.10591,-0.098005,-0.090102,-0.088564,-0.09339,-0.098219,-0.1075,-0.12123,-0.13497,-0.14964,-0.16524,-0.18085,-0.19463,-0.20659,-0.21855,-0.22845,-0.23628,-0.24412,-0.25167,-0.25896,-0.26624,-0.27509,-0.28551,-0.29593,-0.30836,-0.32279,-0.33722,-0.35219,-0.3677,-0.38321,-0.39681,-0.40852,-0.42022,-0.42806,-0.43204,-0.43602,-0.43526,-0.42974,-0.42423,-0.41401,-0.39906,-0.38412,-0.36518,-0.34224,-0.3193,-0.29363,-0.26525,-0.23687,-0.20753,-0.17723,-0.14693,-0.11749,-0.088901,-0.06031,-0.033758,-0.0092477,0.015257,0.037571,0.057696,0.077823,0.096257,0.11299,0.12973,0.14519,0.15938,0.17356,0.18644,0.19802,0.2096,0.21935,0.2273,0.23524,0.23983,0.24106,0.24229,0.23868,0.23022,0.22177,0.18129,0.10879,0.018189
0,0,0,0,0.082106,0.080749,0.081296,0.083746,0.086197,0.091032,0.098252,0.10547,0.11478,0.12618,0.13758,0.14935,0.16149,0.17364,0.18443,0.19385,0.20328,0.21038,0.21516,0.21993,0.22261,0.22318,0.22375,0.22319,0.22148,0.21976,0.21782,0.21564,0.21347,0.21148,0.20969,0.2079,0.20587,0.20359,0.20132,0.19767,0.19263,0.1876,0.18,0.16983,0.15965,0.1465,0.13037,0.11425,0.095813,0.075067,0.054319,0.032613,0.0099523,-0.012708,-0.035086,-0.057172,-0.079255,-0.10051,-0.12094,-0.14136,-0.16114,-0.18027,-0.1994,-0.21822,-0.23672,-0.25522,-0.27321,-0.29066,-0.30812,-0.3241,-0.33862,-0.35313,-0.36514,-0.37465,-0.38416,-0.39074,-0.39439,-0.39804,-0.39908,-0.39751,-0.39593,-0.39273,-0.38791,-0.38308,-0.37793,-0.37244,-0.36696,-0.36204,-0.3577,-0.35335,-0.3491,-0.34494,-0.34078,-0.33481,-0.32703,-0.31925,-0.30781,-0.29273,-0.27765,-0.25862,-0.23565,-0.21269,-0.18713,-0.159,-0.13086,-0.10249,-0.073879,-0.045264,-0.018975,0.0049928,0.028961,0.049084,0.065357,0.081628,0.095154,0.10594,0.11672,0.12787,0.13939,0.1509,0.1649,0.1814,0.19789,0.21625,0.23648,0.25671,0.27643,0.29564,0.31486,0.33139,0.34524,0.35908,0.3697,0.37708,0.38447,0.38998,0.39364,0.39729,0.40133,0.40576,0.4102,0.41652,0.42474,0.43296,0.44304,0.45497,0.46691,0.47968,0.49327,0.50686,0.52023,0.53339,0.54654,0.55893,0.57054,0.58216,0.59289,0.60273,0.61257,0.6216,0.62981,0.63802,0.64553,0.65234,0.65915,0.66523,0.67056,0.67589,0.6799,0.6826,0.6853,0.68533,0.6827,0.68007,0.67306,0.66167,0.65027,0.63327,0.61065,0.58803,0.56011,0.5269,0.49369,0.45797,0.41973,0.3815,0.34384,0.30676,0.26968,0.23426,0.20051,0.16677,0.13747,0.11261,0.087752,0.066605,0.049166,0.031725,0.014829,-0.0015256,-0.017883,-0.034623,-0.051745,-0.068872,-0.088822,-0.11159,-0.13436,-0.15952,-0.18708,-0.21464,-0.2415,-0.26767,-0.29385,-0.31814,-0.34057,-0.36299,-0.38228,-0.39844,-0.41459,-0.42334,-0.42466,-0.42598,-0.42547,-0.42312,-0.42078,-0.41667,-0.41081,-0.40495,-0.40018,-0.3965,-0.39282,-0.38616,-0.3765,-0.36685,-0.35705,-0.34711,-0.33718,-0.32763,-0.31849,-0.30934,-0.29917,-0.28798,-0.27678,-0.26554,-0.25426,-0.24297,-0.22951,-0.21389,-0.19826,-0.18187,-0.16473,-0.14759,-0.12805,-0.10612,-0.084185,-0.063351,-0.043617,-0.02388,-0.0086987,0.0019265,0.012551,0.017357,0.016343,0.015328,0.011741,0.0055784,-0.00058695,-0.0031821,-0.0022063,0,0,0,0,0,0,0,0,0,0,0,0,0,0,0,0,-0.021263,-0.022301,-0.023338,-0.025273,-0.028104,-0.030935,-0.033139,-0.034715,0,0,0,0,0,0,0,0,0,0,0,0,0,0,0,0,0,0,0,0,0,0,0,0,0,0,0,0,0,0,0,0,0,0,0,0,0,0,0,0,0,0,0,0,0,0,0,0,0,0,0,0,0,0,0,0,0,0,0,0,0,0,0,0,0,0,0,0,0,0,0,0,0,0,0,0,0,0,0,0,0.014547,0.024249,0.074168,0.11192,0.14969,0.20243,0.27013,0.33782,0.4154,0.50287,0.59035,0.67716,0.76331,0.84947,0.92511,0.99027,1.0554,1.1062,1.1425,1.1788,1.1998,1.2055,1.2112,1.2235,1.2423,1.2611,1.2674,1.2613,1.2553,1.2479,1.2393,1.2308,1.2108,1.1795,1.1482,1.1167,1.085,1.0534,1.0224,0.99204,0.96168,0.93492,0.91177,0.88861,0.85624,0.81465,0.77306,0.73597,0.70335,0.67074,0.62712,0.5725,0.51788,0.46253,0.40646,0.35039,0.29574,0.24253,0.18932,0.13753,0.087134,0.036739,-0.012044,-0.05921,-0.10638,-0.15049,-0.19155,-0.23262,-0.26859,-0.29947,-0.33035,-0.35448,-0.37188,-0.38926,-0.39972,-0.40325,-0.40677,-0.40521,-0.39857,-0.39192,-0.38364,-0.37372,-0.3638,-0.35481,-0.34674,-0.33867,-0.33108,-0.32396,-0.31685,-0.30775,-0.29666,-0.28557,-0.27116,-0.25342,-0.23567,-0.21617,-0.1949,-0.17364,-0.15425,-0.13675,-0.11925,-0.10706,-0.10017,-0.093283,-0.09259,-0.098091,-0.1036,-0.11312,-0.12667,-0.14022,-0.1543,-0.16893,-0.18355,-0.19628,-0.20712,-0.21796,-0.22696,-0.2341,-0.24124,-0.24838,-0.25553,-0.26267,-0.27163,-0.28238,-0.29314,-0.30593,-0.32077,-0.33561,-0.35082,-0.3664,-0.38197,-0.39549,-0.40694,-0.41839,-0.42591,-0.4295,-0.43309,-0.43193,-0.42602,-0.42011,-0.40952,-0.39422,-0.37893,-0.35966,-0.33641,-0.31315,-0.28718,-0.25848,-0.22979,-0.20013,-0.1695,-0.13887,-0.1091,-0.080182,-0.051263,-0.024414,0.00036223,0.025136,0.047652,0.067909,0.088166,0.10667,0.12341,0.14015,0.15557,0.16968,0.18379,0.19653,0.20791,0.21929,0.2287,0.23614,0.24357,0.24745,0.24775,0.24806,0.24366,0.23457,0.22547,0.18411,0.11048,0.036842
0,0,0,0,0.077065,0.075032,0.075393,0.078151,0.08091,0.086438,0.094737,0.10304,0.11342,0.12588,0.13835,0.15102,0.16391,0.1768,0.18807,0.19771,0.20735,0.21456,0.21936,0.22415,0.22705,0.22804,0.22902,0.22916,0.22844,0.22772,0.2269,0.22597,0.22505,0.22408,0.22307,0.22207,0.22034,0.21789,0.21545,0.21113,0.20495,0.19876,0.18983,0.17815,0.16647,0.15207,0.13495,0.11783,0.098889,0.078128,0.057367,0.035957,0.013896,-0.0081667,-0.030102,-0.051906,-0.07371,-0.095233,-0.11647,-0.13772,-0.15878,-0.17967,-0.20056,-0.22104,-0.24111,-0.26118,-0.28002,-0.29761,-0.31521,-0.33055,-0.34361,-0.35668,-0.36698,-0.37452,-0.38206,-0.38709,-0.38961,-0.39214,-0.39286,-0.39178,-0.3907,-0.3887,-0.38578,-0.38287,-0.3797,-0.37627,-0.37284,-0.36927,-0.36554,-0.36182,-0.35724,-0.35179,-0.34634,-0.33862,-0.32864,-0.31866,-0.30536,-0.28874,-0.27212,-0.25232,-0.22933,-0.20634,-0.18131,-0.15425,-0.12718,-0.099872,-0.072337,-0.044798,-0.019147,0.0046144,0.028379,0.04883,0.065967,0.083105,0.097688,0.10972,0.12175,0.13391,0.14621,0.15851,0.17306,0.18984,0.20662,0.22529,0.24585,0.26641,0.28665,0.30659,0.32652,0.34392,0.35877,0.37362,0.38516,0.39338,0.4016,0.40767,0.41158,0.4155,0.41951,0.42362,0.42772,0.43359,0.44124,0.44889,0.45841,0.4698,0.4812,0.49341,0.50643,0.51946,0.53211,0.54441,0.5567,0.56801,0.57836,0.5887,0.59806,0.60643,0.61481,0.62246,0.62938,0.6363,0.64272,0.64864,0.65455,0.65984,0.6645,0.66916,0.67242,0.67426,0.6761,0.67508,0.6712,0.66731,0.6588,0.64565,0.63251,0.61354,0.58875,0.56396,0.53433,0.49987,0.4654,0.42933,0.39168,0.35403,0.31692,0.28035,0.24378,0.20948,0.17745,0.14543,0.11779,0.094555,0.071315,0.052092,0.036886,0.021678,0.0069845,-0.0071995,-0.021386,-0.036738,-0.053255,-0.069777,-0.088863,-0.11051,-0.13216,-0.15626,-0.1828,-0.20934,-0.23445,-0.25813,-0.28181,-0.30455,-0.32635,-0.34815,-0.36786,-0.38548,-0.40309,-0.41295,-0.41506,-0.41716,-0.41718,-0.41512,-0.41305,-0.41137,-0.41007,-0.40876,-0.40629,-0.40263,-0.39898,-0.39269,-0.38377,-0.37484,-0.3651,-0.35452,-0.34395,-0.33336,-0.32277,-0.31218,-0.30112,-0.28958,-0.27805,-0.26598,-0.25338,-0.24077,-0.22722,-0.21273,-0.19823,-0.18283,-0.16651,-0.1502,-0.13122,-0.10958,-0.087934,-0.066683,-0.045829,-0.024974,-0.0081447,0.0046583,0.017461,0.02454,0.025896,0.027251,0.025204,0.019755,0.014305,0.011414,0.011082,0,0,0,0,0,0,0,0,0,0,0,0,0,0,0,0,-0.022083,-0.023368,-0.024652,-0.027104,-0.030726,-0.034348,-0.037009,-0.038709,0,0,0,0,0,0,0,0,0,0,0,0,0,0,0,0,0,0,0,0,0,0,0,0,0,0,0,0,0,0,0,0,0,0,0,0,0,0,0,0,0,0,0,0,0,0,0,0,0,0,0,0,0,0,0,0,0,0,0,0,0,0,0,0,0,0,0,0,0,0,0,0,0,0,0,0,0,0,0,0,0.014547,0.024249,0.077996,0.11177,0.14556,0.19615,0.26357,0.33099,0.40811,0.49496,0.58182,0.66808,0.75376,0.83944,0.9154,0.98159,1.0478,1.0962,1.1269,1.1575,1.1803,1.1951,1.2099,1.2271,1.2466,1.266,1.2729,1.2672,1.2614,1.2545,1.2462,1.238,1.2178,1.1857,1.1536,1.1208,1.0873,1.0539,1.0242,0.99819,0.97222,0.94408,0.91379,0.88349,0.84781,0.80675,0.76569,0.72953,0.69828,0.66702,0.62464,0.57114,0.51764,0.46285,0.4068,0.35073,0.29541,0.24085,0.18628,0.13314,0.081401,0.029663,-0.020023,-0.067654,-0.11529,-0.15955,-0.20044,-0.24133,-0.27691,-0.3072,-0.33748,-0.36102,-0.3778,-0.39459,-0.40465,-0.408,-0.41134,-0.40984,-0.40348,-0.39713,-0.38922,-0.37976,-0.3703,-0.36156,-0.35355,-0.34554,-0.33759,-0.32971,-0.32183,-0.31173,-0.29942,-0.28709,-0.27158,-0.25287,-0.23417,-0.2141,-0.19268,-0.17127,-0.15214,-0.13531,-0.11847,-0.10708,-0.10113,-0.09518,-0.095184,-0.10114,-0.1071,-0.11664,-0.12976,-0.14288,-0.15622,-0.16979,-0.18336,-0.19516,-0.20519,-0.21523,-0.22377,-0.23081,-0.23785,-0.24515,-0.2527,-0.26025,-0.26972,-0.28109,-0.29246,-0.30573,-0.32091,-0.33608,-0.35131,-0.36659,-0.38187,-0.39489,-0.40563,-0.41637,-0.42319,-0.42607,-0.42895,-0.4272,-0.42083,-0.41446,-0.40355,-0.3881,-0.37266,-0.35333,-0.33012,-0.30691,-0.281,-0.2524,-0.2238,-0.19417,-0.16349,-0.13282,-0.10289,-0.073693,-0.044495,-0.017269,0.0079836,0.033235,0.056195,0.07686,0.097524,0.11634,0.13331,0.15028,0.16585,0.18002,0.19419,0.20681,0.21787,0.22893,0.23764,0.24401,0.25037,0.25305,0.25204,0.25103,0.24652,0.2385,0.23047,0.18873,0.11326,0.037767
0,0,0,0,0.072024,0.069314,0.069491,0.072557,0.075623,0.081844,0.091221,0.1006,0.11205,0.12558,0.13912,0.1527,0.16633,0.17997,0.19171,0.20156,0.21141,0.21874,0.22356,0.22838,0.23149,0.23289,0.23429,0.23513,0.2354,0.23568,0.23598,0.2363,0.23663,0.23668,0.23646,0.23623,0.23481,0.23219,0.22958,0.2246,0.21726,0.20992,0.19965,0.18647,0.17328,0.15763,0.13952,0.1214,0.10196,0.081189,0.060415,0.039298,0.017835,-0.0036276,-0.025118,-0.04664,-0.068165,-0.089956,-0.11201,-0.13407,-0.15642,-0.17907,-0.20172,-0.22386,-0.2455,-0.26713,-0.28682,-0.30456,-0.32231,-0.33699,-0.34861,-0.36023,-0.36883,-0.37439,-0.37995,-0.38344,-0.38483,-0.38623,-0.38664,-0.38605,-0.38546,-0.38466,-0.38366,-0.38266,-0.38147,-0.3801,-0.37873,-0.37649,-0.37339,-0.3703,-0.36537,-0.35863,-0.35189,-0.34243,-0.33025,-0.31807,-0.3029,-0.28475,-0.2666,-0.24602,-0.22301,-0.19999,-0.17548,-0.14949,-0.12349,-0.097254,-0.070794,-0.044332,-0.019321,0.0042341,0.027795,0.048578,0.06658,0.084582,0.10022,0.1135,0.12677,0.13996,0.15304,0.16613,0.18121,0.19828,0.21535,0.23433,0.25521,0.27611,0.29688,0.31753,0.33819,0.35645,0.3723,0.38815,0.40061,0.40967,0.41873,0.42535,0.42953,0.43371,0.43769,0.44147,0.44524,0.45067,0.45774,0.46481,0.47378,0.48463,0.49549,0.50714,0.5196,0.53205,0.544,0.55542,0.56685,0.5771,0.58618,0.59525,0.60323,0.61014,0.61705,0.62332,0.62895,0.63458,0.63991,0.64493,0.64995,0.65445,0.65845,0.66244,0.66493,0.66592,0.66691,0.66483,0.65969,0.65455,0.64453,0.62964,0.61474,0.59381,0.56686,0.5399,0.50855,0.47283,0.4371,0.4007,0.36363,0.32656,0.29,0.25394,0.21789,0.1847,0.1544,0.12409,0.098123,0.076502,0.054879,0.037581,0.024607,0.011632,-0.00086181,-0.012877,-0.024891,-0.038852,-0.054765,-0.070684,-0.088908,-0.10943,-0.12997,-0.15299,-0.17852,-0.20405,-0.22741,-0.2486,-0.26978,-0.29097,-0.31214,-0.33331,-0.35344,-0.37251,-0.39159,-0.40257,-0.40546,-0.40835,-0.4089,-0.40711,-0.40532,-0.40606,-0.40932,-0.41258,-0.4124,-0.40877,-0.40514,-0.39922,-0.39103,-0.38284,-0.37314,-0.36193,-0.35072,-0.33909,-0.32706,-0.31503,-0.30308,-0.29119,-0.27931,-0.26641,-0.2525,-0.23858,-0.22494,-0.21158,-0.19821,-0.18378,-0.1683,-0.15281,-0.13439,-0.11304,-0.091682,-0.070017,-0.048041,-0.026066,-0.0075883,0.0073918,0.022372,0.031724,0.035449,0.039172,0.038667,0.033934,0.0292,0.026012,0.024371,0.01436,0,0,0,0,0,0,0,0,0,0,0,0,0,-0.0056214,-0.0093695,-0.022903,-0.024435,-0.025965,-0.028936,-0.033347,-0.03776,-0.040878,-0.042702,-0.023291,0,0,0,0,0,0,0,0,0,0,0,0,0,0,0,0,0,0,0,0,0,0,0,0,0,0,0,0,0,0,0,0,0,0,0,0,0,0,0,0,0,0,0,0,0,0,0,0,0,0,0,0,0,0,0,0,0,0,0,0,0,0,0,0,0,0,0,0,0,0,0,0,0,0,0,0,0,0,0,0,0,0.081825,0.11162,0.14142,0.18989,0.25702,0.32415,0.40082,0.48706,0.57329,0.65901,0.74421,0.82943,0.90566,0.97292,1.0402,1.0863,1.1113,1.1362,1.1607,1.1847,1.2087,1.2307,1.2508,1.271,1.2784,1.273,1.2676,1.261,1.2531,1.2452,1.2248,1.1919,1.159,1.1249,1.0896,1.0544,1.0259,1.0043,0.98276,0.95325,0.91581,0.87837,0.83938,0.79885,0.75831,0.72309,0.69319,0.66329,0.62216,0.56978,0.5174,0.46318,0.40712,0.35107,0.29508,0.23915,0.18324,0.12874,0.075666,0.022592,-0.027996,-0.076096,-0.1242,-0.16862,-0.20933,-0.25004,-0.28524,-0.31493,-0.34462,-0.36755,-0.38373,-0.39991,-0.40958,-0.41275,-0.41591,-0.41446,-0.4084,-0.40233,-0.3948,-0.3858,-0.37679,-0.36832,-0.36036,-0.35241,-0.34411,-0.33546,-0.32681,-0.31572,-0.30217,-0.28861,-0.272,-0.25233,-0.23266,-0.21204,-0.19047,-0.16889,-0.15002,-0.13386,-0.11769,-0.1071,-0.10209,-0.097077,-0.097777,-0.10419,-0.11061,-0.12016,-0.13285,-0.14554,-0.15814,-0.17065,-0.18316,-0.19403,-0.20326,-0.21249,-0.22058,-0.22752,-0.23446,-0.24191,-0.24987,-0.25783,-0.26781,-0.2798,-0.29179,-0.30554,-0.32105,-0.33656,-0.3518,-0.36679,-0.38177,-0.39429,-0.40432,-0.41436,-0.42047,-0.42264,-0.42481,-0.42248,-0.41564,-0.40881,-0.39759,-0.38198,-0.36638,-0.34699,-0.32383,-0.30067,-0.27483,-0.24632,-0.21782,-0.18821,-0.1575,-0.12678,-0.096683,-0.067205,-0.037726,-0.010122,0.015608,0.041335,0.064736,0.085811,0.10688,0.12602,0.14321,0.16041,0.17612,0.19036,0.20459,0.21708,0.22782,0.23856,0.24658,0.25187,0.25717,0.25866,0.25634,0.25401,0.24938,0.24243,0.23548,0.19335,0.11603,0.03868
0,0,0,0,0.067475,0.063661,0.063437,0.066803,0.07017,0.077068,0.087499,0.097932,0.11041,0.12495,0.13948,0.15387,0.16812,0.18236,0.19454,0.20464,0.21475,0.22236,0.22746,0.23257,0.23616,0.23824,0.24032,0.24205,0.24342,0.2448,0.24619,0.24759,0.249,0.24979,0.24998,0.25016,0.24864,0.24543,0.24221,0.23624,0.22753,0.21882,0.20717,0.19258,0.17799,0.1613,0.14249,0.12369,0.10399,0.083411,0.062827,0.042067,0.021128,0.00019024,-0.021039,-0.04256,-0.064082,-0.086386,-0.10947,-0.13256,-0.15628,-0.18064,-0.20499,-0.22861,-0.25148,-0.27435,-0.29451,-0.31197,-0.32944,-0.34315,-0.35312,-0.36309,-0.3699,-0.37357,-0.37723,-0.37928,-0.37971,-0.38015,-0.3804,-0.38047,-0.38054,-0.38109,-0.38211,-0.38314,-0.384,-0.38471,-0.38541,-0.38447,-0.3819,-0.37933,-0.3739,-0.36561,-0.35733,-0.34582,-0.33108,-0.31635,-0.29901,-0.27907,-0.25914,-0.23769,-0.21473,-0.19177,-0.16806,-0.14359,-0.11912,-0.094493,-0.069707,-0.04492,-0.021004,0.0020289,0.025066,0.04611,0.065156,0.084201,0.10125,0.11629,0.13134,0.14603,0.16038,0.17473,0.19062,0.20806,0.2255,0.24466,0.26555,0.28645,0.30735,0.32827,0.34919,0.36793,0.38449,0.40105,0.41427,0.42417,0.43407,0.44137,0.44608,0.45079,0.45504,0.45883,0.46263,0.46787,0.47457,0.48127,0.48978,0.50008,0.51038,0.52142,0.53319,0.54495,0.55608,0.56657,0.57706,0.58623,0.59408,0.60193,0.60866,0.61427,0.61988,0.62496,0.62951,0.63406,0.63845,0.64269,0.64694,0.65068,0.65394,0.65719,0.65874,0.65861,0.65847,0.65496,0.64808,0.6412,0.62918,0.61202,0.59486,0.5718,0.54283,0.51387,0.48125,0.44499,0.40872,0.37226,0.33562,0.29897,0.26318,0.22824,0.19331,0.16159,0.13308,0.10458,0.080402,0.060554,0.040704,0.024885,0.013095,0.0013056,-0.0099371,-0.020634,-0.03133,-0.04418,-0.059187,-0.074197,-0.091293,-0.11047,-0.12965,-0.15136,-0.17559,-0.19983,-0.22188,-0.24174,-0.2616,-0.28145,-0.30131,-0.32118,-0.34031,-0.35869,-0.37707,-0.38842,-0.39273,-0.39705,-0.39889,-0.39827,-0.39765,-0.40028,-0.40616,-0.41204,-0.41365,-0.41102,-0.40838,-0.40338,-0.39601,-0.38865,-0.37927,-0.36787,-0.35648,-0.34475,-0.33268,-0.32061,-0.30818,-0.29541,-0.28264,-0.26876,-0.25379,-0.23882,-0.22454,-0.21095,-0.19737,-0.18303,-0.16795,-0.15287,-0.13488,-0.11398,-0.093083,-0.071419,-0.048987,-0.026556,-0.0069726,0.0097642,0.026501,0.03792,0.044023,0.050127,0.05137,0.047753,0.044135,0.040605,0.037163,0.033721,0.015779,0.010908,0,0,0,0,0,0,0,0,0,0,0,-0.010788,-0.017982,-0.022588,-0.024606,-0.026623,-0.029947,-0.034577,-0.039208,-0.0425,-0.044451,-0.046402,0,0,0,0,0,0,0,0,0,0,0,0,0,0,0,0,0,0,0,0,0,0,0,0,0,0,0,0,0,0,0,0,0,0,0,0,0,0,0,0,0,0,0,0,0,0,0,0,0,0,0,0,0,0,0,0,0,0,0,0,0,0,0,0,0,0,0,0,0,0,0,0,0,0,0,0,0,0,0,0,0,0.080539,0.10826,0.13598,0.18231,0.24722,0.31214,0.38676,0.47108,0.55541,0.63975,0.72406,0.80837,0.88459,0.95271,1.0208,1.0684,1.0955,1.1226,1.1509,1.1804,1.2099,1.2352,1.2562,1.2772,1.2852,1.2803,1.2754,1.2691,1.2615,1.2538,1.2332,1.1997,1.1661,1.1309,1.094,1.0572,1.0287,1.0086,0.98856,0.95768,0.91601,0.87433,0.83308,0.79226,0.75144,0.71623,0.68665,0.65706,0.61639,0.56465,0.5129,0.45908,0.4032,0.34732,0.29111,0.23459,0.17807,0.12294,0.06918,0.015423,-0.035591,-0.083865,-0.13214,-0.17645,-0.2168,-0.25715,-0.29186,-0.32092,-0.34998,-0.37235,-0.38803,-0.40371,-0.41314,-0.41633,-0.41952,-0.41836,-0.41285,-0.40734,-0.40035,-0.3919,-0.38344,-0.37521,-0.36719,-0.35918,-0.35041,-0.34088,-0.33135,-0.31916,-0.3043,-0.28945,-0.27171,-0.25107,-0.23043,-0.20926,-0.18755,-0.16585,-0.14724,-0.13174,-0.11625,-0.1064,-0.1022,-0.097995,-0.099191,-0.10578,-0.11238,-0.12168,-0.1337,-0.14572,-0.15748,-0.16897,-0.18046,-0.19054,-0.19919,-0.20784,-0.21576,-0.22296,-0.23016,-0.23818,-0.24701,-0.25584,-0.26669,-0.27955,-0.2924,-0.30671,-0.32246,-0.33822,-0.3533,-0.3677,-0.38211,-0.39381,-0.40282,-0.41182,-0.41697,-0.41826,-0.41954,-0.41657,-0.40935,-0.40213,-0.39076,-0.37523,-0.35971,-0.34051,-0.31764,-0.29478,-0.26923,-0.24099,-0.21275,-0.18332,-0.15269,-0.12205,-0.091886,-0.062178,-0.032469,-0.0045083,0.021714,0.047931,0.071834,0.093424,0.11501,0.13456,0.15206,0.16956,0.18549,0.19983,0.21418,0.22661,0.23712,0.24763,0.25515,0.25968,0.26422,0.26498,0.26196,0.25894,0.25394,0.24695,0.23997,0.19707,0.11825,0.039422
0,0,0,0,0.063416,0.058072,0.05723,0.060889,0.064549,0.07211,0.083571,0.095033,0.1085,0.12397,0.13945,0.15454,0.16926,0.18398,0.19655,0.20696,0.21737,0.22541,0.23107,0.23674,0.24107,0.24409,0.2471,0.2499,0.2525,0.2551,0.25755,0.25985,0.26215,0.26341,0.26363,0.26386,0.26184,0.25759,0.25333,0.24606,0.23576,0.22547,0.21238,0.19649,0.1806,0.16306,0.14387,0.12468,0.10499,0.084796,0.064606,0.044268,0.023778,0.0032885,-0.017856,-0.03966,-0.061464,-0.084528,-0.10885,-0.13318,-0.15835,-0.18436,-0.21037,-0.23527,-0.25904,-0.28281,-0.30308,-0.31984,-0.3366,-0.34903,-0.35713,-0.36524,-0.37021,-0.37204,-0.37388,-0.37461,-0.37425,-0.37388,-0.37415,-0.37504,-0.37594,-0.37797,-0.38114,-0.38432,-0.3873,-0.39009,-0.39289,-0.39321,-0.39106,-0.38892,-0.38281,-0.37273,-0.36265,-0.34879,-0.33115,-0.31351,-0.29369,-0.27171,-0.24972,-0.22732,-0.20449,-0.18167,-0.15902,-0.13656,-0.11408,-0.091588,-0.069076,-0.046561,-0.024199,-0.0020027,0.020198,0.041433,0.061697,0.08196,0.10076,0.1181,0.13544,0.15215,0.16823,0.18431,0.20129,0.21918,0.23707,0.25629,0.27686,0.29743,0.31808,0.33881,0.35954,0.37838,0.39534,0.4123,0.42614,0.43687,0.44761,0.45573,0.46123,0.46674,0.47157,0.47572,0.47987,0.48521,0.49174,0.49826,0.5064,0.51615,0.52589,0.53625,0.5472,0.55815,0.56837,0.57784,0.58732,0.59539,0.60208,0.60876,0.61434,0.61882,0.6233,0.62737,0.63105,0.63473,0.63836,0.64194,0.64552,0.64853,0.65096,0.65339,0.65385,0.65232,0.65079,0.64547,0.63636,0.62725,0.61273,0.5928,0.57286,0.54749,0.51668,0.48588,0.45243,0.41634,0.38025,0.34402,0.30764,0.27126,0.23646,0.20325,0.17005,0.14013,0.11351,0.086898,0.064631,0.046711,0.028789,0.014002,0.002351,-0.0092992,-0.02024,-0.030472,-0.040703,-0.052717,-0.066515,-0.080314,-0.096012,-0.11361,-0.13121,-0.15135,-0.17402,-0.1967,-0.21788,-0.23756,-0.25725,-0.27602,-0.29389,-0.31175,-0.32846,-0.34399,-0.35953,-0.37049,-0.37688,-0.38327,-0.38718,-0.38862,-0.39005,-0.39404,-0.40058,-0.40713,-0.41006,-0.40939,-0.40871,-0.40515,-0.39871,-0.39227,-0.38349,-0.37236,-0.36124,-0.35032,-0.33961,-0.3289,-0.31644,-0.30223,-0.28802,-0.27303,-0.25725,-0.24148,-0.22601,-0.21086,-0.1957,-0.18057,-0.16546,-0.15036,-0.13267,-0.1124,-0.092138,-0.070889,-0.048661,-0.026434,-0.00629,0.011778,0.029846,0.043125,0.051621,0.060114,0.063311,0.06121,0.059107,0.05519,0.049458,0.043725,0.03585,0.02583,0,0,0,0,0,0,0,0,0,0,0,-0.0051669,-0.0086125,-0.010931,-0.023881,-0.026627,-0.030138,-0.034415,-0.038692,-0.041873,-0.043958,-0.046043,-0.01956,-0.011738,0,0,0,0,0,0,0,0,0,0,0,0,0,0,0,0,0,0,0,0,0,0,0,0,0,0,0,0,0,0,0,0,0,0,0,0,0,0,0,0,0,0,0,0,0,0,0,0,0,0,0,0,0,0,0,0,0,0,0,0,0,0,0,0,0,0,0,0,0,0,0,0,0,0,0,0,0,0,0,0.074139,0.10168,0.12923,0.1734,0.23417,0.29493,0.36588,0.44702,0.52818,0.61026,0.69327,0.77627,0.85216,0.92095,0.98973,1.0426,1.0795,1.1165,1.1507,1.1821,1.2136,1.2404,1.2625,1.2847,1.2935,1.2891,1.2847,1.2788,1.2714,1.264,1.2432,1.209,1.1748,1.1387,1.1005,1.0623,1.0325,1.0111,0.98963,0.95739,0.91438,0.87136,0.8289,0.78699,0.74508,0.70896,0.67864,0.64832,0.60735,0.55574,0.50413,0.45055,0.39502,0.33949,0.28354,0.22717,0.1708,0.11573,0.061942,0.0081533,-0.04281,-0.090943,-0.13908,-0.18304,-0.22285,-0.26265,-0.29675,-0.32516,-0.35356,-0.3754,-0.39069,-0.40598,-0.41534,-0.41876,-0.42219,-0.42155,-0.41684,-0.41214,-0.40588,-0.39806,-0.39024,-0.38223,-0.37404,-0.36585,-0.3565,-0.34597,-0.33543,-0.32205,-0.30583,-0.2896,-0.27069,-0.24908,-0.22747,-0.20576,-0.18394,-0.16213,-0.1438,-0.12897,-0.11413,-0.10496,-0.10145,-0.097935,-0.099425,-0.10592,-0.11241,-0.12121,-0.13232,-0.14343,-0.15424,-0.16475,-0.17526,-0.18467,-0.19297,-0.20126,-0.20933,-0.21715,-0.22497,-0.23397,-0.24413,-0.25429,-0.26636,-0.28033,-0.29431,-0.30925,-0.32517,-0.34108,-0.35581,-0.36934,-0.38288,-0.39347,-0.40112,-0.40876,-0.4127,-0.41293,-0.41316,-0.4095,-0.40197,-0.39444,-0.38307,-0.36786,-0.35265,-0.33389,-0.31156,-0.28925,-0.26419,-0.23639,-0.20861,-0.1795,-0.14907,-0.11865,-0.088495,-0.058615,-0.028733,-0.00043144,0.026296,0.053018,0.077483,0.099695,0.12191,0.14195,0.15984,0.17773,0.19393,0.20845,0.22296,0.2354,0.24576,0.25612,0.26334,0.26743,0.27152,0.27202,0.26892,0.26581,0.2602,0.25207,0.24394,0.1999,0.11996,0.039997
0,0,0,0,0.059356,0.052484,0.051024,0.054976,0.05893,0.067152,0.079643,0.092135,0.10659,0.123,0.13941,0.15521,0.17041,0.1856,0.19856,0.20928,0.22,0.22847,0.23469,0.2409,0.24598,0.24993,0.25388,0.25776,0.26158,0.26539,0.2689,0.2721,0.2753,0.27703,0.27729,0.27755,0.27503,0.26975,0.26446,0.25588,0.244,0.23212,0.21759,0.2004,0.18322,0.16483,0.14525,0.12567,0.10598,0.086183,0.066387,0.046469,0.026428,0.0063869,-0.014673,-0.036755,-0.05884,-0.082667,-0.10823,-0.1338,-0.16042,-0.18809,-0.21576,-0.24193,-0.26661,-0.29128,-0.31165,-0.3277,-0.34376,-0.3549,-0.36114,-0.36738,-0.37051,-0.37052,-0.37053,-0.36995,-0.36879,-0.36762,-0.3679,-0.36962,-0.37133,-0.37485,-0.38017,-0.38549,-0.3906,-0.39548,-0.40036,-0.40194,-0.40023,-0.39851,-0.39171,-0.37985,-0.36798,-0.35177,-0.33122,-0.31066,-0.28837,-0.26434,-0.24031,-0.21695,-0.19427,-0.17158,-0.15,-0.12952,-0.10905,-0.088688,-0.068447,-0.048202,-0.027398,-0.0060377,0.015329,0.036756,0.058241,0.079724,0.10028,0.11991,0.13954,0.15826,0.17607,0.19389,0.21196,0.2303,0.24863,0.26792,0.28817,0.30841,0.3288,0.34934,0.36988,0.38883,0.40619,0.42354,0.43801,0.44957,0.46114,0.47008,0.47638,0.48269,0.48809,0.4926,0.49711,0.50254,0.5089,0.51525,0.52302,0.53221,0.5414,0.55107,0.56121,0.57136,0.58066,0.58911,0.59757,0.60456,0.61008,0.61559,0.62003,0.62337,0.62672,0.62979,0.6326,0.6354,0.63826,0.64118,0.6441,0.64637,0.64798,0.6496,0.64895,0.64603,0.6431,0.63598,0.62464,0.61331,0.59629,0.57358,0.55087,0.52319,0.49054,0.45789,0.42361,0.3877,0.3518,0.31579,0.27967,0.24355,0.20975,0.17827,0.14678,0.11868,0.093948,0.069223,0.048863,0.032868,0.016871,0.0031166,-0.0083932,-0.019903,-0.030542,-0.04031,-0.050077,-0.061254,-0.073843,-0.086432,-0.10073,-0.11675,-0.13278,-0.15134,-0.17245,-0.19356,-0.21387,-0.23338,-0.2529,-0.27059,-0.28645,-0.30232,-0.3166,-0.3293,-0.342,-0.35258,-0.36103,-0.36949,-0.37546,-0.37896,-0.38244,-0.3878,-0.39501,-0.40223,-0.40647,-0.40776,-0.40904,-0.40692,-0.40141,-0.39589,-0.38771,-0.37685,-0.366,-0.3559,-0.34654,-0.33719,-0.32469,-0.30904,-0.2934,-0.27728,-0.26071,-0.24413,-0.22748,-0.21076,-0.19403,-0.17811,-0.16298,-0.14785,-0.13047,-0.11083,-0.091189,-0.070356,-0.048333,-0.026311,-0.0056048,0.013794,0.03319,0.04833,0.059218,0.070101,0.075252,0.074668,0.074079,0.069774,0.061755,0.053732,0.044433,0.033858,0,0,0,0,0,0,0,0,0,0,0,0,0,0,-0.023157,-0.02663,-0.030328,-0.034252,-0.038175,-0.041246,-0.043464,-0.04568,-0.038994,-0.023402,0,0,0,0,0,0,0,0,0,0,0,0,0,0,0,0,0,0,0,0,0,0,0,0,0,0,0,0,0,0,0,0,0,0,0,0,0,0,0,0,0,0,0,0,0,0,0,0,0,0,0,0,0,0,0,0,0,0,0,0,0,0,0,0,0,0,0,0,0,0,0,0,0,0,0,0,0,0,0,0.03547,0.095111,0.12249,0.16449,0.2211,0.2777,0.34499,0.42297,0.50096,0.58079,0.66248,0.74416,0.81973,0.88918,0.95863,1.0168,1.0636,1.1104,1.1505,1.1839,1.2173,1.2457,1.2689,1.2921,1.3018,1.2979,1.294,1.2885,1.2813,1.2741,1.2531,1.2184,1.1836,1.1465,1.107,1.0675,1.0363,1.0135,0.9907,0.95711,0.91276,0.8684,0.82472,0.78172,0.73872,0.70169,0.67063,0.63957,0.59831,0.54683,0.49535,0.44202,0.38684,0.33167,0.27597,0.21975,0.16353,0.10852,0.054701,0.0008779,-0.050033,-0.098021,-0.14602,-0.18964,-0.22888,-0.26814,-0.30164,-0.32939,-0.35714,-0.37846,-0.39336,-0.40826,-0.41753,-0.42119,-0.42484,-0.42473,-0.42084,-0.41694,-0.41141,-0.40422,-0.39703,-0.38926,-0.38089,-0.37253,-0.36258,-0.35105,-0.33952,-0.32495,-0.30735,-0.28975,-0.26967,-0.24709,-0.22451,-0.20226,-0.18033,-0.1584,-0.14035,-0.12619,-0.11202,-0.10352,-0.1007,-0.097876,-0.099658,-0.10605,-0.11244,-0.12074,-0.13093,-0.14113,-0.15099,-0.16053,-0.17006,-0.1788,-0.18675,-0.19469,-0.20289,-0.21134,-0.21978,-0.22975,-0.24124,-0.25273,-0.26602,-0.28112,-0.29621,-0.3118,-0.32787,-0.34394,-0.35831,-0.37098,-0.38365,-0.39313,-0.39942,-0.40571,-0.40844,-0.4076,-0.40677,-0.40243,-0.39459,-0.38674,-0.37537,-0.36048,-0.34559,-0.32726,-0.30549,-0.28371,-0.25915,-0.2318,-0.20446,-0.17567,-0.14546,-0.11524,-0.085107,-0.055051,-0.024993,0.0036485,0.030877,0.058102,0.083129,0.10597,0.1288,0.14935,0.16763,0.1859,0.20238,0.21706,0.23174,0.24418,0.2544,0.26461,0.27154,0.27518,0.27883,0.27906,0.27588,0.27269,0.26646,0.25719,0.24791,0.20274,0.12166,0.040566
0,0,0,0,0.055651,0.047964,0.046144,0.050193,0.054243,0.062869,0.076071,0.089274,0.10441,0.12147,0.13854,0.15488,0.17051,0.18613,0.19956,0.21079,0.22201,0.23114,0.23818,0.24521,0.25127,0.25636,0.26144,0.26643,0.27131,0.2762,0.28049,0.2842,0.28791,0.28969,0.28955,0.2894,0.28606,0.27953,0.27299,0.26305,0.2497,0.23634,0.2206,0.20246,0.18432,0.1654,0.1457,0.126,0.10645,0.087058,0.067667,0.048063,0.028245,0.0084258,-0.012781,-0.035379,-0.057982,-0.082663,-0.10942,-0.13618,-0.16399,-0.19284,-0.2217,-0.24863,-0.27364,-0.29864,-0.31877,-0.33401,-0.34925,-0.3588,-0.36266,-0.36652,-0.36783,-0.36659,-0.36534,-0.36442,-0.36381,-0.3632,-0.36406,-0.36638,-0.36869,-0.37327,-0.38012,-0.38696,-0.39358,-0.39996,-0.40635,-0.40885,-0.40746,-0.40607,-0.39874,-0.38547,-0.3722,-0.35403,-0.33098,-0.30792,-0.28341,-0.25744,-0.23146,-0.20715,-0.1845,-0.16186,-0.14127,-0.12274,-0.10421,-0.085957,-0.067976,-0.049993,-0.030746,-0.010226,0.010296,0.031856,0.054455,0.077052,0.099264,0.12109,0.14291,0.16364,0.18328,0.20293,0.2222,0.24112,0.26003,0.2794,0.29925,0.31909,0.33906,0.35915,0.37924,0.39805,0.41557,0.43309,0.44803,0.46041,0.47278,0.48263,0.48994,0.49726,0.50351,0.5087,0.51388,0.51968,0.52608,0.53248,0.54001,0.54866,0.55732,0.56627,0.57551,0.58476,0.59308,0.60048,0.60788,0.61382,0.61829,0.62276,0.62622,0.62866,0.6311,0.63337,0.63548,0.63758,0.63975,0.64198,0.6442,0.6456,0.64616,0.64672,0.64468,0.64004,0.6354,0.62617,0.61235,0.59853,0.57893,0.55355,0.52818,0.49846,0.4644,0.43033,0.3952,0.359,0.32281,0.28706,0.25175,0.21645,0.18393,0.1542,0.12448,0.098242,0.075499,0.052756,0.034036,0.019341,0.0046438,-0.0082092,-0.019218,-0.030227,-0.040694,-0.050619,-0.060545,-0.071441,-0.083307,-0.095174,-0.10844,-0.12311,-0.13778,-0.15471,-0.17389,-0.19308,-0.21161,-0.22947,-0.24734,-0.26344,-0.27777,-0.2921,-0.30453,-0.31506,-0.32559,-0.33566,-0.34529,-0.35491,-0.36227,-0.36738,-0.37249,-0.37913,-0.38729,-0.39546,-0.40102,-0.40397,-0.40693,-0.40623,-0.40188,-0.39752,-0.39021,-0.37994,-0.36966,-0.35979,-0.35033,-0.34086,-0.32789,-0.31142,-0.29495,-0.27806,-0.26075,-0.24344,-0.22596,-0.20832,-0.19067,-0.17422,-0.15898,-0.14373,-0.12647,-0.1072,-0.087921,-0.067478,-0.045871,-0.024264,-0.0034539,0.016564,0.036578,0.052931,0.065629,0.078322,0.085155,0.086127,0.087097,0.083019,0.073891,0.06476,0.054775,0.043934,0.019583,0,0,0,0,0,0,0,0,0,0,0,0,0,-0.022519,-0.025835,-0.029212,-0.032648,-0.036084,-0.03856,-0.040072,-0.041584,-0.035236,-0.021027,0,0,0,0,0,0,0,0,0,0,0,0,0,0,0,0,0,0,0,0,0,0,0,0,0,0,0,0,0,0,0,0,0,0,0,0,0,0,0,0,0,0,0,0,0,0,0,0,0,0,0,0,0,0,0,0,0,0,0,0,0,0,0,0,0,0,0,0,0,0,0,0,0,0,0,0,0,0,0,0,0.086367,0.11568,0.15709,0.2106,0.2641,0.32922,0.406,0.48278,0.56217,0.6442,0.72623,0.80079,0.86788,0.93498,0.99453,1.0465,1.0985,1.1419,1.1766,1.2113,1.2408,1.2651,1.2894,1.3019,1.3026,1.3033,1.3002,1.2933,1.2863,1.2651,1.2296,1.1942,1.156,1.1151,1.0741,1.0417,1.0176,0.99353,0.95871,0.91313,0.86755,0.82253,0.77806,0.73359,0.69413,0.65969,0.62524,0.58314,0.53338,0.48363,0.43134,0.37652,0.3217,0.26652,0.21099,0.15547,0.10102,0.047643,-0.0057383,-0.056321,-0.10409,-0.15185,-0.19506,-0.2337,-0.27235,-0.30517,-0.33217,-0.35917,-0.37997,-0.39456,-0.40915,-0.41844,-0.42244,-0.42644,-0.42694,-0.42395,-0.42096,-0.41622,-0.40974,-0.40325,-0.3957,-0.38708,-0.37846,-0.36783,-0.3552,-0.34257,-0.32682,-0.30794,-0.28906,-0.26793,-0.24454,-0.22115,-0.19849,-0.17658,-0.15466,-0.13694,-0.12342,-0.1099,-0.10197,-0.09963,-0.097296,-0.099143,-0.10517,-0.1112,-0.11878,-0.12791,-0.13704,-0.14591,-0.15451,-0.16311,-0.17132,-0.17914,-0.18697,-0.19552,-0.20482,-0.21411,-0.22519,-0.23806,-0.25093,-0.26544,-0.28159,-0.29774,-0.3139,-0.33007,-0.34624,-0.36023,-0.37206,-0.38388,-0.39232,-0.39738,-0.40244,-0.40411,-0.40237,-0.40063,-0.39574,-0.38769,-0.37964,-0.36834,-0.35379,-0.33924,-0.32133,-0.30006,-0.27878,-0.25466,-0.22767,-0.20069,-0.17216,-0.1421,-0.11202,-0.081926,-0.051797,-0.021664,0.00716,0.034679,0.062191,0.087566,0.11081,0.13406,0.15499,0.17363,0.19227,0.209,0.22381,0.23863,0.25118,0.26147,0.27175,0.27889,0.28289,0.28689,0.28743,0.28451,0.28159,0.27575,0.26701,0.25827,0.21159,0.12698,0.042342
0,0,0,0,0.052297,0.044509,0.042589,0.046539,0.050489,0.059261,0.072853,0.086447,0.10196,0.1194,0.13683,0.15355,0.16957,0.18558,0.19956,0.21149,0.22342,0.23344,0.24155,0.24967,0.25694,0.26337,0.26979,0.27591,0.28171,0.28751,0.29233,0.29616,0.29999,0.3014,0.30041,0.29941,0.29491,0.28692,0.27893,0.26758,0.25286,0.23814,0.22141,0.20266,0.18391,0.16476,0.14521,0.12566,0.1064,0.087423,0.068449,0.049052,0.029231,0.0094058,-0.012182,-0.035535,-0.05889,-0.084521,-0.11243,-0.14033,-0.16906,-0.19863,-0.22819,-0.25536,-0.28013,-0.3049,-0.32444,-0.33876,-0.35308,-0.36072,-0.36169,-0.36266,-0.36218,-0.36025,-0.35832,-0.35801,-0.35932,-0.36063,-0.36263,-0.36532,-0.36801,-0.37323,-0.38097,-0.38872,-0.39624,-0.40354,-0.41085,-0.41392,-0.41277,-0.41162,-0.4039,-0.3896,-0.3753,-0.35558,-0.33043,-0.30529,-0.2788,-0.25099,-0.22318,-0.19791,-0.17521,-0.1525,-0.13284,-0.1162,-0.099575,-0.083394,-0.067665,-0.051938,-0.03424,-0.014571,0.0050956,0.026731,0.050337,0.073941,0.097707,0.12163,0.14556,0.1683,0.18986,0.21143,0.23201,0.25163,0.27124,0.29073,0.3101,0.32947,0.34885,0.36823,0.38761,0.40602,0.42347,0.44092,0.45622,0.46938,0.48253,0.49338,0.50192,0.51045,0.51781,0.524,0.53018,0.53661,0.54328,0.54995,0.55736,0.5655,0.57364,0.58184,0.59009,0.59835,0.60563,0.61194,0.61825,0.62318,0.62672,0.63027,0.63292,0.63469,0.63646,0.63812,0.63969,0.64126,0.6428,0.64432,0.64583,0.64622,0.64548,0.64474,0.64103,0.63435,0.62766,0.61604,0.59948,0.58291,0.56066,0.53273,0.50479,0.4733,0.43826,0.40321,0.3672,0.33025,0.29329,0.25784,0.22389,0.18995,0.15901,0.13107,0.10314,0.078835,0.058167,0.037497,0.02015,0.0061308,-0.0078898,-0.019974,-0.030122,-0.040271,-0.050696,-0.061401,-0.072107,-0.083275,-0.094907,-0.10654,-0.11913,-0.13267,-0.14622,-0.16145,-0.17836,-0.19526,-0.21109,-0.22583,-0.24058,-0.25458,-0.26784,-0.28109,-0.29224,-0.30127,-0.31029,-0.31975,-0.32964,-0.33952,-0.34761,-0.3539,-0.36019,-0.36804,-0.37744,-0.38684,-0.39371,-0.39804,-0.40237,-0.40306,-0.40012,-0.39717,-0.391,-0.38161,-0.37222,-0.36201,-0.35096,-0.33991,-0.32604,-0.30936,-0.29267,-0.27534,-0.25737,-0.2394,-0.22146,-0.20353,-0.1856,-0.16892,-0.15346,-0.138,-0.12069,-0.10151,-0.082337,-0.062258,-0.041278,-0.020294,0.00015975,0.020084,0.040008,0.056931,0.070853,0.084773,0.093019,0.095591,0.09816,0.09492,0.085865,0.076809,0.066877,0.056061,0.045243,0,0,0,0,0,0,0,0,0,0,0,0,0,-0.021966,-0.024243,-0.026789,-0.029604,-0.03242,-0.033813,-0.033784,-0.033754,-0.027969,-0.016428,0,0,0,0,0,0,0,0,0,0,0,0,0,0,0,0,0,0,0,0,0,0,0,0,0,0,0,0,0,0,0,0,0,0,0,0,0,0,0,0,0,0,0,0,0,0,0,0,0,0,0,0,0,0,0,0,0,0,0,0,0,0,0,0,0,0,0,0,0,0,0,0,0,0,0,0,0,0,0,0,0.075448,0.10879,0.1512,0.20266,0.2541,0.31857,0.3961,0.47361,0.55437,0.63841,0.72246,0.79533,0.85704,0.91876,0.97589,1.0284,1.081,1.1249,1.1601,1.1954,1.2257,1.2511,1.2764,1.2938,1.3031,1.3124,1.3138,1.3073,1.3007,1.2793,1.2429,1.2065,1.1671,1.1247,1.0823,1.0485,1.0233,0.99813,0.96219,0.9155,0.86881,0.82232,0.77601,0.72971,0.6863,0.64581,0.60531,0.56184,0.5154,0.46897,0.41852,0.36405,0.30959,0.25521,0.20091,0.14662,0.093242,0.04078,-0.011687,-0.061661,-0.10913,-0.15659,-0.19931,-0.23729,-0.27526,-0.30733,-0.3335,-0.35966,-0.37993,-0.3943,-0.40867,-0.41807,-0.42252,-0.42696,-0.42819,-0.42619,-0.42419,-0.42034,-0.41461,-0.40889,-0.40156,-0.3926,-0.38364,-0.37225,-0.35842,-0.34459,-0.32765,-0.30759,-0.28753,-0.26547,-0.24143,-0.21738,-0.19446,-0.17268,-0.1509,-0.13356,-0.12066,-0.10776,-0.10028,-0.09824,-0.096198,-0.097878,-0.10328,-0.10868,-0.11534,-0.12325,-0.13117,-0.13898,-0.1467,-0.15441,-0.16223,-0.17016,-0.17809,-0.18723,-0.19759,-0.20794,-0.22028,-0.23458,-0.24889,-0.26461,-0.28176,-0.2989,-0.31558,-0.33177,-0.34798,-0.36158,-0.37257,-0.38356,-0.39104,-0.39501,-0.39897,-0.39971,-0.39723,-0.39475,-0.38943,-0.38127,-0.37312,-0.36195,-0.34778,-0.33361,-0.31611,-0.29528,-0.27446,-0.2507,-0.224,-0.19731,-0.16897,-0.13898,-0.10899,-0.078953,-0.048852,-0.018746,0.010103,0.037695,0.065282,0.090793,0.11423,0.13767,0.15888,0.17786,0.19684,0.21379,0.22872,0.24364,0.25639,0.26697,0.27754,0.2854,0.29055,0.29569,0.29711,0.29481,0.2925,0.28808,0.28155,0.27502,0.22648,0.13591,0.045323
0,0,0,0,0.048944,0.041055,0.039035,0.042885,0.046736,0.055652,0.069635,0.083619,0.099511,0.11732,0.13512,0.15222,0.16863,0.18503,0.19955,0.21219,0.22482,0.23574,0.24493,0.25412,0.26261,0.27037,0.27814,0.28539,0.29211,0.29883,0.30416,0.30811,0.31206,0.31311,0.31126,0.30941,0.30377,0.29432,0.28487,0.27211,0.25603,0.23994,0.22222,0.20286,0.1835,0.16413,0.14473,0.12533,0.10635,0.087791,0.069231,0.050039,0.030213,0.010385,-0.011583,-0.035691,-0.059801,-0.086381,-0.11543,-0.14448,-0.17414,-0.20441,-0.23469,-0.26209,-0.28662,-0.31115,-0.33012,-0.34351,-0.35691,-0.36264,-0.36072,-0.35879,-0.35652,-0.35391,-0.3513,-0.35161,-0.35483,-0.35806,-0.36121,-0.36427,-0.36733,-0.37318,-0.38183,-0.39047,-0.3989,-0.40712,-0.41534,-0.41899,-0.41808,-0.41716,-0.40904,-0.39372,-0.3784,-0.35712,-0.32989,-0.30265,-0.2742,-0.24454,-0.21489,-0.18867,-0.16591,-0.14315,-0.1244,-0.10967,-0.094939,-0.080834,-0.067356,-0.05388,-0.037734,-0.018921,-0.00010802,0.021603,0.046217,0.070832,0.09615,0.12218,0.14821,0.17296,0.19644,0.21992,0.24182,0.26213,0.28244,0.30205,0.32095,0.33985,0.35863,0.3773,0.39597,0.414,0.43138,0.44876,0.46441,0.47835,0.49228,0.50412,0.51389,0.52365,0.53212,0.5393,0.54648,0.55354,0.56048,0.56742,0.5747,0.58233,0.58996,0.59741,0.60468,0.61194,0.61818,0.6234,0.62862,0.63254,0.63515,0.63777,0.63962,0.64072,0.64181,0.64287,0.64391,0.64495,0.64586,0.64666,0.64746,0.64684,0.6448,0.64277,0.63739,0.62866,0.61993,0.60591,0.58661,0.5673,0.5424,0.51191,0.48141,0.44815,0.41212,0.37608,0.33921,0.30149,0.26378,0.22863,0.19604,0.16345,0.13408,0.10794,0.081798,0.059429,0.040833,0.022237,0.0062655,-0.0070794,-0.020424,-0.031739,-0.041026,-0.050313,-0.060698,-0.072183,-0.083669,-0.09511,-0.10651,-0.1179,-0.12981,-0.14224,-0.15466,-0.16819,-0.18282,-0.19745,-0.21058,-0.2222,-0.23382,-0.24572,-0.2579,-0.27009,-0.27995,-0.28747,-0.295,-0.30384,-0.31399,-0.32413,-0.33295,-0.34042,-0.34789,-0.35695,-0.36758,-0.37822,-0.38639,-0.39211,-0.39782,-0.3999,-0.39835,-0.3968,-0.39178,-0.38328,-0.37478,-0.36422,-0.35159,-0.33895,-0.32419,-0.30729,-0.2904,-0.27263,-0.254,-0.23537,-0.21695,-0.19874,-0.18054,-0.16361,-0.14794,-0.13228,-0.11491,-0.095832,-0.076754,-0.057036,-0.036681,-0.016324,0.0037709,0.023604,0.043438,0.060931,0.076076,0.09122,0.10088,0.10505,0.10922,0.10682,0.097839,0.088858,0.078973,0.068183,0.05739,0,0,0,0,0,0,0,0,0,0,0,0,0,-0.021412,-0.022648,-0.024363,-0.026558,-0.028754,-0.029067,-0.027495,-0.025923,-0.020701,-0.011828,0,0,0,0,0,0,0,0,0,0,0,0,0,0,0,0,0,0,0,0,0,0,0,0,0,0,0,0,0,0,0,0,0,0,0,0,0,0,0,0,0,0,0,0,0,0,0,0,0,0,0,0,0,0,0,0,0,0,0,0,0,0,0,0,0,0,0,0,0,0,0,0,0,0,0,0,0,0,0,0,0.064534,0.10192,0.14531,0.1947,0.24409,0.3079,0.38616,0.46442,0.54655,0.6326,0.71866,0.78986,0.8462,0.90253,0.95723,1.0103,1.0634,1.1079,1.1437,1.1796,1.2107,1.2371,1.2635,1.2857,1.3036,1.3216,1.3275,1.3213,1.3151,1.2934,1.2561,1.2189,1.1783,1.1343,1.0904,1.0553,1.029,1.0027,0.96568,0.91788,0.87007,0.8221,0.77397,0.72583,0.67848,0.63194,0.58539,0.54056,0.49743,0.45431,0.4057,0.35159,0.29748,0.24389,0.19083,0.13778,0.085474,0.033924,-0.017634,-0.067005,-0.11417,-0.16134,-0.20356,-0.24087,-0.27817,-0.30949,-0.33482,-0.36015,-0.37989,-0.39404,-0.40818,-0.4177,-0.4226,-0.42749,-0.42944,-0.42843,-0.42743,-0.42445,-0.41949,-0.41454,-0.40741,-0.39812,-0.38883,-0.37667,-0.36164,-0.34661,-0.32848,-0.30723,-0.28599,-0.26302,-0.23832,-0.21361,-0.19043,-0.16879,-0.14714,-0.13018,-0.1179,-0.10562,-0.098602,-0.09685,-0.0951,-0.096613,-0.10139,-0.10616,-0.1119,-0.11859,-0.12529,-0.13205,-0.13888,-0.14571,-0.15314,-0.16117,-0.1692,-0.17893,-0.19036,-0.20178,-0.21536,-0.23111,-0.24685,-0.26378,-0.28192,-0.30006,-0.31725,-0.33348,-0.34971,-0.36292,-0.37308,-0.38325,-0.38976,-0.39263,-0.3955,-0.39532,-0.3921,-0.38887,-0.38313,-0.37486,-0.3666,-0.35557,-0.34177,-0.32797,-0.31089,-0.29051,-0.27013,-0.24674,-0.22034,-0.19393,-0.16577,-0.13587,-0.10596,-0.075978,-0.045903,-0.015825,0.013045,0.04071,0.068372,0.094017,0.11765,0.14128,0.16276,0.18208,0.2014,0.21858,0.23362,0.24865,0.2616,0.27247,0.28333,0.29191,0.29821,0.3045,0.3068,0.30511,0.30341,0.3004,0.29608,0.29176,0.24135,0.14484,0.048296
0,0,0,0,0.046166,0.038618,0.036746,0.040551,0.044358,0.053219,0.067136,0.081054,0.096964,0.11487,0.13277,0.15016,0.16705,0.18394,0.19911,0.21254,0.22598,0.23789,0.24826,0.25863,0.26832,0.2773,0.28629,0.2945,0.30192,0.30933,0.31491,0.31865,0.32238,0.3228,0.3199,0.317,0.31014,0.29931,0.28849,0.27452,0.25742,0.24031,0.22193,0.20228,0.18263,0.16322,0.14404,0.12487,0.1061,0.08772,0.069343,0.050088,0.029956,0.0098231,-0.012681,-0.037558,-0.062436,-0.089746,-0.11949,-0.14923,-0.17922,-0.20947,-0.23971,-0.26672,-0.2905,-0.31427,-0.33203,-0.34377,-0.35551,-0.3603,-0.35813,-0.35597,-0.35363,-0.3511,-0.34857,-0.34955,-0.35403,-0.35852,-0.3623,-0.36538,-0.36846,-0.37427,-0.38283,-0.39139,-0.39976,-0.40794,-0.41612,-0.41938,-0.41772,-0.41605,-0.40742,-0.39184,-0.37625,-0.35436,-0.32619,-0.29802,-0.26885,-0.2387,-0.20854,-0.18203,-0.15918,-0.13632,-0.11818,-0.10477,-0.09136,-0.078754,-0.066956,-0.055157,-0.040214,-0.022122,-0.0040307,0.017641,0.042898,0.068161,0.094604,0.12223,0.14986,0.17625,0.20139,0.22653,0.24967,0.2708,0.29193,0.31182,0.33047,0.34913,0.36748,0.38551,0.40355,0.42119,0.43842,0.45566,0.47159,0.48624,0.50088,0.51371,0.52474,0.53576,0.54543,0.55374,0.56205,0.56988,0.57721,0.58455,0.5918,0.59897,0.60614,0.61287,0.61916,0.62545,0.63068,0.63485,0.63901,0.64201,0.64382,0.64563,0.64684,0.64744,0.64804,0.64863,0.64921,0.64979,0.65004,0.64996,0.64988,0.64798,0.64428,0.64057,0.63311,0.62189,0.61067,0.594,0.57187,0.54975,0.52235,0.48969,0.45704,0.42231,0.38553,0.34875,0.31144,0.27362,0.23581,0.20121,0.16982,0.13843,0.11048,0.085965,0.061451,0.040577,0.023347,0.0061164,-0.0087592,-0.021279,-0.033799,-0.044556,-0.053552,-0.062548,-0.072654,-0.083872,-0.09509,-0.10627,-0.11742,-0.12857,-0.14016,-0.15217,-0.16418,-0.17671,-0.18976,-0.20281,-0.21372,-0.22249,-0.23125,-0.24047,-0.25015,-0.25982,-0.2681,-0.27496,-0.28183,-0.28983,-0.29897,-0.3081,-0.31713,-0.32605,-0.33497,-0.34516,-0.3566,-0.36803,-0.37669,-0.38258,-0.38846,-0.39116,-0.39068,-0.39019,-0.38618,-0.37864,-0.37111,-0.36092,-0.34807,-0.33523,-0.3206,-0.30417,-0.28775,-0.27053,-0.25251,-0.2345,-0.21607,-0.19724,-0.1784,-0.16068,-0.14407,-0.12747,-0.1094,-0.089883,-0.070361,-0.050778,-0.031138,-0.011497,0.0081173,0.027708,0.047299,0.064831,0.080304,0.095777,0.10606,0.11115,0.11623,0.11461,0.10626,0.097916,0.087881,0.076155,0.064427,0.024433,0.014244,0,0,0,0,0,0,0,0,0,0,0,-0.019092,-0.019533,-0.020294,-0.021374,-0.022456,-0.02166,-0.018985,-0.016311,-0.011938,-0.0058668,0.0011982,0,0,0,0,0,0,0,0,0,0,0,0,0,0,0,0,0,0,0,0,0,0,0,0,0,0,0,0,0,0,0,0,0,0,0,0,0,0,0,0,0,0,0,0,0,0,0,0,0,0,0,0,0,0,0,0,0,0,0,0,0,0,0,0,0,0,0,0,0,0,0,0,0,0,0,0,0,0,0,0.053621,0.089383,0.13041,0.17671,0.22301,0.28491,0.36246,0.44,0.52257,0.61019,0.69781,0.77057,0.82844,0.8863,0.94191,0.9953,1.0487,1.0933,1.1291,1.1648,1.1961,1.2231,1.25,1.2748,1.2975,1.3202,1.3288,1.3233,1.3177,1.2981,1.2645,1.2309,1.1932,1.1515,1.1098,1.0733,1.0419,1.0106,0.97017,0.92075,0.87132,0.82155,0.77144,0.72132,0.67108,0.6207,0.57032,0.52352,0.48028,0.43704,0.38915,0.33661,0.28406,0.23177,0.17976,0.12775,0.076477,0.025953,-0.024573,-0.073057,-0.11947,-0.16588,-0.20733,-0.24381,-0.2803,-0.31083,-0.3354,-0.35996,-0.3792,-0.39311,-0.40702,-0.41664,-0.42197,-0.4273,-0.42986,-0.42966,-0.42945,-0.42714,-0.42271,-0.41827,-0.41123,-0.40158,-0.39193,-0.37908,-0.36304,-0.34701,-0.32789,-0.30571,-0.28352,-0.25989,-0.23484,-0.20978,-0.1866,-0.1653,-0.144,-0.12747,-0.11573,-0.10398,-0.097232,-0.095474,-0.093716,-0.094816,-0.098774,-0.10273,-0.10745,-0.11294,-0.11842,-0.12417,-0.1302,-0.13622,-0.14335,-0.15158,-0.15981,-0.17018,-0.18268,-0.19519,-0.20994,-0.22692,-0.24391,-0.26185,-0.28074,-0.29963,-0.31719,-0.3334,-0.34962,-0.36255,-0.37218,-0.38181,-0.38776,-0.39004,-0.39233,-0.39167,-0.38808,-0.38449,-0.37852,-0.37018,-0.36183,-0.35082,-0.33715,-0.32347,-0.30653,-0.28632,-0.26611,-0.24285,-0.21654,-0.19023,-0.16215,-0.1323,-0.10245,-0.072556,-0.042618,-0.012679,0.016011,0.043449,0.070882,0.096357,0.11988,0.14341,0.1649,0.18435,0.20381,0.22119,0.23649,0.2518,0.26508,0.27634,0.2876,0.29676,0.30382,0.31089,0.31379,0.31253,0.31127,0.3079,0.30242,0.29695,0.24519,0.14714,0.049067
0,0,0,0,0.043962,0.037198,0.035723,0.039538,0.043354,0.05196,0.065356,0.078754,0.094318,0.11205,0.12978,0.14738,0.16485,0.18232,0.19822,0.21256,0.22691,0.2399,0.25155,0.2632,0.27407,0.28416,0.29425,0.30324,0.31114,0.31903,0.32457,0.32776,0.33095,0.33047,0.32632,0.32217,0.31403,0.3019,0.28977,0.27482,0.25704,0.23925,0.22055,0.20092,0.18129,0.16204,0.14317,0.12429,0.10564,0.087215,0.068789,0.049203,0.028463,0.0077215,-0.015478,-0.041135,-0.066794,-0.094616,-0.1246,-0.15459,-0.18432,-0.2138,-0.24327,-0.26926,-0.29176,-0.31426,-0.33019,-0.33954,-0.34888,-0.35368,-0.35394,-0.3542,-0.35349,-0.35181,-0.35013,-0.35183,-0.35692,-0.36201,-0.36592,-0.36865,-0.37138,-0.37649,-0.38398,-0.39147,-0.39881,-0.406,-0.41319,-0.41509,-0.41169,-0.40829,-0.39904,-0.38393,-0.36883,-0.3473,-0.31935,-0.2914,-0.26276,-0.23345,-0.20414,-0.17799,-0.155,-0.13201,-0.11418,-0.10151,-0.088838,-0.077156,-0.066465,-0.055774,-0.041678,-0.02418,-0.0066836,0.014835,0.040379,0.065929,0.093064,0.12179,0.15052,0.17816,0.20471,0.23125,0.25556,0.27763,0.29969,0.32004,0.33868,0.35731,0.37538,0.39286,0.41034,0.42759,0.4446,0.46162,0.47777,0.49306,0.50834,0.52214,0.53447,0.5468,0.55776,0.56733,0.57691,0.58563,0.59349,0.60135,0.60866,0.61542,0.62219,0.62823,0.63355,0.63887,0.64311,0.64627,0.64944,0.65158,0.65272,0.65385,0.65456,0.65485,0.65513,0.65538,0.65558,0.65578,0.65533,0.65421,0.6531,0.64966,0.6439,0.63815,0.62819,0.61404,0.59989,0.5803,0.55527,0.53025,0.50052,0.4661,0.43167,0.3958,0.3585,0.32119,0.2839,0.24664,0.20938,0.17558,0.14524,0.1149,0.088198,0.065144,0.042091,0.022279,0.0057098,-0.010861,-0.024919,-0.036466,-0.048014,-0.058424,-0.067699,-0.076975,-0.086564,-0.096467,-0.10637,-0.11677,-0.12766,-0.13856,-0.15015,-0.16246,-0.17476,-0.187,-0.19917,-0.21134,-0.22052,-0.2267,-0.23288,-0.23884,-0.24457,-0.25031,-0.25669,-0.26374,-0.27077,-0.27772,-0.28457,-0.29143,-0.30017,-0.3108,-0.32143,-0.33266,-0.34447,-0.35627,-0.3646,-0.36945,-0.3743,-0.37685,-0.37709,-0.37733,-0.3742,-0.3677,-0.3612,-0.3521,-0.34042,-0.32874,-0.31526,-0.3,-0.28473,-0.26904,-0.25291,-0.23678,-0.21881,-0.199,-0.17918,-0.16013,-0.14185,-0.12357,-0.10418,-0.083668,-0.06316,-0.043487,-0.024654,-0.0058173,0.013198,0.032393,0.051589,0.068637,0.08354,0.098442,0.10855,0.11387,0.11919,0.11828,0.11113,0.10399,0.093605,0.079983,0.066359,0.049103,0.028215,0.0032702,0,0,0,0,0,0,0,0,0,0,-0.015006,-0.014897,-0.014579,-0.014053,-0.013526,-0.011594,-0.008256,-0.0049177,-0.0016811,0.0014538,0.0045879,0,0,0,0,0,0,0,0,0,0,0,0,0,0,0,0,0,0,0,0,0,0,0,0,0,0,0,0,0,0,0,0,0,0,0,0,0,0,0,0,0,0,0,0,0,0,0,0,0,0,0,0,0,0,0,0,0,0,0,0,0,0,0,0,0,0,0,0,0,0,0,0,0,0,0,0,0,0,0,0.042703,0.071186,0.10652,0.1487,0.19088,0.24964,0.325,0.40036,0.48242,0.57118,0.65995,0.73748,0.80377,0.87006,0.92994,0.98342,1.0369,1.0811,1.1161,1.1511,1.1821,1.2089,1.2358,1.261,1.2847,1.3083,1.3178,1.3132,1.3086,1.2935,1.268,1.2425,1.2119,1.1761,1.1404,1.1024,1.062,1.0216,0.97566,0.92411,0.87255,0.82066,0.76843,0.7162,0.66409,0.61209,0.56011,0.51073,0.46393,0.41715,0.36888,0.31912,0.26935,0.21887,0.1677,0.11653,0.066254,0.016874,-0.032501,-0.079808,-0.12502,-0.17023,-0.2106,-0.24613,-0.28165,-0.31135,-0.33522,-0.35908,-0.37785,-0.39152,-0.40519,-0.4149,-0.42064,-0.42638,-0.42946,-0.42987,-0.43028,-0.42841,-0.42426,-0.4201,-0.41301,-0.40298,-0.39294,-0.3795,-0.36264,-0.34578,-0.3259,-0.303,-0.28011,-0.2561,-0.23099,-0.20588,-0.18295,-0.16221,-0.14146,-0.12544,-0.11415,-0.10286,-0.096178,-0.094112,-0.092047,-0.092489,-0.095438,-0.098388,-0.102,-0.10628,-0.11056,-0.11535,-0.12065,-0.12595,-0.13286,-0.14139,-0.14991,-0.16097,-0.17457,-0.18817,-0.20399,-0.22203,-0.24008,-0.2588,-0.27821,-0.29761,-0.31539,-0.33155,-0.34771,-0.36048,-0.36987,-0.37925,-0.38504,-0.38725,-0.38945,-0.38876,-0.38519,-0.38162,-0.37563,-0.36723,-0.35883,-0.34772,-0.33391,-0.3201,-0.30304,-0.28272,-0.2624,-0.23904,-0.21262,-0.18621,-0.1581,-0.12827,-0.098444,-0.068686,-0.038996,-0.0093021,0.018999,0.045903,0.072805,0.097811,0.12092,0.14404,0.16529,0.18467,0.20406,0.22162,0.23735,0.25308,0.26683,0.27858,0.29034,0.29994,0.3074,0.31486,0.31808,0.31707,0.31606,0.31057,0.30058,0.2906,0.23803,0.14284,0.047634
0,0,0,0,0.041759,0.035778,0.034699,0.038524,0.04235,0.050701,0.063577,0.076453,0.09167,0.10923,0.12679,0.14459,0.16264,0.18069,0.19734,0.21258,0.22783,0.24191,0.25484,0.26776,0.27982,0.29101,0.3022,0.31198,0.32036,0.32873,0.33424,0.33688,0.33952,0.33814,0.33273,0.32733,0.31792,0.30449,0.29106,0.27512,0.25666,0.2382,0.21916,0.19955,0.17995,0.16086,0.14229,0.12372,0.10519,0.086712,0.068232,0.048317,0.026967,0.0056172,-0.018277,-0.044714,-0.071151,-0.099485,-0.12972,-0.15995,-0.18941,-0.21812,-0.24683,-0.2718,-0.29303,-0.31425,-0.32835,-0.3353,-0.34226,-0.34707,-0.34975,-0.35242,-0.35335,-0.35252,-0.35169,-0.35412,-0.35981,-0.3655,-0.36954,-0.37192,-0.3743,-0.3787,-0.38512,-0.39154,-0.39785,-0.40405,-0.41026,-0.41079,-0.40566,-0.40053,-0.39066,-0.37603,-0.36141,-0.34024,-0.31251,-0.28478,-0.25667,-0.22821,-0.19975,-0.17395,-0.15082,-0.1277,-0.11017,-0.098243,-0.086316,-0.075558,-0.065972,-0.056387,-0.043144,-0.026243,-0.0093396,0.012028,0.037862,0.063698,0.091524,0.12135,0.15118,0.18007,0.20802,0.23597,0.26145,0.28445,0.30745,0.32826,0.34688,0.3655,0.38327,0.4002,0.41713,0.43399,0.45079,0.46759,0.48395,0.49987,0.5158,0.53057,0.54421,0.55784,0.57008,0.58092,0.59176,0.60138,0.60977,0.61815,0.62552,0.63188,0.63823,0.64358,0.64794,0.65229,0.65555,0.6577,0.65986,0.66116,0.66162,0.66208,0.66229,0.66226,0.66223,0.66213,0.66196,0.66178,0.66062,0.65847,0.65632,0.65134,0.64353,0.63572,0.62328,0.60619,0.5891,0.5666,0.53868,0.51075,0.4787,0.4425,0.4063,0.36929,0.33147,0.29364,0.25637,0.21966,0.18295,0.14995,0.12065,0.091359,0.065918,0.044324,0.022733,0.0039822,-0.011927,-0.027836,-0.041079,-0.051654,-0.062228,-0.072292,-0.081846,-0.091402,-0.10047,-0.10906,-0.11765,-0.12726,-0.1379,-0.14854,-0.16016,-0.17275,-0.18535,-0.19729,-0.20858,-0.21987,-0.22732,-0.23091,-0.23451,-0.2372,-0.239,-0.24079,-0.24529,-0.25251,-0.25972,-0.26561,-0.27018,-0.27475,-0.28321,-0.29555,-0.3079,-0.32015,-0.33233,-0.34451,-0.35251,-0.35633,-0.36014,-0.36254,-0.36351,-0.36448,-0.36222,-0.35676,-0.35129,-0.34329,-0.33277,-0.32224,-0.30993,-0.29582,-0.28172,-0.26755,-0.25331,-0.23907,-0.22155,-0.20075,-0.17995,-0.15958,-0.13963,-0.11968,-0.098953,-0.077456,-0.05596,-0.036199,-0.01817,-0.00013613,0.018279,0.037077,0.05588,0.072445,0.086775,0.10111,0.11105,0.1166,0.12215,0.12196,0.116,0.11005,0.099324,0.083809,0.06829,0.049575,0.027666,0.0057551,0,0,0,0,0,0,0,0,0,0,-0.010921,-0.010262,-0.0088659,-0.0067325,-0.0045991,-0.0015313,0.0024715,0.006474,0.0085753,0.0087746,0.0089722,0,0,0,0,0,0,0,0,0,0,0,0,0,0,0,0,0,0,0,0,0,0,0,0,0,0,0,0,0,0,0,0,0,0,0,0,0,0,0,0,0,0,0,0,0,0,0,0,0,0,0,0,0,0,0,0,0,0,0,0,0,0,0,0,0,0,0,0,0,0,0,0,0,0,0,0,0,0,0,0.018621,0.031045,0.082632,0.1207,0.15876,0.21437,0.28754,0.36071,0.44224,0.53216,0.62209,0.70441,0.77911,0.85383,0.91797,0.97153,1.0251,1.069,1.1032,1.1375,1.168,1.1948,1.2216,1.2473,1.2718,1.2964,1.3068,1.3031,1.2994,1.2888,1.2715,1.2541,1.2305,1.2008,1.1711,1.1315,1.0821,1.0327,0.98115,0.92747,0.87378,0.81976,0.76541,0.71107,0.6571,0.6035,0.5499,0.49793,0.44759,0.39726,0.3486,0.30162,0.25463,0.20597,0.15564,0.10531,0.056027,0.0077982,-0.040437,-0.086566,-0.13058,-0.17459,-0.21387,-0.24844,-0.283,-0.31187,-0.33504,-0.35821,-0.3765,-0.38993,-0.40336,-0.41315,-0.41931,-0.42546,-0.42905,-0.43008,-0.4311,-0.42968,-0.42581,-0.42193,-0.41479,-0.40437,-0.39396,-0.37991,-0.36223,-0.34455,-0.3239,-0.3003,-0.27669,-0.25231,-0.22714,-0.20198,-0.17931,-0.15911,-0.13893,-0.12341,-0.11257,-0.10173,-0.095123,-0.09275,-0.090378,-0.090162,-0.092103,-0.094044,-0.096554,-0.099632,-0.10271,-0.10653,-0.11111,-0.11568,-0.12237,-0.13119,-0.14001,-0.15176,-0.16646,-0.18115,-0.19804,-0.21715,-0.23625,-0.25576,-0.27567,-0.29559,-0.3136,-0.3297,-0.3458,-0.35841,-0.36755,-0.37669,-0.38232,-0.38445,-0.38657,-0.38586,-0.3823,-0.37874,-0.37273,-0.36428,-0.35582,-0.34462,-0.33068,-0.31674,-0.29955,-0.27912,-0.25868,-0.23521,-0.20871,-0.1822,-0.15405,-0.12424,-0.094441,-0.06482,-0.035374,-0.0059241,0.021987,0.048358,0.074727,0.099265,0.12197,0.14467,0.16568,0.185,0.20432,0.22205,0.23821,0.25437,0.26857,0.28083,0.29308,0.30313,0.31098,0.31883,0.32237,0.32161,0.32086,0.31323,0.29874,0.28425,0.23085,0.13853,0.046189
0,0,0,0,0.039092,0.034138,0.03362,0.03754,0.041461,0.049556,0.061826,0.074096,0.088979,0.10648,0.12398,0.14199,0.16052,0.17905,0.1964,0.21258,0.22876,0.24385,0.25786,0.27188,0.2849,0.29693,0.30895,0.31923,0.32776,0.33629,0.34154,0.34352,0.34549,0.34322,0.3367,0.33017,0.31973,0.30538,0.29102,0.27444,0.25564,0.23684,0.2177,0.19822,0.17874,0.15978,0.14131,0.12285,0.10419,0.085336,0.066479,0.045983,0.023846,0.0017069,-0.022861,-0.049857,-0.076854,-0.10528,-0.13515,-0.16502,-0.19362,-0.22094,-0.24827,-0.27182,-0.29157,-0.31131,-0.32451,-0.33116,-0.33781,-0.34296,-0.34661,-0.35027,-0.35293,-0.35461,-0.35629,-0.3598,-0.36516,-0.37052,-0.37405,-0.37575,-0.37745,-0.38057,-0.38512,-0.38967,-0.39418,-0.39865,-0.40312,-0.40229,-0.39616,-0.39004,-0.38021,-0.36668,-0.35315,-0.33313,-0.30661,-0.28009,-0.25286,-0.2249,-0.19694,-0.17142,-0.14833,-0.12524,-0.10789,-0.096291,-0.084686,-0.074296,-0.065119,-0.055945,-0.043155,-0.026745,-0.010331,0.010719,0.036405,0.06209,0.090087,0.1204,0.15071,0.18033,0.20927,0.23821,0.26464,0.28857,0.31251,0.33396,0.35293,0.3719,0.38977,0.40654,0.42331,0.44006,0.45681,0.47356,0.49019,0.50669,0.5232,0.53884,0.55361,0.56838,0.58175,0.59372,0.60569,0.61612,0.62501,0.6339,0.64135,0.64734,0.65334,0.65804,0.66147,0.66489,0.66721,0.66843,0.66965,0.67023,0.67016,0.67009,0.66994,0.66972,0.6695,0.66911,0.66853,0.66796,0.66596,0.66254,0.65913,0.65232,0.64213,0.63194,0.61678,0.59666,0.57653,0.55123,0.52076,0.49029,0.45639,0.41905,0.38172,0.34413,0.30628,0.26843,0.23154,0.19561,0.15969,0.1276,0.099344,0.071092,0.046698,0.026159,0.005624,-0.012391,-0.027883,-0.043377,-0.05627,-0.066559,-0.076848,-0.086753,-0.096276,-0.1058,-0.11453,-0.12248,-0.13043,-0.13961,-0.15003,-0.16045,-0.1717,-0.18376,-0.19583,-0.20644,-0.21561,-0.22478,-0.23066,-0.23325,-0.23583,-0.23665,-0.23571,-0.23477,-0.23711,-0.24274,-0.24837,-0.25303,-0.25673,-0.26042,-0.26838,-0.28059,-0.2928,-0.3051,-0.31749,-0.32989,-0.33813,-0.3422,-0.34628,-0.34902,-0.35043,-0.35185,-0.35024,-0.34561,-0.34098,-0.33399,-0.32463,-0.31528,-0.30414,-0.29121,-0.27828,-0.26507,-0.25155,-0.23804,-0.22074,-0.19965,-0.17856,-0.15747,-0.13638,-0.11528,-0.093854,-0.072091,-0.050327,-0.03038,-0.01225,0.0058826,0.023995,0.042088,0.060182,0.076081,0.089781,0.10348,0.11292,0.11811,0.1233,0.12301,0.11723,0.11146,0.10012,0.083222,0.06632,0.046768,0.02457,0.0023728,-0.007932,0,0,0,0,0,0,-0.010812,-0.0090677,-0.007642,-0.010976,-0.0094028,-0.0068889,-0.0034339,2.143e-05,0.0041958,0.0090905,0.013985,0.016312,0.016072,0.015829,0,0,0,0,0,0,0,0,0,0,0,0,0,0,0,0,0,0,0,0,0,0,0,0,0,0,0,0,0,0,0,0,0,0,0,0,0,0,0,0,0,0,0,0,0,0,0,0,0,0,0,0,0,0,0,0,0,0,0,0,0,0,0,0,0,0,0,0,0,0,0,0,0,0,0,0,0,0,0,0,0,0.063523,0.097363,0.13121,0.18409,0.25602,0.32795,0.40902,0.49925,0.58947,0.67442,0.7541,0.83377,0.90108,0.95602,1.011,1.0557,1.0903,1.1248,1.1554,1.182,1.2085,1.2342,1.2591,1.2839,1.2949,1.2919,1.2889,1.283,1.2743,1.2655,1.2478,1.2211,1.1945,1.1537,1.0987,1.0438,0.98832,0.93219,0.87606,0.81968,0.76305,0.70643,0.65042,0.59504,0.53965,0.48563,0.43298,0.38034,0.33111,0.28529,0.23946,0.19171,0.14205,0.092379,0.044035,-0.0029875,-0.05002,-0.094756,-0.13719,-0.17964,-0.21749,-0.25077,-0.28404,-0.31183,-0.33413,-0.35642,-0.37412,-0.38723,-0.40033,-0.41012,-0.4166,-0.42307,-0.42704,-0.42849,-0.42995,-0.42874,-0.42487,-0.421,-0.41365,-0.40282,-0.39198,-0.37744,-0.35919,-0.34093,-0.31987,-0.29598,-0.2721,-0.24775,-0.22294,-0.19814,-0.17599,-0.1565,-0.13701,-0.12197,-0.11141,-0.10084,-0.0941,-0.091182,-0.088265,-0.087233,-0.088088,-0.088943,-0.09038,-0.092398,-0.094417,-0.097449,-0.1015,-0.10554,-0.11212,-0.12122,-0.13032,-0.14264,-0.15817,-0.1737,-0.19138,-0.21122,-0.23105,-0.25104,-0.27119,-0.29133,-0.30942,-0.32544,-0.34146,-0.3541,-0.36335,-0.3726,-0.37849,-0.38103,-0.38357,-0.38324,-0.38003,-0.37682,-0.37096,-0.36247,-0.35397,-0.34258,-0.32828,-0.31399,-0.29645,-0.27564,-0.25483,-0.23108,-0.20438,-0.17769,-0.14947,-0.11974,-0.090018,-0.060632,-0.031578,-0.0025203,0.024895,0.050663,0.076428,0.10039,0.12255,0.1447,0.16537,0.18457,0.20378,0.22163,0.23814,0.25465,0.26922,0.28184,0.29446,0.30444,0.31179,0.31914,0.3224,0.32159,0.32078,0.31299,0.29821,0.28343,0.23004,0.13804,0.046024
0,0,0,0,0.035963,0.032278,0.032486,0.036586,0.040687,0.048527,0.060103,0.071681,0.086247,0.1038,0.12135,0.13958,0.15849,0.1774,0.19542,0.21255,0.22969,0.24572,0.26063,0.27554,0.2893,0.30191,0.31452,0.325,0.33336,0.34171,0.34649,0.34769,0.34888,0.34572,0.33821,0.33069,0.31947,0.30456,0.28965,0.27279,0.25398,0.23518,0.21616,0.19692,0.17768,0.15878,0.14023,0.12169,0.10264,0.083087,0.063534,0.042205,0.019101,-0.0040064,-0.029227,-0.056562,-0.083898,-0.11201,-0.14091,-0.1698,-0.19693,-0.22227,-0.24761,-0.26932,-0.28739,-0.30545,-0.3187,-0.32712,-0.33555,-0.34135,-0.34454,-0.34772,-0.35224,-0.35807,-0.36391,-0.36888,-0.37297,-0.37707,-0.37946,-0.38014,-0.38082,-0.3821,-0.38397,-0.38585,-0.38778,-0.38978,-0.39177,-0.38958,-0.38319,-0.37681,-0.3677,-0.35587,-0.34403,-0.32596,-0.30166,-0.27735,-0.25131,-0.22352,-0.19572,-0.17039,-0.14752,-0.12464,-0.10735,-0.095648,-0.083946,-0.073365,-0.063906,-0.054448,-0.041709,-0.025687,-0.0096634,0.010901,0.036005,0.061111,0.088756,0.11894,0.14912,0.17896,0.20845,0.23794,0.26513,0.28999,0.31486,0.33714,0.35684,0.37654,0.39488,0.41188,0.42887,0.4458,0.46267,0.47954,0.49649,0.51352,0.53055,0.54694,0.56268,0.57841,0.59276,0.60572,0.61868,0.62985,0.63923,0.6486,0.65613,0.66182,0.66751,0.67161,0.67413,0.67666,0.6781,0.67846,0.67882,0.67878,0.67833,0.67789,0.67752,0.67724,0.67695,0.67631,0.67531,0.67431,0.67136,0.66644,0.66153,0.65262,0.63971,0.62679,0.6087,0.58544,0.56217,0.5342,0.50152,0.46885,0.43359,0.39575,0.35791,0.32031,0.28294,0.24557,0.20943,0.17451,0.1396,0.10853,0.081309,0.054091,0.030538,0.010649,-0.0092378,-0.026841,-0.042163,-0.057485,-0.070493,-0.081182,-0.091873,-0.10181,-0.11099,-0.12017,-0.12874,-0.13672,-0.1447,-0.15381,-0.16406,-0.17431,-0.18478,-0.19549,-0.20619,-0.21445,-0.22026,-0.22607,-0.23055,-0.2337,-0.23685,-0.23719,-0.23471,-0.23223,-0.23214,-0.23443,-0.23673,-0.23999,-0.24422,-0.24845,-0.25568,-0.26592,-0.27617,-0.28751,-0.29996,-0.31241,-0.32145,-0.32708,-0.3327,-0.3363,-0.33788,-0.33945,-0.33824,-0.33426,-0.33028,-0.3242,-0.31602,-0.30784,-0.29789,-0.28616,-0.27444,-0.2616,-0.24764,-0.23369,-0.21637,-0.1957,-0.17502,-0.15382,-0.1321,-0.11039,-0.088881,-0.067569,-0.046257,-0.026034,-0.0068995,0.012236,0.030345,0.047424,0.064502,0.079547,0.092557,0.10557,0.11419,0.11841,0.12263,0.12144,0.11482,0.10821,0.096012,0.07823,0.060446,0.040681,0.018929,-0.0028228,-0.018662,-0.016006,-0.021281,-0.023313,-0.0221,-0.020889,-0.018777,-0.026579,-0.021826,-0.01802,-0.015168,-0.012316,-0.008644,-0.0041532,0.0003369,0.0055887,0.011603,0.017617,0.021531,0.023345,0.025159,0.015814,0.016198,0.016581,0.013978,0.0083867,0,0,0,0,0,0,0,0,0,0,0,0,0,0,0,0,0,0,0,0,0,0,0,0,0,0,0,0,0,0,0,0,0,0,0,0,0,0,0,0,0,0,0,0,0,0,0,0,0,0,0,0,0,0,0,0,0,0,0,0,0,0,0,0,0,0,0,0,0,0,0,0,0,0,0,0,0.028183,0.07872,0.10823,0.1588,0.23044,0.30209,0.38275,0.47242,0.56211,0.64753,0.7287,0.80987,0.87927,0.9369,0.99453,1.0413,1.0773,1.1132,1.1443,1.1704,1.1965,1.2218,1.2464,1.271,1.2821,1.2796,1.2771,1.276,1.2764,1.2768,1.2637,1.2372,1.2106,1.1689,1.112,1.0551,0.99718,0.93828,0.8794,0.82041,0.76134,0.70227,0.64405,0.5867,0.52935,0.47381,0.42011,0.36641,0.31641,0.27013,0.22385,0.17612,0.12693,0.077744,0.030274,-0.015485,-0.061249,-0.10438,-0.14488,-0.18538,-0.22146,-0.25312,-0.28476,-0.31122,-0.33248,-0.35373,-0.3707,-0.3834,-0.3961,-0.4058,-0.41251,-0.41921,-0.42342,-0.42512,-0.42682,-0.4256,-0.42146,-0.41732,-0.4096,-0.39831,-0.38702,-0.37209,-0.35352,-0.33494,-0.31379,-0.29006,-0.26632,-0.24243,-0.21839,-0.19435,-0.173,-0.15435,-0.1357,-0.12114,-0.11067,-0.1002,-0.093111,-0.089409,-0.085708,-0.083703,-0.083394,-0.083086,-0.083482,-0.084584,-0.085686,-0.088097,-0.091819,-0.095541,-0.10209,-0.11147,-0.12085,-0.1336,-0.14971,-0.16582,-0.18399,-0.20424,-0.22449,-0.24466,-0.26475,-0.28484,-0.30286,-0.31879,-0.33471,-0.34754,-0.35726,-0.36697,-0.37356,-0.377,-0.38044,-0.3809,-0.37837,-0.37584,-0.37032,-0.3618,-0.35328,-0.34159,-0.32673,-0.31187,-0.29373,-0.27229,-0.25085,-0.22663,-0.19965,-0.17267,-0.14438,-0.11478,-0.085181,-0.056122,-0.027604,0.0009163,0.027723,0.052814,0.077903,0.10118,0.12266,0.14413,0.16438,0.18341,0.20244,0.22035,0.23714,0.25393,0.26876,0.28163,0.29449,0.30389,0.30984,0.31579,0.31818,0.31701,0.31585,0.30984,0.29899,0.28813,0.2356,0.14138,0.047144
0,0,0,0,0.032834,0.030419,0.031352,0.035632,0.039913,0.047497,0.058382,0.069267,0.083513,0.10112,0.11873,0.13717,0.15646,0.17575,0.19444,0.21253,0.23063,0.24758,0.26339,0.27921,0.29371,0.30689,0.32008,0.33076,0.33895,0.34713,0.35143,0.35185,0.35227,0.34822,0.33971,0.3312,0.31922,0.30375,0.28827,0.27114,0.25233,0.23352,0.21462,0.19561,0.17661,0.15779,0.13916,0.12053,0.10109,0.080837,0.060587,0.038426,0.014353,-0.0097219,-0.035595,-0.063267,-0.09094,-0.11874,-0.14666,-0.17459,-0.20023,-0.22359,-0.24694,-0.26682,-0.28321,-0.2996,-0.31289,-0.32309,-0.33328,-0.33974,-0.34246,-0.34518,-0.35154,-0.36154,-0.37153,-0.37795,-0.38078,-0.38362,-0.38486,-0.38453,-0.38419,-0.38362,-0.38282,-0.38203,-0.38139,-0.38091,-0.38043,-0.37686,-0.37022,-0.36358,-0.35519,-0.34505,-0.33491,-0.3188,-0.29671,-0.27461,-0.24976,-0.22214,-0.19451,-0.16937,-0.1467,-0.12404,-0.10681,-0.095006,-0.083206,-0.072434,-0.062693,-0.052953,-0.040266,-0.024632,-0.0089967,0.011082,0.035603,0.060131,0.087423,0.11747,0.14752,0.17758,0.20763,0.23768,0.26561,0.29141,0.31721,0.34033,0.36075,0.38117,0.39999,0.41721,0.43443,0.45154,0.46853,0.48552,0.50279,0.52035,0.53791,0.55504,0.57174,0.58844,0.60377,0.61772,0.63167,0.64358,0.65344,0.6633,0.67092,0.6763,0.68167,0.68518,0.6868,0.68842,0.68899,0.68849,0.68799,0.68733,0.68651,0.68569,0.6851,0.68475,0.6844,0.68351,0.68209,0.68067,0.67675,0.67034,0.66393,0.65291,0.63728,0.62165,0.60063,0.57422,0.54781,0.51716,0.48229,0.44741,0.4108,0.37245,0.3341,0.29649,0.2596,0.22272,0.18732,0.15342,0.11951,0.08946,0.063276,0.03709,0.014377,-0.0048619,-0.024099,-0.041291,-0.056441,-0.071593,-0.084714,-0.095805,-0.1069,-0.11686,-0.12569,-0.13453,-0.14295,-0.15096,-0.15897,-0.16801,-0.17808,-0.18816,-0.19787,-0.20721,-0.21656,-0.22245,-0.2249,-0.22735,-0.23044,-0.23415,-0.23787,-0.23772,-0.23371,-0.2297,-0.22717,-0.22613,-0.22509,-0.22695,-0.23171,-0.23646,-0.24298,-0.25126,-0.25954,-0.26993,-0.28243,-0.29493,-0.30477,-0.31195,-0.31913,-0.32358,-0.32532,-0.32705,-0.32625,-0.32292,-0.31958,-0.31441,-0.30741,-0.3004,-0.29164,-0.28112,-0.2706,-0.25814,-0.24373,-0.22933,-0.212,-0.19174,-0.17147,-0.15017,-0.12783,-0.1055,-0.083903,-0.063045,-0.042188,-0.02169,-0.0015508,0.018589,0.036694,0.052758,0.068822,0.083014,0.095334,0.10765,0.11545,0.11871,0.12197,0.11987,0.11241,0.10495,0.091898,0.073237,0.054576,0.034594,0.013289,-0.0080154,-0.024257,-0.035432,-0.046606,-0.051397,-0.049804,-0.048212,-0.043772,-0.036489,-0.029206,-0.023494,-0.019361,-0.015228,-0.0104,-0.0048759,0.0006485,0.0069788,0.014112,0.021244,0.026746,0.030616,0.034486,0.036523,0.036728,0.036932,0.030863,0.01852,0,0,0,0,0,0,0,0,0,0,0,0,0,0,0,0,0,0,0,0,0,0,0,0,0,0,0,0,0,0,0,0,0,0,0,0,0,0,0,0,0,0,0,0,0,0,0,0,0,0,0,0,0,0,0,0,0,0,0,0,0,0,0,0,0,0,0,0,0,0,0,0,0,0,0,0,0,0.034702,0.085246,0.13349,0.20485,0.27622,0.35646,0.4456,0.53474,0.62065,0.70331,0.78597,0.85746,0.91778,0.97811,1.0269,1.0643,1.1016,1.1331,1.1588,1.1845,1.2095,1.2338,1.2581,1.2693,1.2673,1.2653,1.2691,1.2785,1.288,1.2796,1.2532,1.2268,1.1841,1.1252,1.0663,1.006,0.94439,0.88272,0.82114,0.75962,0.6981,0.63768,0.57836,0.51905,0.46201,0.40724,0.35247,0.30171,0.25497,0.20824,0.16052,0.11181,0.063106,0.016509,-0.027979,-0.072471,-0.114,-0.15256,-0.19114,-0.22544,-0.25546,-0.28549,-0.31062,-0.33083,-0.35104,-0.36729,-0.37958,-0.39187,-0.40148,-0.40841,-0.41535,-0.41979,-0.42174,-0.42369,-0.42246,-0.41805,-0.41363,-0.40555,-0.3938,-0.38205,-0.36674,-0.34784,-0.32895,-0.30771,-0.28413,-0.26055,-0.23711,-0.21384,-0.19056,-0.17001,-0.1522,-0.13439,-0.1203,-0.10993,-0.099552,-0.092122,-0.087636,-0.083151,-0.080173,-0.078701,-0.077229,-0.076586,-0.07677,-0.076954,-0.078745,-0.082142,-0.085538,-0.092067,-0.10173,-0.11138,-0.12455,-0.14125,-0.15794,-0.17661,-0.19727,-0.21792,-0.23827,-0.25831,-0.27836,-0.29629,-0.31213,-0.32797,-0.34098,-0.35117,-0.36135,-0.36862,-0.37297,-0.37732,-0.37857,-0.37672,-0.37487,-0.36967,-0.36113,-0.35259,-0.34061,-0.32518,-0.30975,-0.29101,-0.26893,-0.24686,-0.22219,-0.19492,-0.16765,-0.13929,-0.10982,-0.080348,-0.051623,-0.023637,0.0043528,0.030553,0.054964,0.079375,0.10198,0.12277,0.14356,0.16339,0.18225,0.20111,0.21908,0.23615,0.25322,0.2683,0.28141,0.29451,0.30334,0.30789,0.31244,0.31395,0.31244,0.31092,0.30669,0.29976,0.29283,0.24116,0.14472,0.048258
0,0,0,0,0.031237,0.028956,0.029849,0.033916,0.037984,0.045432,0.05626,0.067087,0.081336,0.099006,0.11668,0.13534,0.15499,0.17465,0.19388,0.21269,0.2315,0.24916,0.26567,0.28218,0.29714,0.31053,0.32393,0.33453,0.34233,0.35013,0.35386,0.35352,0.35318,0.34843,0.33928,0.33012,0.31772,0.30207,0.28641,0.26928,0.25066,0.23205,0.21331,0.19444,0.17557,0.15663,0.13764,0.11864,0.098568,0.077423,0.056278,0.033234,0.0082907,-0.016654,-0.042961,-0.07063,-0.0983,-0.12542,-0.15198,-0.17855,-0.20243,-0.22361,-0.24478,-0.26276,-0.27754,-0.29232,-0.30529,-0.31646,-0.32762,-0.33539,-0.33976,-0.34413,-0.35233,-0.36436,-0.37639,-0.38368,-0.38623,-0.38878,-0.38926,-0.38768,-0.3861,-0.38351,-0.37989,-0.37627,-0.37296,-0.36995,-0.36694,-0.36229,-0.35599,-0.34968,-0.34206,-0.33313,-0.3242,-0.30997,-0.29044,-0.27091,-0.24773,-0.22089,-0.19406,-0.16944,-0.14703,-0.12464,-0.10724,-0.094834,-0.082428,-0.071079,-0.060785,-0.050491,-0.037721,-0.022475,-0.0072283,0.012199,0.035806,0.059418,0.08596,0.11543,0.1449,0.17477,0.20504,0.23531,0.26378,0.29045,0.31712,0.34115,0.36252,0.3839,0.4035,0.42133,0.43916,0.45675,0.47411,0.49146,0.50917,0.52724,0.54531,0.56308,0.58056,0.59804,0.61413,0.62884,0.64355,0.656,0.6662,0.67639,0.68401,0.68906,0.69411,0.69706,0.69792,0.69878,0.69865,0.69754,0.69644,0.6954,0.69443,0.69345,0.69276,0.69235,0.69193,0.69069,0.68861,0.68653,0.68141,0.67324,0.66507,0.65184,0.63354,0.61525,0.59162,0.56266,0.53369,0.50108,0.46483,0.42858,0.39127,0.35291,0.31455,0.27703,0.24035,0.20367,0.16886,0.1359,0.10294,0.073653,0.048041,0.02243,0.00025031,-0.018497,-0.037242,-0.054174,-0.069293,-0.084412,-0.097628,-0.10894,-0.12025,-0.1301,-0.13849,-0.14688,-0.15523,-0.16354,-0.17184,-0.18078,-0.19034,-0.19991,-0.20876,-0.21691,-0.22506,-0.22938,-0.22987,-0.23036,-0.23202,-0.23484,-0.23767,-0.23659,-0.2316,-0.2266,-0.22266,-0.21975,-0.21684,-0.21773,-0.2224,-0.22708,-0.23317,-0.24068,-0.24819,-0.25799,-0.27008,-0.28217,-0.29213,-0.29995,-0.30777,-0.31262,-0.3145,-0.31637,-0.31583,-0.31288,-0.30993,-0.30527,-0.29889,-0.2925,-0.28408,-0.27362,-0.26316,-0.25079,-0.23649,-0.2222,-0.20524,-0.18563,-0.16601,-0.14521,-0.12324,-0.10126,-0.079662,-0.058438,-0.037212,-0.016525,0.0036284,0.023781,0.041594,0.057072,0.072549,0.085942,0.097251,0.10856,0.11528,0.11741,0.11954,0.11629,0.10767,0.099039,0.085274,0.066371,0.047469,0.027783,0.0073166,-0.013147,-0.029237,-0.040947,-0.052656,-0.058462,-0.058362,-0.05826,-0.054418,-0.046839,-0.039257,-0.032963,-0.027962,-0.022963,-0.017256,-0.010844,-0.0044283,0.0030466,0.01158,0.020114,0.027322,0.033203,0.039082,0.041955,0.041819,0.041683,0.035519,0.023327,0,0,0,0,0,0,0,0,0,0,0,0,0,0,0,0,0,0,0,0,0,0,0,0,0,0,0,0,0,0,0,0,0,0,0,0,0,0,0,0,0,0,0,0,0,0,0,0,0,0,0,0,0,0,0,0,0,0,0,0,0,0,0,0,0,0,0,0,0,0,0,0,0,0,0,0,0,0,0.061456,0.1067,0.17803,0.24939,0.3278,0.41329,0.49878,0.58336,0.66706,0.75075,0.82498,0.88977,0.95456,1.0075,1.0486,1.0898,1.1237,1.1504,1.1772,1.2024,1.226,1.2497,1.2624,1.2642,1.266,1.2718,1.2816,1.2915,1.2834,1.2575,1.2316,1.1904,1.1339,1.0773,1.0169,0.9526,0.88829,0.82406,0.75992,0.69578,0.63301,0.57164,0.51027,0.4516,0.39564,0.33967,0.28803,0.2407,0.19337,0.14548,0.097011,0.048549,0.0026806,-0.040599,-0.08388,-0.12382,-0.16043,-0.19703,-0.22946,-0.25771,-0.28596,-0.30964,-0.32876,-0.34786,-0.36337,-0.37526,-0.38715,-0.39663,-0.40369,-0.41075,-0.41528,-0.41729,-0.41929,-0.41789,-0.4131,-0.4083,-0.39976,-0.38748,-0.37519,-0.35951,-0.34043,-0.32134,-0.30026,-0.27719,-0.25411,-0.23145,-0.20919,-0.18693,-0.16727,-0.15022,-0.13316,-0.11937,-0.10886,-0.098339,-0.090368,-0.084945,-0.079522,-0.075527,-0.072959,-0.070392,-0.068877,-0.068413,-0.067948,-0.069397,-0.07276,-0.076123,-0.082785,-0.092745,-0.1027,-0.11616,-0.1331,-0.15005,-0.16885,-0.1895,-0.21014,-0.23034,-0.25012,-0.2699,-0.28768,-0.30347,-0.31925,-0.33256,-0.34338,-0.35421,-0.36232,-0.36772,-0.37312,-0.37528,-0.37418,-0.37309,-0.36829,-0.35977,-0.35126,-0.33904,-0.32309,-0.30715,-0.28788,-0.26526,-0.24265,-0.21763,-0.19019,-0.16275,-0.13443,-0.10523,-0.076036,-0.047699,-0.02022,0.0072631,0.032937,0.056802,0.080667,0.10279,0.12317,0.14356,0.1631,0.18179,0.20049,0.21838,0.23548,0.25258,0.26753,0.28032,0.29311,0.30132,0.30495,0.30858,0.30939,0.30738,0.30537,0.30217,0.29777,0.29337,0.24266,0.14562,0.048554
0,0,0,0,0.03117,0.027888,0.027977,0.031438,0.034899,0.042333,0.053738,0.065144,0.079717,0.097457,0.1152,0.13408,0.15408,0.17409,0.19374,0.21302,0.2323,0.25045,0.26745,0.28446,0.29958,0.31284,0.32609,0.33631,0.34351,0.3507,0.35376,0.35269,0.35162,0.34636,0.33691,0.32745,0.31499,0.29952,0.28405,0.2672,0.24899,0.23076,0.21223,0.19339,0.17455,0.15531,0.13567,0.11602,0.095082,0.072845,0.050609,0.026631,0.00091426,-0.024803,-0.051325,-0.078652,-0.10598,-0.13205,-0.15687,-0.18169,-0.20351,-0.22232,-0.24114,-0.25716,-0.27039,-0.28362,-0.2959,-0.30723,-0.31856,-0.32829,-0.33642,-0.34456,-0.3546,-0.36654,-0.37849,-0.38608,-0.38932,-0.39256,-0.39266,-0.38961,-0.38657,-0.38175,-0.37517,-0.36859,-0.3625,-0.35691,-0.35133,-0.34585,-0.34048,-0.33511,-0.32832,-0.32011,-0.31189,-0.29948,-0.28287,-0.26625,-0.24522,-0.21978,-0.19435,-0.17059,-0.14851,-0.12644,-0.10864,-0.095129,-0.081615,-0.069298,-0.058179,-0.047059,-0.03407,-0.019212,-0.004355,0.014254,0.036614,0.058977,0.084374,0.11281,0.14125,0.17054,0.20069,0.23085,0.25966,0.28713,0.31459,0.3396,0.36217,0.38472,0.40541,0.42423,0.44305,0.46144,0.47941,0.49737,0.51564,0.5342,0.55277,0.57108,0.58914,0.6072,0.62385,0.63908,0.65431,0.66712,0.6775,0.68788,0.69542,0.70011,0.70481,0.70727,0.70749,0.70771,0.70709,0.70562,0.70416,0.70298,0.70208,0.70118,0.7005,0.70003,0.69956,0.69784,0.69487,0.69191,0.68533,0.67514,0.66495,0.6494,0.62849,0.60759,0.58167,0.55075,0.51982,0.48596,0.44915,0.41235,0.37501,0.33712,0.29923,0.26192,0.22517,0.18843,0.15402,0.12195,0.089887,0.061103,0.035606,0.01011,-0.011844,-0.030257,-0.048669,-0.065489,-0.080717,-0.095944,-0.10923,-0.12058,-0.13194,-0.14153,-0.14938,-0.15722,-0.16558,-0.17445,-0.18332,-0.19212,-0.20084,-0.20956,-0.21748,-0.22459,-0.23171,-0.23523,-0.23516,-0.23508,-0.23529,-0.23577,-0.23625,-0.23378,-0.22837,-0.22296,-0.2186,-0.21529,-0.21199,-0.21233,-0.21631,-0.22029,-0.22625,-0.23419,-0.24213,-0.25171,-0.26293,-0.27414,-0.28353,-0.29109,-0.29865,-0.30342,-0.30541,-0.3074,-0.30698,-0.30416,-0.30134,-0.29677,-0.29046,-0.28415,-0.27522,-0.26369,-0.25215,-0.23956,-0.22592,-0.21228,-0.1961,-0.17737,-0.15863,-0.13894,-0.11831,-0.097676,-0.076154,-0.053744,-0.031333,-0.010541,0.0086346,0.027808,0.045052,0.060368,0.075682,0.088329,0.098306,0.10828,0.11369,0.11453,0.11537,0.11072,0.10059,0.090463,0.076144,0.057633,0.03912,0.020246,0.001012,-0.018221,-0.033605,-0.04514,-0.056674,-0.063051,-0.06427,-0.065487,-0.063274,-0.057628,-0.051978,-0.046425,-0.04097,-0.035516,-0.02921,-0.022052,-0.014891,-0.0062026,0.0040101,0.014226,0.023258,0.031104,0.038948,0.043027,0.043338,0.043648,0.039019,0.02945,0.012128,0,0,0,0,0,0,0,0,0,0,0,0,0,0,0,0,0,0,0,0,0,0,0,0,0,0,0,0,0,0,0,0,0,0,0,0,0,0,0,0,0,0,0,0,0,0,0,0,0,0,0,0,0,0,0,0,0,0,0,0,0,0,0,0,0,0,0,0,0,0,0,0,0,0,0,0,0,0.024581,0.046275,0.14999,0.2216,0.29676,0.37548,0.4542,0.53566,0.61993,0.70421,0.78184,0.85287,0.92388,0.98305,1.0304,1.0777,1.116,1.1453,1.1745,1.2005,1.2232,1.2459,1.2616,1.2703,1.279,1.2841,1.2856,1.2871,1.2753,1.2502,1.2251,1.1877,1.1379,1.0881,1.0298,0.96292,0.89606,0.82917,0.76223,0.69528,0.63005,0.56654,0.503,0.44259,0.38531,0.32802,0.27536,0.22729,0.17923,0.13097,0.082519,0.034074,-0.011217,-0.05335,-0.095481,-0.13385,-0.16846,-0.20307,-0.23353,-0.25985,-0.28617,-0.30831,-0.32626,-0.34421,-0.35894,-0.37045,-0.38196,-0.39125,-0.39834,-0.40542,-0.40989,-0.41175,-0.41361,-0.4119,-0.40662,-0.40133,-0.39224,-0.37933,-0.36643,-0.3504,-0.33126,-0.31212,-0.29144,-0.26923,-0.24702,-0.22543,-0.20445,-0.18347,-0.16478,-0.14839,-0.132,-0.11835,-0.10746,-0.096556,-0.08785,-0.081336,-0.074821,-0.069766,-0.066171,-0.062576,-0.060357,-0.059512,-0.058667,-0.060054,-0.063674,-0.067293,-0.074245,-0.084531,-0.094817,-0.1084,-0.12528,-0.14216,-0.16071,-0.18093,-0.20113,-0.22089,-0.24018,-0.25947,-0.27701,-0.2928,-0.30858,-0.32229,-0.33392,-0.34555,-0.35466,-0.36127,-0.36787,-0.37104,-0.37077,-0.37051,-0.36616,-0.35773,-0.3493,-0.33688,-0.32047,-0.30407,-0.28433,-0.26127,-0.23821,-0.21293,-0.18545,-0.15796,-0.12982,-0.10103,-0.072243,-0.044349,-0.017347,0.0096529,0.034878,0.058332,0.081786,0.10363,0.12388,0.14413,0.16352,0.18205,0.20057,0.21828,0.23516,0.25204,0.26644,0.27836,0.29028,0.29783,0.30102,0.3042,0.30448,0.30185,0.29922,0.29627,0.29301,0.28975,0.24011,0.14408,0.048036
0,0,0,0,0.031104,0.02682,0.026104,0.028959,0.031815,0.039234,0.051216,0.0632,0.078097,0.095909,0.11372,0.13281,0.15317,0.17354,0.1936,0.21335,0.23311,0.25174,0.26924,0.28673,0.30203,0.31514,0.32825,0.33809,0.34468,0.35127,0.35366,0.35186,0.35007,0.34429,0.33453,0.32477,0.31225,0.29697,0.28169,0.26513,0.24731,0.22948,0.21116,0.19235,0.17354,0.15399,0.1337,0.11341,0.091595,0.068266,0.044937,0.020028,-0.0064622,-0.032951,-0.059687,-0.086672,-0.11366,-0.13869,-0.16176,-0.18483,-0.20459,-0.22104,-0.23749,-0.25155,-0.26324,-0.27493,-0.28652,-0.29801,-0.30951,-0.3212,-0.33309,-0.34498,-0.35686,-0.36873,-0.38059,-0.38849,-0.39242,-0.39635,-0.39605,-0.39154,-0.38703,-0.38,-0.37045,-0.3609,-0.35205,-0.34388,-0.33571,-0.32941,-0.32498,-0.32055,-0.31458,-0.30709,-0.29959,-0.28899,-0.27529,-0.26158,-0.24272,-0.21868,-0.19465,-0.17175,-0.14999,-0.12824,-0.11005,-0.095424,-0.080802,-0.067519,-0.055575,-0.04363,-0.030422,-0.015951,-0.0014805,0.016308,0.03742,0.058535,0.082787,0.11019,0.13759,0.16631,0.19635,0.22638,0.25553,0.2838,0.31206,0.33806,0.3618,0.38555,0.40732,0.42713,0.44694,0.46613,0.48471,0.50329,0.5221,0.54116,0.56023,0.57908,0.59772,0.61636,0.63356,0.64932,0.66508,0.67824,0.6888,0.69936,0.70682,0.71116,0.71551,0.71747,0.71706,0.71665,0.71553,0.7137,0.71187,0.71055,0.70973,0.70891,0.70824,0.70771,0.70718,0.70499,0.70114,0.69728,0.68925,0.67704,0.66483,0.64696,0.62345,0.59993,0.57173,0.53884,0.50595,0.47083,0.43348,0.39613,0.35874,0.32133,0.28392,0.24681,0.20999,0.17318,0.13919,0.10801,0.076837,0.048556,0.023173,-0.0022088,-0.023939,-0.042017,-0.060097,-0.076805,-0.092139,-0.10747,-0.12084,-0.13223,-0.14362,-0.15296,-0.16026,-0.16756,-0.17593,-0.18537,-0.1948,-0.20346,-0.21134,-0.21922,-0.22619,-0.23227,-0.23835,-0.24108,-0.24044,-0.23981,-0.23856,-0.23669,-0.23483,-0.23098,-0.22515,-0.21931,-0.21454,-0.21084,-0.20714,-0.20693,-0.21021,-0.2135,-0.21932,-0.2277,-0.23608,-0.24543,-0.25577,-0.26611,-0.27493,-0.28222,-0.28951,-0.29422,-0.29632,-0.29843,-0.29814,-0.29544,-0.29274,-0.28827,-0.28203,-0.27579,-0.26636,-0.25375,-0.24114,-0.22834,-0.21535,-0.20237,-0.18695,-0.16911,-0.15125,-0.13268,-0.11338,-0.094087,-0.072643,-0.049049,-0.025458,-0.004561,0.013637,0.031833,0.048509,0.063661,0.078812,0.090712,0.099357,0.108,0.1121,0.11165,0.11119,0.10515,0.093518,0.081887,0.067014,0.048894,0.030772,0.012709,-0.0052919,-0.023291,-0.037973,-0.049333,-0.060691,-0.067639,-0.070178,-0.072715,-0.072127,-0.068415,-0.0647,-0.059889,-0.05398,-0.04807,-0.041161,-0.033257,-0.025351,-0.015449,-0.0035583,0.0083353,0.01919,0.029001,0.038813,0.044098,0.044856,0.045612,0.042519,0.035575,0.02863,0,0,0,0,0,0,0,0,0,0,0,0,0,0,0,0,0,0,0,0,0,0,0,0,0,0,0,0,0,0,0,0,0,0,0,0,0,0,0,0,0,0,0,0,0,0,0,0,0,0,0,0,0,0,0,0,0,0,0,0,0,0,0,0,0,0,0,0,0,0,0,0,0,0,0,0,0,0,0,0.12195,0.19381,0.26571,0.33765,0.40959,0.48796,0.57282,0.65766,0.73869,0.81594,0.8932,0.9586,1.0121,1.0657,1.1084,1.1401,1.1719,1.1987,1.2204,1.2421,1.2607,1.2764,1.2921,1.2965,1.2896,1.2827,1.2671,1.2429,1.2187,1.185,1.142,1.0989,1.0427,0.97325,0.90383,0.83426,0.76454,0.6948,0.6271,0.56143,0.49574,0.4336,0.37499,0.31639,0.26268,0.21389,0.1651,0.11647,0.068035,0.019605,-0.025109,-0.066096,-0.10708,-0.14388,-0.17649,-0.2091,-0.23759,-0.26199,-0.28638,-0.30697,-0.32377,-0.34056,-0.35452,-0.36564,-0.37677,-0.38588,-0.39299,-0.40009,-0.4045,-0.40622,-0.40793,-0.40591,-0.40014,-0.39436,-0.38471,-0.37119,-0.35766,-0.3413,-0.32209,-0.30289,-0.28262,-0.26128,-0.23993,-0.21941,-0.1997,-0.18,-0.16229,-0.14656,-0.13084,-0.11734,-0.10606,-0.094776,-0.085333,-0.077726,-0.07012,-0.064005,-0.059383,-0.05476,-0.051836,-0.050611,-0.049386,-0.050711,-0.054587,-0.058463,-0.065707,-0.076318,-0.08693,-0.10064,-0.11746,-0.13427,-0.15257,-0.17235,-0.19213,-0.21143,-0.23024,-0.24905,-0.26634,-0.28212,-0.29791,-0.31202,-0.32445,-0.33688,-0.347,-0.35481,-0.36261,-0.36679,-0.36736,-0.36792,-0.36403,-0.35568,-0.34733,-0.33472,-0.31785,-0.30098,-0.28079,-0.25728,-0.23377,-0.20824,-0.18071,-0.15318,-0.12522,-0.096835,-0.06845,-0.041001,-0.014481,0.012042,0.036819,0.059861,0.082901,0.10448,0.12459,0.14471,0.16394,0.1823,0.20066,0.21817,0.23483,0.25149,0.26535,0.2764,0.28745,0.29434,0.29709,0.29983,0.29957,0.29632,0.29306,0.29037,0.28825,0.28613,0.23758,0.14257,0.02389
0,0,0,0,0.031969,0.025529,0.023653,0.026343,0.029033,0.036583,0.048993,0.061406,0.07666,0.094757,0.11286,0.13221,0.15283,0.17346,0.19382,0.21392,0.23402,0.25287,0.27048,0.28808,0.30326,0.316,0.32874,0.33807,0.34399,0.34991,0.35171,0.34939,0.34706,0.341,0.33119,0.32138,0.30902,0.2941,0.27919,0.26302,0.24559,0.22816,0.21,0.19112,0.17223,0.15227,0.13122,0.11018,0.087481,0.063137,0.038793,0.013152,-0.013789,-0.040729,-0.067319,-0.093562,-0.11981,-0.14353,-0.16473,-0.18592,-0.20369,-0.21801,-0.23234,-0.24473,-0.25518,-0.26563,-0.27671,-0.28842,-0.30013,-0.31314,-0.32747,-0.34179,-0.35517,-0.36759,-0.38001,-0.38843,-0.39286,-0.39729,-0.39662,-0.39087,-0.38511,-0.37629,-0.36439,-0.3525,-0.34146,-0.33129,-0.32111,-0.31392,-0.30971,-0.30551,-0.30033,-0.29417,-0.28801,-0.27914,-0.26754,-0.25595,-0.23907,-0.21689,-0.19471,-0.17291,-0.1515,-0.13009,-0.11149,-0.095703,-0.079917,-0.065606,-0.052765,-0.039925,-0.02647,-0.0124,0.0016717,0.018586,0.038342,0.058099,0.081063,0.10724,0.13341,0.16137,0.1911,0.22082,0.25014,0.27907,0.30799,0.33492,0.35986,0.3848,0.40773,0.42866,0.4496,0.46973,0.48907,0.5084,0.52784,0.54741,0.56698,0.58632,0.60542,0.62452,0.64209,0.65814,0.67418,0.68743,0.69787,0.70831,0.71549,0.7194,0.7233,0.72486,0.72406,0.72326,0.72193,0.72008,0.71823,0.71698,0.71634,0.7157,0.71501,0.71428,0.71355,0.7107,0.70574,0.70077,0.69119,0.67698,0.66277,0.64285,0.61721,0.59157,0.56169,0.52754,0.49339,0.45712,0.41874,0.38035,0.34289,0.30635,0.26981,0.23346,0.1973,0.16113,0.12771,0.097016,0.066325,0.038301,0.012943,-0.012412,-0.034173,-0.052342,-0.070513,-0.086984,-0.10176,-0.11654,-0.12967,-0.14117,-0.15267,-0.16213,-0.16956,-0.17699,-0.1856,-0.19539,-0.20518,-0.21362,-0.2207,-0.22778,-0.23339,-0.23753,-0.24168,-0.24313,-0.2419,-0.24066,-0.23846,-0.23529,-0.23213,-0.22771,-0.22205,-0.21638,-0.21179,-0.20828,-0.20477,-0.20438,-0.20713,-0.20987,-0.21523,-0.22321,-0.23118,-0.23978,-0.249,-0.25823,-0.26619,-0.27291,-0.27962,-0.284,-0.28605,-0.28809,-0.28782,-0.28524,-0.28266,-0.27829,-0.27214,-0.26598,-0.25665,-0.24414,-0.23163,-0.21904,-0.20639,-0.19374,-0.17885,-0.1617,-0.14455,-0.12662,-0.10789,-0.089169,-0.067978,-0.044324,-0.020668,4.6189e-05,0.017816,0.035587,0.051788,0.066421,0.081055,0.09209,0.099527,0.10696,0.10988,0.10829,0.10669,0.099634,0.087118,0.074601,0.059335,0.041315,0.023295,0.0057052,-0.011448,-0.028598,-0.042709,-0.053778,-0.064846,-0.072132,-0.075636,-0.079138,-0.079713,-0.07736,-0.075007,-0.070839,-0.064857,-0.058873,-0.051565,-0.042937,-0.034308,-0.023478,-0.010448,0.0025856,0.014685,0.025848,0.037012,0.043489,0.045275,0.047059,0.045961,0.041983,0.038003,0.020784,0.020512,0.02024,0,0,0,0,0,0,0,0,0,0,0,0,0,0,0,0,0,0,0,0,0,0,0,0,0,0,0,0,0,0,0,0,0,0,0,0,0,0,0,0,0,0,0,0,0,0,0,0,0,0,0,0,0,0,0,0,0,0,0,0,0,0,0,0,0,0,0,0,0,0,0,0,0,0,0,0,0.099034,0.16506,0.23053,0.29543,0.36035,0.43481,0.51882,0.60286,0.68628,0.76915,0.85204,0.9245,0.98652,1.0485,1.098,1.1349,1.1718,1.2014,1.2238,1.2461,1.2661,1.2839,1.3017,1.3043,1.2917,1.2792,1.2628,1.2425,1.2223,1.1923,1.1527,1.113,1.0575,0.98607,0.91467,0.8427,0.77018,0.69767,0.6274,0.55937,0.49132,0.42722,0.36704,0.30685,0.25196,0.20237,0.15278,0.10379,0.055382,0.0069897,-0.037197,-0.077178,-0.11716,-0.15261,-0.18352,-0.21443,-0.24123,-0.26391,-0.2866,-0.30582,-0.32157,-0.33732,-0.35058,-0.36134,-0.37209,-0.38093,-0.38784,-0.39476,-0.39888,-0.40023,-0.40157,-0.39906,-0.39269,-0.38632,-0.37613,-0.36211,-0.34809,-0.33156,-0.31253,-0.29349,-0.2738,-0.25346,-0.23311,-0.21367,-0.19512,-0.17658,-0.15965,-0.14434,-0.12903,-0.11543,-0.10356,-0.091683,-0.081388,-0.072671,-0.063955,-0.056868,-0.05141,-0.045952,-0.042563,-0.041245,-0.039928,-0.041426,-0.045741,-0.050058,-0.057675,-0.068593,-0.079512,-0.093242,-0.10979,-0.12633,-0.14416,-0.16327,-0.18239,-0.2011,-0.2194,-0.23771,-0.25481,-0.2707,-0.2866,-0.30114,-0.31432,-0.32751,-0.33847,-0.3472,-0.35593,-0.36086,-0.36199,-0.36313,-0.35955,-0.35128,-0.343,-0.33035,-0.31333,-0.29631,-0.27605,-0.25257,-0.22908,-0.20375,-0.17658,-0.14941,-0.12188,-0.093994,-0.066107,-0.039066,-0.012867,0.013332,0.037948,0.060996,0.08404,0.10572,0.12605,0.14637,0.16573,0.18413,0.20252,0.21975,0.23579,0.25183,0.26486,0.27487,0.28488,0.29107,0.29345,0.29582,0.29547,0.29238,0.2893,0.28627,0.28327,0.28028,0.23234,0.13943,0
0,0,0,0,0.033761,0.024017,0.020626,0.02359,0.026555,0.034382,0.047071,0.059762,0.075402,0.093999,0.1126,0.13228,0.15306,0.17385,0.19439,0.21471,0.23503,0.25385,0.27118,0.28851,0.30326,0.31542,0.32759,0.33626,0.34144,0.34663,0.3479,0.34526,0.34262,0.33649,0.32688,0.31726,0.30527,0.29091,0.27655,0.26085,0.24383,0.22681,0.20876,0.1897,0.17063,0.15015,0.12824,0.10633,0.082738,0.057458,0.032177,0.0060025,-0.021067,-0.048137,-0.074223,-0.099323,-0.12442,-0.14658,-0.16578,-0.18498,-0.2008,-0.21325,-0.2257,-0.23668,-0.24621,-0.25573,-0.26649,-0.27846,-0.29043,-0.30413,-0.31956,-0.33499,-0.34951,-0.36313,-0.37675,-0.38593,-0.39066,-0.39539,-0.39437,-0.3876,-0.38082,-0.37062,-0.357,-0.34338,-0.33076,-0.31914,-0.30752,-0.29937,-0.29469,-0.29001,-0.28556,-0.28136,-0.27716,-0.26992,-0.25964,-0.24935,-0.23428,-0.21441,-0.19453,-0.17407,-0.15303,-0.13199,-0.11297,-0.095966,-0.078965,-0.063559,-0.049752,-0.035945,-0.022214,-0.0085566,0.005102,0.02108,0.039377,0.057674,0.079196,0.10395,0.1287,0.1557,0.18493,0.21416,0.2435,0.27295,0.3024,0.33019,0.35633,0.38246,0.40663,0.42883,0.45103,0.47225,0.49247,0.5127,0.53286,0.55295,0.57304,0.59281,0.61224,0.63168,0.64944,0.66554,0.68163,0.69468,0.7047,0.71472,0.72142,0.72481,0.7282,0.72942,0.72848,0.72755,0.72631,0.72477,0.72323,0.72227,0.72191,0.72154,0.72082,0.71974,0.71867,0.71498,0.70868,0.70238,0.69115,0.67497,0.65879,0.63707,0.60979,0.58251,0.55152,0.51683,0.48214,0.44484,0.40494,0.36504,0.32745,0.29217,0.2569,0.22187,0.18708,0.15229,0.11959,0.088968,0.058352,0.030336,0.0049182,-0.020495,-0.042544,-0.061229,-0.079913,-0.096029,-0.10958,-0.12313,-0.13574,-0.14741,-0.15908,-0.16903,-0.17726,-0.1855,-0.19458,-0.20452,-0.21445,-0.22258,-0.22891,-0.23524,-0.23906,-0.24037,-0.24168,-0.24139,-0.23952,-0.23764,-0.23499,-0.23157,-0.22815,-0.22398,-0.21908,-0.21418,-0.21036,-0.20761,-0.20487,-0.20468,-0.20705,-0.20942,-0.21397,-0.2207,-0.22743,-0.23474,-0.24261,-0.25048,-0.25733,-0.26315,-0.26897,-0.27278,-0.27458,-0.27638,-0.27604,-0.27357,-0.27109,-0.26683,-0.26078,-0.25472,-0.24608,-0.23485,-0.22362,-0.21169,-0.19905,-0.18641,-0.17178,-0.15515,-0.13852,-0.12075,-0.10184,-0.082921,-0.062162,-0.039565,-0.016966,0.0032794,0.021173,0.039068,0.054892,0.06865,0.082412,0.092466,0.098815,0.10516,0.10705,0.10446,0.10187,0.09418,0.081394,0.068607,0.053108,0.034897,0.016686,-0.00076566,-0.017454,-0.034139,-0.047815,-0.058479,-0.069144,-0.076533,-0.080645,-0.084757,-0.086031,-0.084464,-0.082897,-0.079276,-0.0736,-0.067924,-0.060421,-0.051094,-0.041766,-0.030288,-0.016657,-0.003023,0.0097448,0.021646,0.033547,0.041198,0.044595,0.047989,0.049349,0.048676,0.048002,0.047362,0.046754,0.046145,0.024336,0.021532,0.018725,0,0,0,0,0,0,0,0,0,0,0,0,0,0,0,0,0,0,0,0,0,0,0,0,0,0,0,0,0,0,0,0,0,0,0,0,0,0,0,0,0,0,0,0,0,0,0,0,0,0,0,0,0,0,0,0,0,0,0,0,0,0,0,0,0,0,0,0,0,0,0,0,0,0.045065,0.075109,0.19127,0.24887,0.30648,0.37618,0.45797,0.53977,0.62461,0.71252,0.80044,0.88079,0.95356,1.0263,1.085,1.1295,1.1741,1.2087,1.2334,1.258,1.2778,1.2927,1.3077,1.3074,1.292,1.2765,1.2622,1.249,1.2359,1.2095,1.17,1.1304,1.0742,1.0014,0.92855,0.85448,0.77919,0.7039,0.63096,0.56035,0.48975,0.42345,0.36143,0.29942,0.24319,0.19274,0.14229,0.092898,0.044565,-0.0037565,-0.047477,-0.086601,-0.12572,-0.16004,-0.18956,-0.21907,-0.24443,-0.26563,-0.28684,-0.30486,-0.31968,-0.33451,-0.34712,-0.35753,-0.36794,-0.3764,-0.38291,-0.38942,-0.39304,-0.39379,-0.39453,-0.39136,-0.38428,-0.37721,-0.36648,-0.35209,-0.33771,-0.3212,-0.30256,-0.28392,-0.26499,-0.24578,-0.22656,-0.2082,-0.1907,-0.1732,-0.15687,-0.14172,-0.12656,-0.11264,-0.099959,-0.087276,-0.076015,-0.066171,-0.056328,-0.048355,-0.042253,-0.036152,-0.032539,-0.031415,-0.030293,-0.032199,-0.037136,-0.042074,-0.050145,-0.061352,-0.07256,-0.086195,-0.10226,-0.11833,-0.13547,-0.15369,-0.1719,-0.18989,-0.20767,-0.22544,-0.2424,-0.25852,-0.27465,-0.28966,-0.30355,-0.31743,-0.32906,-0.33844,-0.34783,-0.35324,-0.35468,-0.35612,-0.35273,-0.34451,-0.33629,-0.32375,-0.30689,-0.29004,-0.27012,-0.24714,-0.22415,-0.19947,-0.17307,-0.14666,-0.11981,-0.092512,-0.06521,-0.038543,-0.012509,0.013523,0.038269,0.061738,0.085203,0.10737,0.12825,0.14912,0.16888,0.18753,0.20617,0.22301,0.23803,0.25305,0.26497,0.27377,0.28258,0.28802,0.2901,0.29218,0.29216,0.29005,0.28794,0.28395,0.27808,0.27221,0.22441,0.13466,0.022054
0,0,0,0,0.035551,0.022505,0.017599,0.020837,0.024077,0.03218,0.045148,0.058117,0.074147,0.093242,0.11234,0.13235,0.15329,0.17424,0.19497,0.2155,0.23603,0.25482,0.27188,0.28894,0.30326,0.31484,0.32643,0.33444,0.3389,0.34335,0.34409,0.34113,0.33817,0.33198,0.32256,0.31314,0.30153,0.28772,0.27391,0.25869,0.24208,0.22546,0.20752,0.18828,0.16904,0.14803,0.12526,0.10249,0.077993,0.051778,0.025561,-0.0011474,-0.028346,-0.055545,-0.081124,-0.10508,-0.12904,-0.14962,-0.16683,-0.18403,-0.19792,-0.20849,-0.21906,-0.22864,-0.23724,-0.24584,-0.25626,-0.2685,-0.28073,-0.29512,-0.31166,-0.32819,-0.34386,-0.35867,-0.37349,-0.38341,-0.38846,-0.3935,-0.39212,-0.38432,-0.37652,-0.36495,-0.3496,-0.33425,-0.32005,-0.307,-0.29394,-0.28483,-0.27966,-0.2745,-0.2708,-0.26855,-0.2663,-0.2607,-0.25173,-0.24276,-0.22949,-0.21192,-0.19435,-0.17523,-0.15456,-0.13389,-0.11444,-0.096229,-0.078012,-0.061516,-0.046742,-0.03197,-0.01796,-0.0047136,0.0085319,0.023573,0.04041,0.057249,0.077332,0.10066,0.124,0.15003,0.17876,0.2075,0.23685,0.26683,0.29681,0.32546,0.35279,0.38012,0.40552,0.42899,0.45245,0.47476,0.49588,0.517,0.53787,0.55849,0.5791,0.59929,0.61907,0.63884,0.6568,0.67294,0.68907,0.70194,0.71154,0.72113,0.72736,0.73023,0.73309,0.73398,0.73291,0.73184,0.73069,0.72946,0.72823,0.72756,0.72747,0.72738,0.72663,0.72521,0.72379,0.71926,0.71162,0.70399,0.6911,0.67296,0.65481,0.63128,0.60236,0.57344,0.54136,0.50612,0.47088,0.43256,0.39114,0.34972,0.31201,0.278,0.24399,0.21028,0.17687,0.14345,0.11146,0.080919,0.050378,0.02237,-0.0031048,-0.028575,-0.050911,-0.070112,-0.089312,-0.10508,-0.1174,-0.12972,-0.1418,-0.15364,-0.16549,-0.17593,-0.18497,-0.19401,-0.20357,-0.21364,-0.22372,-0.23155,-0.23713,-0.24271,-0.24474,-0.24321,-0.24168,-0.23965,-0.23714,-0.23462,-0.23152,-0.22784,-0.22416,-0.22026,-0.21612,-0.21198,-0.20893,-0.20695,-0.20497,-0.20498,-0.20697,-0.20896,-0.21271,-0.2182,-0.22369,-0.2297,-0.23622,-0.24274,-0.24846,-0.25339,-0.25832,-0.26156,-0.26311,-0.26467,-0.26426,-0.26189,-0.25953,-0.25537,-0.24942,-0.24346,-0.23551,-0.22556,-0.21561,-0.20433,-0.1917,-0.17908,-0.16472,-0.1486,-0.13248,-0.11488,-0.095776,-0.076675,-0.056351,-0.034808,-0.013265,0.0065131,0.024528,0.042544,0.057993,0.070879,0.083765,0.092839,0.098102,0.10337,0.10421,0.10063,0.097044,0.088725,0.075669,0.062612,0.046884,0.028482,0.010078,-0.0072358,-0.023458,-0.03968,-0.052922,-0.063183,-0.073443,-0.080934,-0.085656,-0.090377,-0.092347,-0.091567,-0.090786,-0.087712,-0.082344,-0.076976,-0.069278,-0.059252,-0.049225,-0.037096,-0.022864,-0.0086315,0.0048054,0.017444,0.030085,0.038909,0.043915,0.048919,0.052737,0.055369,0.058,0.058949,0.058214,0.05748,0.054813,0.05021,0.045606,0,0,0,0,0,0,0,0,0,0,0,0,0,0,0,0,0,0,0,0,0,0,0,0,0,0,0,0,0,0,0,0,0,0,0,0,0,0,0,0,0,0,0,0,0,0,0,0,0,0,0,0,0,0,0,0,0,0,0,0,0,0,0,0,0,0,0,0,0,0,0,0,0,0,0,0.152,0.20231,0.25261,0.31754,0.39711,0.47669,0.56295,0.65591,0.74886,0.83708,0.92059,1.0041,1.072,1.1242,1.1764,1.216,1.243,1.2699,1.2894,1.3016,1.3137,1.3106,1.2922,1.2738,1.2616,1.2555,1.2495,1.2267,1.1873,1.1479,1.091,1.0167,0.94243,0.86625,0.78819,0.71014,0.63453,0.56135,0.48819,0.41967,0.35583,0.292,0.23442,0.18311,0.1318,0.082017,0.033756,-0.014496,-0.057756,-0.096023,-0.13428,-0.16747,-0.19559,-0.2237,-0.24762,-0.26735,-0.28707,-0.30389,-0.31779,-0.33169,-0.34367,-0.35373,-0.36379,-0.37187,-0.37798,-0.38408,-0.3872,-0.38734,-0.38748,-0.38366,-0.37588,-0.36809,-0.35683,-0.34208,-0.32733,-0.31084,-0.29259,-0.27435,-0.25618,-0.2381,-0.22001,-0.20274,-0.18628,-0.16983,-0.1541,-0.1391,-0.1241,-0.10985,-0.096361,-0.08287,-0.07064,-0.059669,-0.0487,-0.039843,-0.033097,-0.026352,-0.022515,-0.021586,-0.020658,-0.022974,-0.028532,-0.034091,-0.042616,-0.054111,-0.065607,-0.07915,-0.094742,-0.11034,-0.12679,-0.1441,-0.16142,-0.1787,-0.19594,-0.21318,-0.22999,-0.24635,-0.26271,-0.27819,-0.29277,-0.30735,-0.31966,-0.32969,-0.33972,-0.34562,-0.34737,-0.34912,-0.34591,-0.33775,-0.32958,-0.31715,-0.30046,-0.28377,-0.26418,-0.24171,-0.21923,-0.19517,-0.16954,-0.14392,-0.11775,-0.09103,-0.064312,-0.038021,-0.012153,0.013714,0.03859,0.06248,0.086369,0.10902,0.13045,0.15187,0.17203,0.19093,0.20982,0.22627,0.24028,0.25428,0.26508,0.27268,0.28027,0.28497,0.28675,0.28854,0.28886,0.28772,0.28657,0.28162,0.27289,0.26415,0.21649,0.12992,0.043318
0,0,0,0,0.033595,0.020581,0.015709,0.018982,0.022258,0.030484,0.04366,0.056839,0.073162,0.092632,0.1121,0.13247,0.15373,0.17499,0.19589,0.21642,0.23695,0.25554,0.27219,0.28884,0.3026,0.31347,0.32435,0.33168,0.33547,0.33926,0.33956,0.33636,0.33316,0.32698,0.31784,0.30869,0.29746,0.28416,0.27086,0.25606,0.23976,0.22346,0.20557,0.18611,0.16664,0.14518,0.12171,0.098246,0.073114,0.046312,0.019507,-0.0073828,-0.034358,-0.061333,-0.086177,-0.10889,-0.13161,-0.1507,-0.16617,-0.18165,-0.19397,-0.20314,-0.2123,-0.22087,-0.22884,-0.23681,-0.24694,-0.25924,-0.27153,-0.28617,-0.30317,-0.32016,-0.33634,-0.35171,-0.36708,-0.37743,-0.38275,-0.38806,-0.38666,-0.37855,-0.37043,-0.3583,-0.34215,-0.32601,-0.31095,-0.29698,-0.28302,-0.27316,-0.26741,-0.26167,-0.25815,-0.25685,-0.25556,-0.25108,-0.2434,-0.23573,-0.22406,-0.20841,-0.19275,-0.17481,-0.1546,-0.13439,-0.11473,-0.095618,-0.076504,-0.059164,-0.043599,-0.028034,-0.013805,-0.00091368,0.011974,0.026145,0.041599,0.057054,0.075741,0.09766,0.11958,0.14458,0.17265,0.20072,0.2299,0.26018,0.29045,0.31977,0.34813,0.37649,0.40302,0.42773,0.45243,0.47582,0.49788,0.51994,0.54153,0.56267,0.5838,0.60433,0.62427,0.64421,0.66214,0.67805,0.69395,0.70645,0.71554,0.72463,0.73041,0.73291,0.73539,0.73614,0.73513,0.73412,0.73316,0.73225,0.73134,0.7309,0.73095,0.73099,0.73002,0.72805,0.72608,0.72061,0.71165,0.70268,0.68835,0.66866,0.64897,0.62417,0.59429,0.5644,0.5318,0.49648,0.46115,0.42255,0.38065,0.33876,0.30085,0.26693,0.23301,0.19993,0.16769,0.13545,0.10418,0.073899,0.043619,0.015768,-0.0096505,-0.035066,-0.057655,-0.07742,-0.097184,-0.11307,-0.12507,-0.13708,-0.14909,-0.16113,-0.17316,-0.1838,-0.19304,-0.20228,-0.21189,-0.22187,-0.23185,-0.23881,-0.24277,-0.24672,-0.24711,-0.24392,-0.24073,-0.23752,-0.23428,-0.23104,-0.2275,-0.22367,-0.21983,-0.21627,-0.21298,-0.20969,-0.20747,-0.20632,-0.20516,-0.2055,-0.20735,-0.20919,-0.21236,-0.21686,-0.22137,-0.22627,-0.23157,-0.23687,-0.24151,-0.24549,-0.24947,-0.25203,-0.25319,-0.25434,-0.25374,-0.25138,-0.24902,-0.24489,-0.239,-0.2331,-0.22548,-0.21614,-0.20679,-0.1958,-0.18316,-0.17052,-0.15635,-0.14065,-0.12495,-0.10772,-0.088965,-0.070215,-0.050615,-0.030162,-0.0097092,0.0094656,0.027366,0.045266,0.06043,0.07286,0.085289,0.093719,0.098148,0.10258,0.10259,0.098182,0.093774,0.084902,0.071566,0.058228,0.042284,0.023727,0.0051701,-0.012298,-0.028678,-0.045056,-0.05851,-0.069041,-0.079573,-0.087486,-0.092781,-0.098076,-0.1007,-0.10064,-0.10059,-0.097884,-0.092526,-0.087165,-0.079278,-0.068867,-0.058455,-0.045868,-0.031107,-0.016342,-0.0020065,0.0119,0.025805,0.036457,0.043856,0.051255,0.057582,0.062834,0.068085,0.071183,0.072129,0.073076,0.071742,0.068127,0.064512,0.032661,0.02454,0,0,0,0,0,0,0,0,0,0,0,0,0,0,0,0,0,0,0,0,0,0,0,0,0,0,0,0,0,0,0,0,0,0,0,0,0,0,0,0,0,0,0,0,0,0,0,0,0,0,0,0,0,0,0,0,0,0,0,0,0,0,0,0,0,0,0,0,0,0,0,0,0,0.1132,0.15787,0.20253,0.262,0.33631,0.41063,0.49668,0.59446,0.69223,0.78737,0.87987,0.97236,1.05,1.1128,1.1756,1.2225,1.2535,1.2845,1.3048,1.3142,1.3237,1.3175,1.2957,1.2738,1.2611,1.2576,1.2541,1.2327,1.1936,1.1543,1.0989,1.0273,0.95569,0.8796,0.79905,0.7185,0.64028,0.56443,0.48858,0.41776,0.35198,0.28622,0.22731,0.17524,0.12317,0.073125,0.02509,-0.022944,-0.065686,-0.10313,-0.14057,-0.17283,-0.19991,-0.22698,-0.24984,-0.26848,-0.28712,-0.30302,-0.31619,-0.32936,-0.34077,-0.35042,-0.36007,-0.36769,-0.37328,-0.37886,-0.38133,-0.38069,-0.38005,-0.37548,-0.36697,-0.35847,-0.34672,-0.33172,-0.31673,-0.30038,-0.28266,-0.26494,-0.24758,-0.23057,-0.21355,-0.19723,-0.18161,-0.16598,-0.15063,-0.13557,-0.1205,-0.10578,-0.091408,-0.077036,-0.063879,-0.05194,-0.040001,-0.030467,-0.023341,-0.016215,-0.012358,-0.011769,-0.011182,-0.013963,-0.020111,-0.026261,-0.035164,-0.04682,-0.058477,-0.071841,-0.086915,-0.10199,-0.1178,-0.13435,-0.15091,-0.16765,-0.18456,-0.20147,-0.21827,-0.23494,-0.25162,-0.26749,-0.28256,-0.29763,-0.31027,-0.32049,-0.3307,-0.33662,-0.33826,-0.33989,-0.33663,-0.32847,-0.32031,-0.30815,-0.29197,-0.2758,-0.257,-0.23557,-0.21415,-0.19119,-0.16669,-0.1422,-0.11693,-0.090867,-0.064808,-0.038799,-0.012835,0.013134,0.038437,0.06308,0.087722,0.11121,0.13355,0.15589,0.17665,0.19583,0.21501,0.23119,0.24437,0.25755,0.26728,0.27356,0.27984,0.28354,0.28468,0.28581,0.28581,0.28467,0.28353,0.27886,0.27065,0.26244,0.2153,0.1292,0.043075
0,0,0,0,0.027896,0.018244,0.014953,0.018023,0.021096,0.029291,0.042609,0.055927,0.072447,0.092167,0.11189,0.13263,0.15438,0.17613,0.19716,0.21747,0.23779,0.256,0.2721,0.28821,0.30128,0.31132,0.32136,0.32798,0.33118,0.33438,0.3343,0.33094,0.32758,0.3215,0.3127,0.30389,0.29308,0.28025,0.26742,0.25297,0.23689,0.22081,0.20291,0.18318,0.16345,0.14159,0.1176,0.093616,0.068102,0.041062,0.014022,-0.012699,-0.0391,-0.065501,-0.089387,-0.11075,-0.13212,-0.14981,-0.16381,-0.17782,-0.18895,-0.19719,-0.20544,-0.21338,-0.22101,-0.22863,-0.23852,-0.25067,-0.26282,-0.27729,-0.2941,-0.3109,-0.32694,-0.34224,-0.35754,-0.36797,-0.37353,-0.37909,-0.378,-0.37027,-0.36254,-0.35066,-0.33465,-0.31864,-0.30345,-0.2891,-0.27475,-0.26436,-0.25793,-0.2515,-0.24761,-0.24628,-0.24494,-0.24107,-0.23467,-0.22827,-0.218,-0.20386,-0.18972,-0.17282,-0.15316,-0.13349,-0.11382,-0.094133,-0.074442,-0.056504,-0.040321,-0.024138,-0.0097484,0.0028425,0.015429,0.028796,0.042944,0.057091,0.074419,0.094935,0.11546,0.13934,0.16658,0.19383,0.22263,0.25299,0.28333,0.31312,0.34234,0.37157,0.39914,0.42505,0.45095,0.47543,0.49847,0.5215,0.54384,0.56549,0.58714,0.60792,0.62786,0.64779,0.66546,0.68087,0.69628,0.70823,0.71672,0.72521,0.73058,0.73285,0.73512,0.73588,0.73514,0.7344,0.73374,0.73315,0.73256,0.73229,0.73232,0.73236,0.73101,0.72828,0.72555,0.71904,0.70875,0.69846,0.6829,0.66209,0.64127,0.61577,0.58558,0.55539,0.52283,0.48789,0.45294,0.41481,0.37348,0.33216,0.29399,0.25896,0.22394,0.1908,0.15955,0.12829,0.097747,0.067913,0.038074,0.010531,-0.014716,-0.039963,-0.062775,-0.083152,-0.10353,-0.12001,-0.13261,-0.1452,-0.15762,-0.16985,-0.18208,-0.19262,-0.20147,-0.21032,-0.21956,-0.2292,-0.23883,-0.24438,-0.24583,-0.24728,-0.24618,-0.24251,-0.23884,-0.23498,-0.23093,-0.22689,-0.22292,-0.21903,-0.21515,-0.21203,-0.20967,-0.20731,-0.20599,-0.20571,-0.20543,-0.20625,-0.20817,-0.21009,-0.21293,-0.21669,-0.22045,-0.22444,-0.22865,-0.23287,-0.23646,-0.23944,-0.24241,-0.2442,-0.2448,-0.2454,-0.24448,-0.24202,-0.23957,-0.23541,-0.22952,-0.22364,-0.21599,-0.20657,-0.19715,-0.1861,-0.17341,-0.16073,-0.14669,-0.1313,-0.1159,-0.099274,-0.08141,-0.063546,-0.044953,-0.025628,-0.0063042,0.012134,0.029683,0.047231,0.062201,0.074593,0.086985,0.095104,0.098952,0.1028,0.10219,0.097123,0.092057,0.08271,0.069084,0.055457,0.039309,0.020635,0.0019609,-0.015954,-0.033109,-0.050261,-0.064576,-0.076053,-0.087531,-0.096187,-0.10202,-0.10785,-0.11108,-0.11169,-0.11231,-0.10979,-0.10414,-0.098489,-0.090421,-0.079941,-0.069458,-0.056606,-0.041379,-0.026147,-0.010685,0.0050098,0.020705,0.033841,0.044419,0.054997,0.063883,0.071071,0.078257,0.084066,0.088497,0.092927,0.093318,0.089668,0.086014,0.076335,0.06063,0,0,0,0,0,0,0,0,0,0,0,0,0,0,0,0,0,0,0,0,0,0,0,0,0,0,0,0,0,0,0,0,0,0,0,0,0,0,0,0,0,0,0,0,0,0,0,0,0,0,0,0,0,0,0,0,0,0,0,0,0,0,0,0,0,0,0,0,0,0,0,0,0,0.047022,0.11555,0.15623,0.20956,0.27554,0.34153,0.42574,0.52815,0.63057,0.73165,0.8314,0.93114,1.0191,1.0954,1.1717,1.2283,1.2651,1.3019,1.3238,1.3308,1.3378,1.3283,1.3024,1.2764,1.2607,1.2552,1.2498,1.2276,1.1888,1.1499,1.0981,1.0332,0.96836,0.89454,0.81176,0.72897,0.64824,0.56958,0.49092,0.41769,0.34989,0.2821,0.22184,0.16912,0.11641,0.066222,0.018561,-0.029096,-0.071258,-0.10792,-0.14459,-0.17612,-0.20251,-0.22891,-0.25108,-0.26902,-0.28696,-0.30224,-0.31488,-0.32751,-0.33842,-0.34761,-0.3568,-0.36386,-0.36881,-0.37375,-0.37543,-0.37383,-0.37224,-0.36682,-0.35758,-0.34833,-0.33615,-0.32103,-0.3059,-0.28982,-0.27276,-0.25571,-0.23918,-0.22319,-0.20719,-0.19168,-0.17667,-0.16166,-0.14648,-0.13112,-0.11577,-0.10043,-0.085099,-0.069773,-0.055733,-0.042981,-0.030229,-0.020229,-0.012985,-0.0057417,-0.0020676,-0.0019649,-0.001865,-0.0051679,-0.011874,-0.018583,-0.027782,-0.039473,-0.051166,-0.064267,-0.078779,-0.093286,-0.10851,-0.12444,-0.14038,-0.15674,-0.17353,-0.19032,-0.20725,-0.22431,-0.24137,-0.25758,-0.27293,-0.28828,-0.30091,-0.31083,-0.32074,-0.32625,-0.32735,-0.32845,-0.32489,-0.31669,-0.30848,-0.29673,-0.28143,-0.26613,-0.24857,-0.22874,-0.20891,-0.1875,-0.16452,-0.14152,-0.11737,-0.092033,-0.0667,-0.040873,-0.014546,0.011786,0.037814,0.063538,0.089261,0.11393,0.13755,0.16117,0.18273,0.20223,0.22173,0.23777,0.25032,0.26288,0.27158,0.27643,0.28127,0.28375,0.28387,0.28398,0.283,0.28091,0.27883,0.27565,0.27137,0.26708,0.2208,0.13249,0.044173
0,0,0,0,0.022197,0.015908,0.014197,0.017065,0.019935,0.028098,0.041556,0.055016,0.07173,0.091704,0.11168,0.13278,0.15502,0.17726,0.19843,0.21853,0.23863,0.25645,0.27201,0.28757,0.29996,0.30916,0.31836,0.32427,0.32689,0.3295,0.32905,0.32553,0.32201,0.31602,0.30756,0.2991,0.28869,0.27634,0.26398,0.24987,0.23402,0.21816,0.20024,0.18024,0.16025,0.138,0.1135,0.088985,0.063091,0.035815,0.0085389,-0.018012,-0.04384,-0.06967,-0.092595,-0.11261,-0.13263,-0.14891,-0.16145,-0.174,-0.18393,-0.19125,-0.19857,-0.20588,-0.21317,-0.22047,-0.23011,-0.24211,-0.25411,-0.26841,-0.28502,-0.30163,-0.31755,-0.33278,-0.34801,-0.35852,-0.36432,-0.37012,-0.36934,-0.36199,-0.35464,-0.34303,-0.32715,-0.31127,-0.29596,-0.28123,-0.26649,-0.25557,-0.24845,-0.24133,-0.23708,-0.2357,-0.23431,-0.23106,-0.22593,-0.22081,-0.21194,-0.19932,-0.1867,-0.17083,-0.15171,-0.1326,-0.11291,-0.092646,-0.072379,-0.053843,-0.037041,-0.02024,-0.0056921,0.0065979,0.018885,0.031449,0.044289,0.057128,0.073101,0.092218,0.11134,0.1341,0.16052,0.18694,0.21537,0.24579,0.27622,0.30647,0.33656,0.36664,0.39525,0.42236,0.44947,0.47504,0.49905,0.52306,0.54615,0.56831,0.59046,0.61151,0.63143,0.65136,0.66878,0.68369,0.6986,0.71,0.71789,0.72579,0.73075,0.7328,0.73484,0.73563,0.73515,0.73468,0.73431,0.73405,0.73379,0.73367,0.7337,0.73373,0.73199,0.72851,0.72502,0.71747,0.70585,0.69423,0.67745,0.65551,0.63357,0.60735,0.57687,0.54639,0.51386,0.4793,0.44473,0.40707,0.36631,0.32556,0.28711,0.25099,0.21486,0.18166,0.1514,0.12114,0.091312,0.061926,0.032537,0.005301,-0.019778,-0.044857,-0.067893,-0.088886,-0.10987,-0.12696,-0.14014,-0.15333,-0.16614,-0.17857,-0.19101,-0.20145,-0.2099,-0.21836,-0.22723,-0.23652,-0.24581,-0.24993,-0.24889,-0.24784,-0.24525,-0.2411,-0.23695,-0.23244,-0.22759,-0.22274,-0.21834,-0.2144,-0.21047,-0.20778,-0.20636,-0.20493,-0.20452,-0.20511,-0.2057,-0.207,-0.209,-0.211,-0.21351,-0.21652,-0.21954,-0.22261,-0.22574,-0.22887,-0.23142,-0.23339,-0.23536,-0.23637,-0.23642,-0.23646,-0.23521,-0.23267,-0.23012,-0.22592,-0.22005,-0.21418,-0.2065,-0.19701,-0.18751,-0.1764,-0.16367,-0.15094,-0.13703,-0.12195,-0.10686,-0.090831,-0.073856,-0.05688,-0.039293,-0.021096,-0.0028983,0.014799,0.031996,0.049192,0.063968,0.076325,0.08868,0.09649,0.099755,0.10302,0.10179,0.096066,0.09034,0.080519,0.066602,0.052686,0.036336,0.017545,-0.0012489,-0.01961,-0.037539,-0.055466,-0.07064,-0.083064,-0.095489,-0.10489,-0.11126,-0.11763,-0.12146,-0.12274,-0.12403,-0.1217,-0.11576,-0.10981,-0.10156,-0.091017,-0.080466,-0.067343,-0.051648,-0.03595,-0.019364,-0.0018821,0.015604,0.031225,0.044982,0.05874,0.070183,0.079308,0.088431,0.09695,0.10486,0.11278,0.1149,0.11121,0.10752,0.098361,0.083729,0,0,0,0,0,0,0,0,0,0,0,0,0,0,0,0,0,0,0,0,0,0,0,0,0,0,0,0,0,0,0,0,0,0,0,0,0,0,0,0,0,0,0,0,0,0,0,0,0,0,0,0,0,0,0,0,0,0,0,0,0,0,0,0,0,0,0,0,0,0,0,0,0,0,0.047193,0.066541,0.091676,0.12258,0.15348,0.19512,0.46182,0.56889,0.67591,0.78292,0.88992,0.9883,1.078,1.1678,1.234,1.2766,1.3192,1.3428,1.3474,1.3519,1.3391,1.3091,1.279,1.2603,1.2529,1.2455,1.2225,1.184,1.1455,1.0972,1.0391,0.98106,0.9095,0.82447,0.73945,0.6562,0.57474,0.49328,0.41762,0.3478,0.27798,0.21638,0.16301,0.10965,0.059329,0.012038,-0.035247,-0.076831,-0.11272,-0.1486,-0.1794,-0.20512,-0.23083,-0.25231,-0.26956,-0.2868,-0.30147,-0.31357,-0.32566,-0.33607,-0.3448,-0.35351,-0.36003,-0.36434,-0.36865,-0.36953,-0.36697,-0.36442,-0.35816,-0.34818,-0.3382,-0.32558,-0.31033,-0.29508,-0.27926,-0.26287,-0.24647,-0.23079,-0.21581,-0.20083,-0.18614,-0.17174,-0.15734,-0.14232,-0.12667,-0.11103,-0.09507,-0.078789,-0.06251,-0.047588,-0.034021,-0.020456,-0.0099916,-0.0026293,0.0047318,0.0082216,0.0078381,0.0074514,0.0036259,-0.0036381,-0.010904,-0.0204,-0.032127,-0.043855,-0.056693,-0.070641,-0.084587,-0.099217,-0.11454,-0.12986,-0.14584,-0.16251,-0.17917,-0.19623,-0.21368,-0.23112,-0.24766,-0.26329,-0.27892,-0.29155,-0.30117,-0.31079,-0.31589,-0.31645,-0.31701,-0.31316,-0.3049,-0.29665,-0.28531,-0.27088,-0.25646,-0.24014,-0.22191,-0.20368,-0.18382,-0.16233,-0.14084,-0.1178,-0.093198,-0.068595,-0.042946,-0.016254,0.010436,0.037187,0.063995,0.090798,0.11665,0.14155,0.16645,0.18881,0.20863,0.22846,0.24434,0.25627,0.26821,0.27588,0.2793,0.28271,0.28396,0.28306,0.28215,0.28019,0.27716,0.27413,0.27244,0.27208,0.27173,0.22631,0.1358,0.045282
0,0,0,0,0.020742,0.015166,0.01373,0.016434,0.019138,0.027241,0.040745,0.05425,0.071141,0.091425,0.11171,0.13309,0.15556,0.17804,0.19925,0.21919,0.23913,0.2566,0.27161,0.28662,0.29837,0.30688,0.31538,0.32067,0.32276,0.32484,0.32407,0.32042,0.31678,0.31086,0.30266,0.29446,0.28435,0.27234,0.26032,0.24643,0.23067,0.2149,0.19691,0.17669,0.15647,0.13398,0.10921,0.084448,0.058492,0.03135,0.0042079,-0.021916,-0.04702,-0.072127,-0.09415,-0.11309,-0.13202,-0.14728,-0.15885,-0.17043,-0.1796,-0.18636,-0.19312,-0.19998,-0.20694,-0.2139,-0.22314,-0.23464,-0.24614,-0.25984,-0.27573,-0.29162,-0.30693,-0.32166,-0.33638,-0.34675,-0.35276,-0.35876,-0.35853,-0.35205,-0.34558,-0.33442,-0.3186,-0.30277,-0.28787,-0.2739,-0.25992,-0.24907,-0.24134,-0.23362,-0.22893,-0.22728,-0.22564,-0.22261,-0.21819,-0.21378,-0.20589,-0.19454,-0.18318,-0.16817,-0.14951,-0.13086,-0.11118,-0.090473,-0.069769,-0.050792,-0.033545,-0.016301,-0.001677,0.01033,0.022334,0.034217,0.045983,0.057746,0.072526,0.090327,0.10813,0.12975,0.15521,0.18067,0.20851,0.23872,0.26894,0.29937,0.33004,0.36071,0.39014,0.4183,0.44647,0.47303,0.49799,0.52294,0.5467,0.56924,0.59178,0.61292,0.63266,0.6524,0.66953,0.68403,0.69854,0.70965,0.71736,0.72508,0.73006,0.73232,0.73457,0.73563,0.7355,0.73536,0.73435,0.73245,0.73055,0.73043,0.73206,0.7337,0.73234,0.72797,0.72361,0.71501,0.70217,0.68933,0.67159,0.64894,0.62629,0.59982,0.56953,0.53925,0.5071,0.47308,0.43905,0.40182,0.36137,0.32092,0.28244,0.24592,0.2094,0.17596,0.14559,0.11523,0.085465,0.056295,0.027124,-1.8438e-05,-0.025128,-0.05024,-0.073375,-0.094531,-0.11568,-0.13325,-0.14723,-0.1612,-0.17444,-0.18695,-0.19946,-0.20969,-0.21765,-0.22562,-0.23344,-0.24114,-0.24884,-0.25145,-0.24896,-0.24648,-0.24296,-0.23839,-0.23382,-0.22892,-0.22369,-0.21847,-0.21399,-0.21027,-0.20654,-0.20427,-0.20345,-0.20263,-0.20282,-0.204,-0.20518,-0.20686,-0.20904,-0.21122,-0.2136,-0.21619,-0.21878,-0.22122,-0.22351,-0.22581,-0.22754,-0.2287,-0.22987,-0.2302,-0.2297,-0.22919,-0.22751,-0.22464,-0.22178,-0.21731,-0.21122,-0.20513,-0.19727,-0.18764,-0.17801,-0.16686,-0.15419,-0.14152,-0.12784,-0.11314,-0.098433,-0.083003,-0.066845,-0.050687,-0.033986,-0.016741,0.00050347,0.017517,0.0343,0.051083,0.065615,0.077895,0.090175,0.097869,0.10097,0.10408,0.10257,0.096461,0.090348,0.080191,0.065987,0.051786,0.035043,0.015757,-0.0035304,-0.022519,-0.041206,-0.05989,-0.075953,-0.089394,-0.10283,-0.11303,-0.11999,-0.12695,-0.13151,-0.13367,-0.13582,-0.1341,-0.1285,-0.12289,-0.11483,-0.10432,-0.093811,-0.080117,-0.063245,-0.046374,-0.028274,-0.0089339,0.010406,0.028331,0.044848,0.061364,0.075292,0.086628,0.097962,0.10947,0.12114,0.13281,0.1373,0.1346,0.1319,0.12344,0.10922,0,0,0,0,0,0,0,0,0,0,0,0,0,0,0,0,0,0,0,0,0,0,0,0,0,0,0,0,0,0,0,0,0,0,0,0,0,0,0,0,0,0,0,0,0,0,0,0,0,0,0,0,0,0,0,0,0,0,0,0,0,0,0,0,0,0,0,0,0,0,0,0,0,0,0,0,0,0,0,0,0.21433,0.26902,0.61424,0.72803,0.84181,0.94964,1.0515,1.1534,1.2286,1.2773,1.3259,1.3524,1.3569,1.3614,1.3491,1.32,1.2909,1.2715,1.2618,1.252,1.2276,1.1883,1.149,1.1019,1.047,0.99201,0.92127,0.83476,0.74824,0.66326,0.57985,0.49641,0.419,0.34762,0.27625,0.21356,0.15955,0.10554,0.054922,0.0077034,-0.039509,-0.080722,-0.11594,-0.15115,-0.18126,-0.20624,-0.23123,-0.25215,-0.26899,-0.28583,-0.30018,-0.31204,-0.3239,-0.334,-0.34232,-0.35065,-0.35659,-0.36014,-0.3637,-0.36374,-0.36026,-0.35678,-0.3497,-0.33902,-0.32835,-0.31534,-0.30001,-0.28468,-0.26911,-0.2533,-0.23748,-0.22249,-0.20831,-0.19413,-0.18004,-0.16605,-0.15205,-0.13703,-0.121,-0.10497,-0.088394,-0.071267,-0.05414,-0.038514,-0.024389,-0.010265,0.00041523,0.00765,0.014884,0.018031,0.017089,0.016145,0.011833,0.004154,-0.003527,-0.013165,-0.024758,-0.036353,-0.048875,-0.062324,-0.075772,-0.089978,-0.10494,-0.11991,-0.13577,-0.15254,-0.16931,-0.1866,-0.20439,-0.22219,-0.23891,-0.25456,-0.27022,-0.28258,-0.29164,-0.3007,-0.30517,-0.30503,-0.30489,-0.30066,-0.29235,-0.28403,-0.27318,-0.25979,-0.2464,-0.23148,-0.21504,-0.1986,-0.18046,-0.1606,-0.14075,-0.11887,-0.094968,-0.071061,-0.045537,-0.018397,0.0087431,0.03633,0.064355,0.092378,0.11944,0.14555,0.17165,0.19481,0.21502,0.23524,0.25106,0.26251,0.27395,0.28087,0.28326,0.28565,0.28574,0.28352,0.2813,0.27822,0.27427,0.27031,0.26892,0.27009,0.27127,0.22656,0.13596,0.045337
0,0,0,0,0.023528,0.016018,0.013551,0.016128,0.018706,0.026722,0.040177,0.053633,0.070682,0.09133,0.11198,0.13354,0.15601,0.17848,0.19963,0.21946,0.2393,0.25644,0.27089,0.28534,0.29653,0.30446,0.3124,0.31717,0.31879,0.32041,0.31936,0.31563,0.3119,0.30603,0.298,0.28998,0.28006,0.26825,0.25644,0.24264,0.22684,0.21104,0.19293,0.17252,0.15211,0.12953,0.10477,0.080004,0.054304,0.027667,0.0010313,-0.024405,-0.04864,-0.072873,-0.094052,-0.11217,-0.13029,-0.14491,-0.15601,-0.16712,-0.17595,-0.18251,-0.18906,-0.19566,-0.2023,-0.20894,-0.21759,-0.22825,-0.23891,-0.25156,-0.26621,-0.28087,-0.29509,-0.30888,-0.32267,-0.33266,-0.33885,-0.34504,-0.34558,-0.34046,-0.33534,-0.32485,-0.309,-0.29315,-0.27918,-0.26711,-0.25504,-0.24488,-0.23662,-0.22836,-0.22316,-0.22103,-0.21891,-0.21571,-0.21145,-0.20718,-0.19987,-0.18951,-0.17915,-0.16483,-0.14655,-0.12827,-0.10863,-0.087621,-0.066612,-0.047351,-0.029838,-0.012325,0.0022999,0.014039,0.025777,0.037106,0.048027,0.058947,0.072688,0.089259,0.10583,0.12629,0.15065,0.17502,0.20206,0.23177,0.26149,0.29184,0.32281,0.35379,0.38382,0.41288,0.44195,0.46941,0.49528,0.52115,0.54548,0.56829,0.59109,0.61217,0.63154,0.65092,0.6677,0.6819,0.6961,0.70718,0.71513,0.72309,0.72852,0.73141,0.7343,0.73589,0.73617,0.73645,0.73384,0.72835,0.72286,0.72255,0.72742,0.73229,0.73205,0.72668,0.72131,0.71165,0.6977,0.68375,0.66531,0.64238,0.61944,0.59318,0.56357,0.53397,0.50252,0.46922,0.4359,0.39906,0.35866,0.31826,0.27995,0.24375,0.20754,0.17366,0.14211,0.11057,0.080205,0.051022,0.021834,-0.0054276,-0.030766,-0.056108,-0.079216,-0.10009,-0.12096,-0.13889,-0.15386,-0.16883,-0.18254,-0.19498,-0.20743,-0.21734,-0.22472,-0.2321,-0.23821,-0.24306,-0.24791,-0.24891,-0.24606,-0.24321,-0.23931,-0.23438,-0.22945,-0.2244,-0.21925,-0.21409,-0.20988,-0.20663,-0.20337,-0.20148,-0.20094,-0.20041,-0.20089,-0.20238,-0.20386,-0.20584,-0.20829,-0.21075,-0.21322,-0.2157,-0.21818,-0.22027,-0.22198,-0.22368,-0.22482,-0.22538,-0.22594,-0.22569,-0.22464,-0.22358,-0.22135,-0.21794,-0.21454,-0.20957,-0.20303,-0.1965,-0.18831,-0.17848,-0.16864,-0.15748,-0.14498,-0.13248,-0.11911,-0.10487,-0.090619,-0.075788,-0.060379,-0.04497,-0.029031,-0.012566,0.0038985,0.020286,0.036592,0.052898,0.067135,0.079305,0.091475,0.099242,0.10261,0.10597,0.10454,0.098308,0.09208,0.081725,0.067241,0.052756,0.035432,0.015271,-0.0048864,-0.024682,-0.04411,-0.063538,-0.080517,-0.095043,-0.10957,-0.12063,-0.12823,-0.13582,-0.14124,-0.14447,-0.1477,-0.14699,-0.14236,-0.13772,-0.13022,-0.11986,-0.10949,-0.094927,-0.07617,-0.057415,-0.037407,-0.016147,0.0051109,0.025166,0.044017,0.062871,0.079211,0.093033,0.10685,0.12162,0.13732,0.15303,0.16054,0.15984,0.15915,0.15156,0.1371,0.06822,0,0,0,0,0,0,0,0,0,0,0,0,0,0,0,0,0,0,0,0,0,0,0,0,0,0,0,0,0,0,0,0,0,0,0,0,0,0,0,0,0,0,0,0,0,0,0,0,0,0,0,0,0,0,0,0,0,0,0,0,0,0,0,0,0,0,0,0,0,0,0,0,0,0,0,0,0,0,0,0,0,0.29022,0.66672,0.78679,0.90315,1.0158,1.1285,1.2123,1.2671,1.3219,1.3527,1.3595,1.3662,1.3581,1.3351,1.3121,1.2944,1.2819,1.2695,1.2428,1.2016,1.1605,1.1122,1.0567,1.0012,0.92985,0.8426,0.75534,0.66943,0.58488,0.50032,0.42181,0.34936,0.27691,0.21337,0.15871,0.10406,0.052997,0.0055504,-0.041887,-0.082935,-0.11759,-0.15225,-0.18168,-0.20589,-0.2301,-0.25057,-0.26732,-0.28406,-0.2984,-0.31031,-0.32223,-0.33219,-0.34019,-0.34819,-0.35354,-0.35622,-0.35891,-0.35806,-0.35368,-0.3493,-0.34145,-0.33011,-0.31877,-0.30543,-0.29008,-0.27472,-0.25939,-0.24406,-0.22874,-0.21428,-0.20069,-0.1871,-0.1734,-0.1596,-0.14579,-0.13063,-0.11411,-0.097593,-0.080397,-0.062529,-0.044661,-0.028512,-0.014084,0.00034574,0.010992,0.017854,0.024716,0.027362,0.025791,0.024218,0.019454,0.0115,0.003545,-0.0060781,-0.017368,-0.028658,-0.040812,-0.053827,-0.066842,-0.080786,-0.095664,-0.11054,-0.12653,-0.14364,-0.16075,-0.17836,-0.19647,-0.21457,-0.23133,-0.24675,-0.26216,-0.27399,-0.28223,-0.29047,-0.29409,-0.2931,-0.2921,-0.28741,-0.27902,-0.27063,-0.26034,-0.24813,-0.23593,-0.22261,-0.20814,-0.19368,-0.17741,-0.15933,-0.14125,-0.12058,-0.09734,-0.074097,-0.048639,-0.020965,0.0067136,0.035244,0.064624,0.094006,0.12231,0.14954,0.17677,0.20072,0.22139,0.24207,0.25795,0.26903,0.28012,0.28655,0.28833,0.2901,0.28907,0.28525,0.28143,0.27709,0.27224,0.26739,0.26511,0.2654,0.2657,0.22156,0.13295,0.022418
0,0,0,0,0.026313,0.016869,0.013372,0.015822,0.018274,0.026203,0.039608,0.053016,0.070223,0.091235,0.11225,0.13398,0.15645,0.17891,0.20001,0.21974,0.23947,0.25628,0.27017,0.28406,0.29468,0.30205,0.30941,0.31367,0.31483,0.31598,0.31465,0.31084,0.30703,0.3012,0.29335,0.2855,0.27577,0.26417,0.25257,0.23885,0.22301,0.20717,0.18895,0.16835,0.14775,0.12507,0.10032,0.075559,0.050116,0.023985,-0.0021459,-0.026893,-0.050258,-0.073621,-0.093956,-0.11126,-0.12857,-0.14254,-0.15317,-0.16381,-0.1723,-0.17866,-0.18501,-0.19135,-0.19767,-0.20399,-0.21205,-0.22186,-0.23167,-0.24329,-0.2567,-0.27011,-0.28325,-0.29611,-0.30896,-0.31858,-0.32495,-0.33132,-0.33262,-0.32886,-0.3251,-0.31528,-0.2994,-0.28352,-0.2705,-0.26033,-0.25016,-0.24068,-0.23189,-0.22309,-0.21739,-0.21478,-0.21218,-0.20882,-0.2047,-0.20059,-0.19385,-0.18449,-0.17513,-0.1615,-0.14359,-0.12569,-0.10608,-0.084769,-0.063452,-0.043905,-0.026128,-0.0083507,0.0062755,0.017748,0.029221,0.039996,0.050071,0.060147,0.072852,0.088192,0.10353,0.12283,0.1461,0.16937,0.19561,0.22482,0.25404,0.28429,0.31558,0.34687,0.37749,0.40745,0.43742,0.46579,0.49257,0.51936,0.54427,0.56733,0.59039,0.61142,0.63042,0.64943,0.66588,0.67977,0.69366,0.7047,0.7129,0.7211,0.72697,0.7305,0.73404,0.73615,0.73684,0.73753,0.73333,0.72425,0.71517,0.71468,0.72278,0.73088,0.73175,0.72538,0.71902,0.7083,0.69324,0.67817,0.65903,0.63581,0.61259,0.58652,0.55761,0.5287,0.49795,0.46536,0.43277,0.3963,0.35595,0.3156,0.27747,0.24158,0.20568,0.17137,0.13864,0.10591,0.074944,0.04575,0.016553,-0.010832,-0.036403,-0.061973,-0.085057,-0.10565,-0.12624,-0.14452,-0.16048,-0.17645,-0.19062,-0.20301,-0.2154,-0.22499,-0.23179,-0.23858,-0.24298,-0.24498,-0.24698,-0.24637,-0.24315,-0.23993,-0.23567,-0.23038,-0.22508,-0.21989,-0.2148,-0.20971,-0.20577,-0.20298,-0.2002,-0.19869,-0.19844,-0.19819,-0.19896,-0.20075,-0.20255,-0.20481,-0.20755,-0.21028,-0.21284,-0.21521,-0.21758,-0.21933,-0.22044,-0.22156,-0.2221,-0.22205,-0.222,-0.22118,-0.21958,-0.21798,-0.2152,-0.21125,-0.20729,-0.20183,-0.19484,-0.18786,-0.17935,-0.16931,-0.15928,-0.1481,-0.13577,-0.12345,-0.11039,-0.096599,-0.082806,-0.068577,-0.053914,-0.039253,-0.024079,-0.0083918,0.0072932,0.023051,0.03888,0.05471,0.068654,0.080715,0.092776,0.10062,0.10424,0.10786,0.1065,0.10016,0.093812,0.083259,0.068494,0.053726,0.035826,0.014791,-0.0062416,-0.026844,-0.047017,-0.067191,-0.085082,-0.10069,-0.1163,-0.12822,-0.13645,-0.14469,-0.15096,-0.15526,-0.15957,-0.15989,-0.15622,-0.15255,-0.1456,-0.13538,-0.12516,-0.10973,-0.089089,-0.06845,-0.046536,-0.02336,-0.00018511,0.022,0.043188,0.064379,0.083131,0.099438,0.11574,0.13376,0.1535,0.17323,0.18376,0.18508,0.18639,0.17969,0.16497,0.15025,0,0,0,0,0,0,0,0,0,0,0,0,0,0,0,0,0,0,0,0,0,0,0,0,0,0,0,0,0,0,0,0,0,0,0,0,0,0,0,0,0,0,0,0,0,0,0,0,0,0,0,0,0,0,0,0,0,0,0,0,0,0,0,0,0,0,0,0,0,0,0,0,0,0,0,0,0,0,0,0,0,0,0.6054,0.73174,0.85665,0.98011,1.1036,1.1959,1.2569,1.3179,1.353,1.3621,1.3711,1.3672,1.3502,1.3333,1.3172,1.3021,1.287,1.258,1.215,1.172,1.1225,1.0665,1.0104,0.93842,0.85044,0.76245,0.6756,0.58992,0.50423,0.42462,0.3511,0.27758,0.21318,0.15788,0.10258,0.051078,0.0034002,-0.044271,-0.085155,-0.11925,-0.15335,-0.18211,-0.20554,-0.22896,-0.24899,-0.26564,-0.28229,-0.29661,-0.30858,-0.32056,-0.33038,-0.33806,-0.34574,-0.35048,-0.3523,-0.35411,-0.35238,-0.34711,-0.34183,-0.33319,-0.3212,-0.3092,-0.29551,-0.28014,-0.26476,-0.24966,-0.23483,-0.22,-0.20608,-0.19307,-0.18007,-0.16676,-0.15315,-0.13954,-0.12423,-0.10722,-0.090211,-0.072402,-0.053791,-0.035182,-0.018511,-0.003778,0.010957,0.02157,0.028059,0.034548,0.036694,0.034493,0.032292,0.027076,0.018847,0.010618,0.0010092,-0.0099771,-0.020963,-0.032748,-0.045331,-0.057913,-0.071596,-0.086385,-0.10118,-0.11729,-0.13474,-0.15219,-0.17013,-0.18854,-0.20695,-0.22374,-0.23893,-0.25411,-0.26541,-0.27283,-0.28024,-0.28302,-0.28117,-0.27931,-0.27415,-0.26569,-0.25723,-0.24749,-0.23648,-0.22547,-0.21373,-0.20124,-0.18876,-0.17436,-0.15805,-0.14174,-0.12229,-0.099712,-0.07713,-0.051738,-0.02353,0.0046843,0.034158,0.064895,0.09563,0.12518,0.15353,0.18189,0.20663,0.22777,0.2489,0.26483,0.27556,0.28628,0.29223,0.29339,0.29454,0.29241,0.28698,0.28156,0.27597,0.27021,0.26446,0.26129,0.26071,0.26014,0.21656,0.12995,0
0,0,0,0,0.027798,0.017277,0.013175,0.015494,0.017814,0.025754,0.039317,0.052881,0.070081,0.090918,0.11176,0.13327,0.15546,0.17766,0.19848,0.21795,0.23741,0.25394,0.26753,0.28113,0.29146,0.29853,0.3056,0.30962,0.31059,0.31156,0.31015,0.30635,0.30256,0.29681,0.2891,0.28139,0.27178,0.26029,0.24879,0.23508,0.21915,0.20323,0.1849,0.16417,0.14343,0.12076,0.096156,0.071547,0.04649,0.020983,-0.0045257,-0.028508,-0.050966,-0.073425,-0.092908,-0.10942,-0.12593,-0.13928,-0.14948,-0.15968,-0.16788,-0.17409,-0.1803,-0.18643,-0.1925,-0.19856,-0.20611,-0.21514,-0.22416,-0.23473,-0.24685,-0.25896,-0.27087,-0.28258,-0.29429,-0.30328,-0.30956,-0.31583,-0.3174,-0.31425,-0.3111,-0.30247,-0.28837,-0.27426,-0.26265,-0.25353,-0.24441,-0.23568,-0.22735,-0.21902,-0.21329,-0.21018,-0.20707,-0.20348,-0.19942,-0.19535,-0.18887,-0.17996,-0.17105,-0.15778,-0.14016,-0.12253,-0.10304,-0.08168,-0.060322,-0.040714,-0.022855,-0.004997,0.0096418,0.021059,0.032475,0.042928,0.052419,0.061909,0.073778,0.088029,0.10228,0.12046,0.14259,0.16472,0.19004,0.21857,0.2471,0.27701,0.30829,0.33957,0.37045,0.40093,0.43141,0.46038,0.48783,0.51529,0.54067,0.56399,0.58732,0.60836,0.62711,0.64587,0.66215,0.67594,0.68974,0.70097,0.70963,0.71829,0.72394,0.72657,0.7292,0.7311,0.73225,0.73341,0.72856,0.71769,0.70683,0.70599,0.71519,0.72439,0.7253,0.71791,0.71052,0.69976,0.68562,0.67148,0.65289,0.62986,0.60683,0.58143,0.55364,0.52586,0.49608,0.46428,0.43248,0.39669,0.35691,0.31714,0.27903,0.24258,0.20614,0.17091,0.13691,0.10291,0.071027,0.041282,0.011533,-0.016172,-0.041829,-0.067488,-0.090491,-0.11084,-0.13118,-0.14948,-0.16574,-0.18199,-0.19614,-0.20818,-0.22023,-0.22929,-0.23536,-0.24144,-0.2446,-0.24485,-0.24511,-0.24343,-0.23982,-0.23622,-0.23168,-0.22623,-0.22077,-0.21562,-0.21079,-0.20595,-0.20228,-0.19978,-0.19728,-0.19593,-0.19575,-0.19557,-0.19639,-0.19822,-0.20005,-0.2024,-0.20527,-0.20815,-0.21078,-0.21316,-0.21555,-0.21717,-0.21802,-0.21887,-0.21907,-0.21863,-0.21818,-0.21693,-0.21487,-0.21282,-0.20952,-0.20498,-0.20044,-0.19445,-0.18703,-0.1796,-0.17082,-0.1607,-0.15058,-0.1395,-0.12746,-0.11542,-0.1028,-0.08961,-0.076421,-0.062855,-0.048909,-0.034967,-0.020422,-0.0052749,0.0098719,0.025274,0.040932,0.056591,0.070599,0.082956,0.095314,0.10367,0.10802,0.11237,0.11134,0.10495,0.098546,0.087524,0.071883,0.05624,0.037538,0.015773,-0.0059958,-0.027233,-0.047937,-0.068643,-0.086803,-0.10241,-0.11802,-0.13003,-0.13845,-0.14685,-0.15365,-0.15883,-0.16402,-0.16547,-0.1632,-0.16093,-0.15485,-0.14497,-0.13508,-0.11947,-0.098135,-0.0768,-0.053707,-0.028862,-0.0040155,0.019703,0.042283,0.064866,0.084958,0.10255,0.12014,0.13939,0.16028,0.18117,0.1945,0.20026,0.20602,0.20174,0.18741,0.17308,0.076776,0.05515,0,0,0,0,0,0,0,0,0,0,0,0,0,0,0,0,0,0,0,0,0,0,0,0,0,0,0,0,0,0,0,0,0,0,0,0,0,0,0,0,0,0,0,0,0,0,0,0,0,0,0,0,0,0,0,0,0,0,0,0,0,0,0,0,0,0,0,0,0,0,0,0,0,0,0,0,0,0,0,0,0.5378,0.6849,0.82151,0.94755,1.0736,1.1711,1.2401,1.3092,1.3511,1.366,1.3809,1.3819,1.3691,1.3564,1.3387,1.3161,1.2935,1.2612,1.2192,1.1772,1.1279,1.0714,1.0148,0.94281,0.85528,0.76775,0.68109,0.5953,0.5095,0.43012,0.35717,0.28422,0.21895,0.16134,0.10374,0.050807,0.0025782,-0.045643,-0.086617,-0.12033,-0.15404,-0.18228,-0.20506,-0.22784,-0.24745,-0.2639,-0.28035,-0.29462,-0.30669,-0.31877,-0.32852,-0.33596,-0.34341,-0.34765,-0.34868,-0.34972,-0.3471,-0.34084,-0.33457,-0.32512,-0.31248,-0.29985,-0.28581,-0.27038,-0.25494,-0.23999,-0.22553,-0.21107,-0.19753,-0.18492,-0.1723,-0.15915,-0.14548,-0.1318,-0.11621,-0.098706,-0.081201,-0.06285,-0.043654,-0.02446,-0.0074287,0.0074408,0.022311,0.032724,0.038677,0.044629,0.046143,0.043216,0.040289,0.034564,0.026041,0.017519,0.0079061,-0.0027944,-0.013492,-0.024848,-0.036863,-0.048877,-0.062136,-0.076643,-0.091151,-0.10722,-0.12486,-0.1425,-0.1607,-0.17945,-0.19819,-0.21514,-0.23029,-0.24545,-0.25644,-0.26329,-0.27014,-0.27229,-0.26976,-0.26723,-0.26172,-0.25324,-0.24475,-0.23552,-0.22554,-0.21555,-0.20523,-0.19455,-0.18387,-0.17121,-0.15656,-0.14191,-0.12364,-0.10175,-0.07985,-0.054566,-0.025882,0.0028062,0.033058,0.064879,0.096699,0.1272,0.1564,0.18558,0.21087,0.23224,0.25362,0.26961,0.28021,0.29082,0.29659,0.29754,0.29849,0.29604,0.29018,0.28432,0.27837,0.27232,0.26628,0.26279,0.26184,0.2609,0.21704,0.13024,0
0,0,0,0,0.027981,0.017242,0.012961,0.015142,0.017324,0.025378,0.039304,0.053233,0.070259,0.090381,0.1105,0.1314,0.15306,0.17472,0.19506,0.21409,0.23311,0.24941,0.26299,0.27656,0.28687,0.29391,0.30095,0.30501,0.30608,0.30716,0.30586,0.30218,0.2985,0.29286,0.28526,0.27765,0.2681,0.2566,0.2451,0.23133,0.21527,0.19922,0.18079,0.15997,0.13916,0.1166,0.092282,0.067966,0.043426,0.018659,-0.0061071,-0.029248,-0.050766,-0.072283,-0.090908,-0.10664,-0.12237,-0.13514,-0.14494,-0.15473,-0.16269,-0.1688,-0.17492,-0.18091,-0.18679,-0.19266,-0.19975,-0.20806,-0.21638,-0.2259,-0.23665,-0.2474,-0.25795,-0.2683,-0.27865,-0.28678,-0.29269,-0.2986,-0.29992,-0.29663,-0.29334,-0.28642,-0.27589,-0.26536,-0.25563,-0.2467,-0.23777,-0.22987,-0.223,-0.21614,-0.21088,-0.20723,-0.20358,-0.1997,-0.19559,-0.19148,-0.18492,-0.17592,-0.16692,-0.15369,-0.13624,-0.11878,-0.099488,-0.078357,-0.057225,-0.037782,-0.020026,-0.0022665,0.012399,0.023969,0.03554,0.045906,0.055068,0.06423,0.075463,0.088766,0.10207,0.11919,0.14012,0.16106,0.18535,0.21301,0.24068,0.26999,0.30095,0.33191,0.36269,0.3933,0.42392,0.45317,0.48106,0.50894,0.53469,0.55828,0.58187,0.60298,0.62162,0.64025,0.65652,0.67043,0.68434,0.69597,0.70531,0.71466,0.71943,0.71962,0.7198,0.72074,0.72242,0.72411,0.71953,0.70868,0.69784,0.6965,0.70466,0.71283,0.7127,0.70427,0.69584,0.68603,0.67485,0.66368,0.64691,0.62454,0.60218,0.57789,0.55167,0.52545,0.49689,0.46596,0.43503,0.40023,0.36156,0.32289,0.28462,0.24676,0.2089,0.1723,0.13693,0.10156,0.068461,0.03762,0.006773,-0.021449,-0.047046,-0.072647,-0.095511,-0.11565,-0.13578,-0.15377,-0.16962,-0.18546,-0.19909,-0.2105,-0.22192,-0.23023,-0.23545,-0.24067,-0.24308,-0.24268,-0.24228,-0.24008,-0.23607,-0.23207,-0.22735,-0.22193,-0.21651,-0.2116,-0.20721,-0.20282,-0.19942,-0.197,-0.19459,-0.19322,-0.19289,-0.19255,-0.19318,-0.19477,-0.19636,-0.19859,-0.20147,-0.20434,-0.20704,-0.20956,-0.21208,-0.2138,-0.21471,-0.21561,-0.21575,-0.21511,-0.21447,-0.21295,-0.21053,-0.20812,-0.20433,-0.19915,-0.19398,-0.18745,-0.17958,-0.1717,-0.16272,-0.15265,-0.14257,-0.1317,-0.12005,-0.10839,-0.096343,-0.083904,-0.071464,-0.058618,-0.045365,-0.032112,-0.018064,-0.0032168,0.011632,0.026952,0.042743,0.058537,0.072966,0.086027,0.099089,0.1084,0.11394,0.11949,0.11907,0.11267,0.10628,0.094521,0.077411,0.0603,0.040566,0.018207,-0.0041521,-0.025845,-0.046871,-0.0679,-0.085682,-0.10021,-0.11474,-0.12608,-0.1342,-0.14232,-0.14932,-0.15519,-0.16105,-0.16376,-0.16331,-0.16286,-0.15796,-0.14861,-0.13925,-0.12415,-0.10332,-0.082473,-0.05892,-0.032652,-0.0063791,0.018273,0.0413,0.064328,0.084687,0.10237,0.12006,0.13849,0.15766,0.17683,0.19274,0.20539,0.21803,0.2177,0.2044,0.1911,0.16507,0.12628,0,0,0,0,0,0,0,0,0,0,0,0,0,0,0,0,0,0,0,0,0,0,0,0,0,0,0,0,0,0,0,0,0,0,0,0,0,0,0,0,0,0,0,0,0,0,0,0,0,0,0,0,0,0,0,0,0,0,0,0,0,0,0,0,0,0,0,0,0,0,0,0,0,0,0,0,0,0,0,0,0.46386,0.6463,0.79773,0.91811,1.0385,1.138,1.2168,1.2956,1.3471,1.3713,1.3955,1.4024,1.3919,1.3814,1.3588,1.3239,1.2891,1.2525,1.2143,1.176,1.1284,1.0714,1.0145,0.94303,0.85714,0.77125,0.68587,0.60101,0.51615,0.43834,0.36759,0.29684,0.23069,0.16911,0.10753,0.052193,0.0030952,-0.045999,-0.087309,-0.12082,-0.15432,-0.1822,-0.20446,-0.22673,-0.24594,-0.26209,-0.27825,-0.29243,-0.30464,-0.31685,-0.3266,-0.3339,-0.3412,-0.34502,-0.34537,-0.34572,-0.34222,-0.33487,-0.32752,-0.31722,-0.30397,-0.29073,-0.27633,-0.2608,-0.24526,-0.23038,-0.21618,-0.20197,-0.18865,-0.17623,-0.16381,-0.15059,-0.13659,-0.12259,-0.10658,-0.088573,-0.070562,-0.051742,-0.032117,-0.012496,0.0047342,0.019572,0.03441,0.044455,0.049706,0.054957,0.055709,0.051962,0.048213,0.04192,0.033081,0.024244,0.01461,0.0041814,-0.0062437,-0.017112,-0.028423,-0.039733,-0.052404,-0.066434,-0.080462,-0.096316,-0.114,-0.13168,-0.15008,-0.16919,-0.1883,-0.20552,-0.22084,-0.23616,-0.24709,-0.25362,-0.26015,-0.26191,-0.25888,-0.25586,-0.25012,-0.24166,-0.2332,-0.22441,-0.2153,-0.20618,-0.19711,-0.18807,-0.17903,-0.16796,-0.15486,-0.14176,-0.12462,-0.10344,-0.082261,-0.057125,-0.028025,0.0010812,0.03195,0.064582,0.097216,0.1284,0.15813,0.18786,0.21343,0.23484,0.25624,0.2723,0.28301,0.29371,0.29964,0.30079,0.30194,0.29995,0.29484,0.28972,0.28429,0.27857,0.27285,0.26958,0.26879,0.26799,0.223,0.13381,0
0,0,0,0,0.028164,0.017206,0.012747,0.01479,0.016835,0.025002,0.039293,0.053585,0.070434,0.089843,0.10925,0.12952,0.15065,0.17178,0.19164,0.21022,0.22881,0.24488,0.25844,0.27199,0.28228,0.28929,0.2963,0.3004,0.30157,0.30275,0.30156,0.298,0.29444,0.28892,0.28142,0.27392,0.26442,0.25292,0.24142,0.22758,0.21139,0.19521,0.17667,0.15578,0.13489,0.11243,0.088411,0.064387,0.040362,0.016336,-0.0076893,-0.029989,-0.050566,-0.071142,-0.088908,-0.10386,-0.11882,-0.131,-0.14039,-0.14978,-0.15749,-0.16352,-0.16954,-0.1754,-0.18108,-0.18677,-0.1934,-0.20099,-0.20859,-0.21707,-0.22646,-0.23584,-0.24503,-0.25402,-0.26301,-0.27028,-0.27582,-0.28137,-0.28243,-0.279,-0.27557,-0.27038,-0.26341,-0.25645,-0.2486,-0.23987,-0.23113,-0.22406,-0.21866,-0.21325,-0.20846,-0.20428,-0.20009,-0.19592,-0.19176,-0.1876,-0.18098,-0.17188,-0.16279,-0.1496,-0.13232,-0.11504,-0.09594,-0.075035,-0.05413,-0.03485,-0.017193,0.00046216,0.015154,0.02688,0.038604,0.048884,0.057718,0.066551,0.077146,0.089503,0.10186,0.11791,0.13765,0.1574,0.18067,0.20746,0.23425,0.26297,0.29361,0.32425,0.35494,0.38568,0.41643,0.44597,0.47428,0.5026,0.52869,0.55256,0.57642,0.59761,0.61611,0.63463,0.65089,0.66491,0.67894,0.69096,0.701,0.71103,0.71492,0.71266,0.7104,0.71038,0.71259,0.71479,0.71049,0.69967,0.68885,0.687,0.69414,0.70127,0.7001,0.69062,0.68115,0.6723,0.66408,0.65586,0.64091,0.61922,0.59753,0.57436,0.5497,0.52505,0.4977,0.46764,0.43759,0.40378,0.3662,0.32864,0.29021,0.25094,0.21167,0.17367,0.13695,0.10023,0.065896,0.033953,0.0020105,-0.026727,-0.052264,-0.077802,-0.10053,-0.12046,-0.14038,-0.15806,-0.17349,-0.18892,-0.20203,-0.21281,-0.2236,-0.23118,-0.23554,-0.2399,-0.24156,-0.24051,-0.23945,-0.23673,-0.23232,-0.22792,-0.22302,-0.21763,-0.21225,-0.20758,-0.20364,-0.19969,-0.19656,-0.19423,-0.19191,-0.1905,-0.19002,-0.18954,-0.18997,-0.19132,-0.19267,-0.19478,-0.19766,-0.20054,-0.20331,-0.20597,-0.20862,-0.21043,-0.21139,-0.21236,-0.21242,-0.21159,-0.21076,-0.20896,-0.20619,-0.20342,-0.19913,-0.19332,-0.18751,-0.18045,-0.17213,-0.1638,-0.15463,-0.14459,-0.13455,-0.1239,-0.11263,-0.10137,-0.089888,-0.078198,-0.066509,-0.054383,-0.041822,-0.02926,-0.015706,-0.00116,0.01339,0.028628,0.044554,0.060482,0.075332,0.089098,0.10287,0.11312,0.11987,0.12662,0.12679,0.1204,0.114,0.10152,0.082939,0.064359,0.043595,0.020646,-0.0023015,-0.024452,-0.045806,-0.067159,-0.084562,-0.098013,-0.11147,-0.12211,-0.12995,-0.13779,-0.14499,-0.15153,-0.15808,-0.16204,-0.16342,-0.16479,-0.16107,-0.15224,-0.14341,-0.12883,-0.10849,-0.088147,-0.064131,-0.036438,-0.0087446,0.016837,0.040311,0.063782,0.084412,0.10219,0.11997,0.13759,0.15504,0.17249,0.19098,0.21051,0.23003,0.23367,0.2214,0.20913,0.18808,0.15823,0,0,0,0,0,0,0,0,0,0,0,0,0,0,0,0,0,0,0,0,0,0,0,0,0,0,0,0,0,0,0,0,0,0,0,0,0,0,0,0,0,0,0,0,0,0,0,0,0,0,0,0,0,0,0,0,0,0,0,0,0,0,0,0,0,0,0,0,0,0,0,0,0,0,0,0,0,0,0,0,0.38996,0.60772,0.77394,0.88864,1.0033,1.105,1.1935,1.282,1.3431,1.3766,1.4101,1.4228,1.4146,1.4065,1.3788,1.3317,1.2846,1.2439,1.2094,1.1749,1.1289,1.0715,1.0141,0.94325,0.859,0.77474,0.69064,0.60672,0.52279,0.44654,0.378,0.30946,0.24242,0.17689,0.11135,0.053598,0.0036201,-0.046359,-0.087999,-0.12129,-0.15458,-0.18211,-0.20387,-0.22563,-0.24443,-0.26028,-0.27614,-0.29024,-0.30259,-0.31493,-0.32469,-0.33184,-0.33899,-0.3424,-0.34206,-0.34173,-0.33734,-0.32891,-0.32047,-0.30932,-0.29547,-0.28161,-0.26686,-0.25122,-0.23558,-0.22078,-0.20682,-0.19286,-0.17976,-0.16754,-0.15531,-0.14203,-0.12771,-0.11338,-0.096957,-0.078439,-0.05992,-0.040635,-0.020583,-0.00053192,0.016897,0.031703,0.046508,0.056186,0.060735,0.065283,0.065276,0.060707,0.056138,0.049277,0.040123,0.030967,0.021313,0.01116,0.0010055,-0.0093765,-0.019984,-0.030592,-0.042672,-0.056223,-0.069774,-0.08541,-0.10313,-0.12085,-0.13945,-0.15893,-0.17841,-0.1959,-0.2114,-0.22689,-0.23774,-0.24396,-0.25017,-0.25152,-0.24801,-0.24449,-0.23852,-0.23008,-0.22165,-0.21331,-0.20506,-0.19681,-0.18899,-0.18159,-0.17419,-0.16472,-0.15316,-0.14161,-0.1256,-0.10514,-0.084676,-0.059688,-0.03017,-0.00064421,0.030839,0.064284,0.097727,0.12959,0.15986,0.19014,0.216,0.23743,0.25886,0.27499,0.2858,0.2966,0.30268,0.30404,0.30539,0.30387,0.29949,0.29512,0.29022,0.28482,0.27942,0.27639,0.27573,0.27508,0.22897,0.13739,0.023203
0,0,0,0,0.026627,0.016354,0.012427,0.014847,0.017268,0.025536,0.039655,0.053774,0.07011,0.088666,0.10722,0.12659,0.14675,0.16692,0.18606,0.20417,0.22227,0.23811,0.25167,0.26523,0.27565,0.28292,0.29019,0.29456,0.29601,0.29747,0.29653,0.2932,0.28987,0.28452,0.27716,0.26979,0.26034,0.24881,0.23728,0.22338,0.2071,0.19081,0.17222,0.15131,0.13039,0.10807,0.084327,0.060581,0.037026,0.013661,-0.0097055,-0.031189,-0.050789,-0.070389,-0.08715,-0.10107,-0.11499,-0.1263,-0.135,-0.1437,-0.15096,-0.15677,-0.16258,-0.16831,-0.17398,-0.17965,-0.18607,-0.19325,-0.20044,-0.20814,-0.21636,-0.22458,-0.23243,-0.23992,-0.2474,-0.25354,-0.25835,-0.26317,-0.26425,-0.2616,-0.25895,-0.25529,-0.25062,-0.24594,-0.24005,-0.23293,-0.22582,-0.21998,-0.21541,-0.21085,-0.20636,-0.20194,-0.19752,-0.19308,-0.18862,-0.18416,-0.17724,-0.16788,-0.15851,-0.1453,-0.12825,-0.1112,-0.092408,-0.071868,-0.051329,-0.032329,-0.014869,0.0025856,0.017282,0.029218,0.041149,0.051458,0.060145,0.068829,0.078935,0.090464,0.10199,0.11708,0.13571,0.15434,0.1766,0.20248,0.22837,0.25631,0.28631,0.31631,0.34652,0.37694,0.40736,0.43674,0.46507,0.4934,0.51975,0.54409,0.56843,0.58993,0.60859,0.62726,0.64349,0.65727,0.67106,0.68302,0.69313,0.70324,0.70653,0.70299,0.69945,0.69821,0.6993,0.70038,0.69634,0.68718,0.67802,0.67546,0.6795,0.68354,0.68118,0.67244,0.6637,0.65535,0.64741,0.63947,0.62625,0.60775,0.58925,0.56888,0.54667,0.52445,0.49897,0.47023,0.44147,0.40833,0.3708,0.33327,0.29399,0.25295,0.21191,0.17227,0.13404,0.095809,0.060567,0.028314,-0.0039341,-0.032669,-0.057893,-0.083117,-0.10568,-0.12559,-0.1455,-0.16307,-0.17832,-0.19357,-0.20619,-0.21618,-0.22617,-0.23297,-0.23657,-0.24017,-0.24116,-0.23954,-0.23792,-0.23484,-0.23028,-0.22572,-0.22092,-0.21588,-0.21085,-0.20643,-0.20262,-0.19881,-0.19569,-0.19326,-0.19083,-0.18923,-0.18847,-0.18771,-0.18785,-0.1889,-0.18995,-0.19183,-0.19456,-0.19729,-0.20003,-0.20278,-0.20553,-0.20748,-0.20862,-0.20975,-0.20981,-0.2088,-0.20778,-0.20564,-0.20238,-0.19912,-0.19435,-0.18807,-0.18179,-0.17431,-0.16562,-0.15693,-0.14763,-0.13771,-0.1278,-0.11752,-0.1069,-0.096271,-0.085532,-0.074679,-0.063827,-0.05251,-0.04073,-0.028951,-0.016042,-0.0020056,0.012032,0.027303,0.043807,0.060311,0.076394,0.092052,0.10771,0.11972,0.12808,0.13644,0.13732,0.13074,0.12416,0.11057,0.089977,0.069385,0.047066,0.023015,-0.0010367,-0.023318,-0.043829,-0.064338,-0.08042,-0.092075,-0.10373,-0.11281,-0.1193,-0.1258,-0.13256,-0.1396,-0.14663,-0.15195,-0.15554,-0.15913,-0.15706,-0.14932,-0.14157,-0.12801,-0.10863,-0.089254,-0.065699,-0.037965,-0.010232,0.015192,0.038306,0.061418,0.081444,0.098377,0.1153,0.13151,0.14701,0.1625,0.18191,0.20522,0.22854,0.23598,0.22754,0.21909,0.20329,0.18013,0,0,0,0,0,0,0,0,0,0,0,0,0,0,0,0,0,0,0,0,0,0,0,0,0,0,0,0,0,0,0,0,0,0,0,0,0,0,0,0,0,0,0,0,0,0,0,0,0,0,0,0,0,0,0,0,0,0,0,0,0,0,0,0,0,0,0,0,0,0,0,0,0,0,0,0,0,0,0,0,0.33889,0.56488,0.73438,0.84736,0.96037,1.0672,1.1677,1.2683,1.3391,1.38,1.421,1.439,1.4341,1.4293,1.399,1.3434,1.2877,1.2424,1.2076,1.1729,1.1268,1.0695,1.0122,0.94265,0.86096,0.77926,0.69818,0.61776,0.53734,0.4619,0.39146,0.32105,0.25163,0.18321,0.11479,0.055242,0.0045784,-0.046074,-0.088106,-0.12152,-0.15493,-0.18255,-0.20437,-0.2262,-0.24493,-0.26056,-0.27619,-0.28993,-0.30177,-0.31361,-0.32293,-0.32973,-0.33652,-0.33954,-0.33878,-0.33803,-0.33303,-0.3238,-0.31457,-0.30255,-0.28772,-0.2729,-0.25751,-0.24155,-0.22559,-0.2108,-0.19719,-0.18358,-0.1707,-0.15853,-0.14637,-0.13293,-0.1182,-0.10348,-0.086626,-0.067642,-0.048658,-0.02902,-0.0087271,0.011566,0.029087,0.043836,0.058584,0.067965,0.071977,0.075986,0.075271,0.069828,0.064383,0.056771,0.046986,0.037201,0.027329,0.017367,0.0074024,-0.0024454,-0.012176,-0.021907,-0.033012,-0.045495,-0.057981,-0.072857,-0.090122,-0.10739,-0.12594,-0.14578,-0.16562,-0.18359,-0.1997,-0.2158,-0.22701,-0.23334,-0.23967,-0.24094,-0.23715,-0.23335,-0.22726,-0.21888,-0.21049,-0.20252,-0.19497,-0.18741,-0.18058,-0.17448,-0.16837,-0.16024,-0.15008,-0.13993,-0.12498,-0.10523,-0.085487,-0.060732,-0.030964,-0.001187,0.03068,0.064648,0.098618,0.13084,0.16133,0.19181,0.21776,0.23915,0.26055,0.27674,0.28772,0.29869,0.30525,0.30739,0.30954,0.30917,0.3063,0.30342,0.29969,0.29511,0.29054,0.2876,0.28629,0.28499,0.23697,0.1422,0.047413
0,0,0,0,0.023371,0.014688,0.012001,0.01531,0.018621,0.02698,0.04039,0.053801,0.069288,0.086854,0.10442,0.12259,0.14137,0.16015,0.17833,0.19591,0.2135,0.22909,0.24268,0.25628,0.26698,0.2748,0.28262,0.28748,0.2894,0.29132,0.29077,0.28777,0.28477,0.27967,0.27247,0.26527,0.25587,0.24428,0.23268,0.21872,0.20238,0.18604,0.16743,0.14656,0.12568,0.1035,0.080026,0.056548,0.033416,0.010631,-0.012156,-0.032845,-0.051437,-0.070029,-0.085637,-0.09826,-0.11088,-0.12105,-0.12877,-0.13648,-0.14308,-0.14855,-0.15402,-0.15967,-0.16549,-0.17131,-0.17776,-0.18485,-0.19194,-0.19911,-0.20636,-0.21361,-0.22015,-0.22598,-0.23181,-0.23657,-0.24029,-0.244,-0.24537,-0.24442,-0.24347,-0.24116,-0.23749,-0.23382,-0.22996,-0.22589,-0.22182,-0.21762,-0.21327,-0.20892,-0.20457,-0.20022,-0.19586,-0.19118,-0.18616,-0.18115,-0.17373,-0.1639,-0.15408,-0.14079,-0.12404,-0.10729,-0.088889,-0.068854,-0.04882,-0.03022,-0.013056,0.0041036,0.018783,0.030982,0.043177,0.053632,0.062347,0.07106,0.080828,0.091654,0.10248,0.11669,0.13429,0.15188,0.17315,0.19809,0.22303,0.25002,0.27906,0.3081,0.33744,0.36708,0.39673,0.42551,0.45344,0.48136,0.50784,0.53287,0.5579,0.57996,0.59905,0.61815,0.6343,0.64751,0.66073,0.67213,0.68172,0.69131,0.69427,0.69061,0.68694,0.68426,0.68255,0.68085,0.67707,0.67122,0.66536,0.66187,0.66075,0.65963,0.65595,0.64972,0.64348,0.63519,0.62484,0.6145,0.60293,0.59013,0.57734,0.56148,0.54258,0.52366,0.50071,0.4737,0.44669,0.41391,0.37536,0.33681,0.29596,0.25279,0.20962,0.1681,0.1282,0.088319,0.052489,0.020716,-0.011051,-0.039267,-0.063934,-0.088597,-0.11097,-0.13105,-0.15113,-0.16882,-0.18411,-0.1994,-0.21156,-0.2206,-0.22963,-0.23561,-0.23853,-0.24146,-0.24187,-0.23978,-0.23769,-0.23441,-0.22993,-0.22546,-0.22104,-0.21668,-0.21232,-0.20815,-0.20417,-0.20018,-0.19682,-0.19409,-0.19135,-0.1894,-0.18822,-0.18705,-0.18681,-0.1875,-0.1882,-0.18975,-0.19216,-0.19458,-0.19719,-0.20001,-0.20283,-0.20495,-0.20637,-0.2078,-0.20791,-0.20671,-0.20551,-0.20297,-0.1991,-0.19522,-0.18999,-0.18339,-0.1768,-0.16902,-0.16006,-0.15109,-0.14175,-0.13202,-0.1223,-0.11257,-0.10284,-0.093109,-0.083278,-0.073349,-0.063417,-0.052997,-0.04209,-0.031182,-0.019073,-0.0057606,0.0075511,0.022969,0.040496,0.058024,0.076154,0.09489,0.11363,0.12819,0.13857,0.14895,0.15066,0.1437,0.13673,0.12168,0.098528,0.075382,0.050973,0.025306,-0.0003625,-0.022445,-0.040945,-0.059443,-0.073263,-0.082402,-0.091542,-0.098159,-0.10225,-0.10634,-0.11205,-0.11939,-0.12672,-0.13349,-0.13968,-0.14587,-0.14592,-0.13983,-0.13373,-0.12171,-0.10375,-0.085797,-0.063625,-0.037236,-0.010843,0.013331,0.035285,0.057238,0.075784,0.09092,0.10605,0.12026,0.13357,0.14687,0.16553,0.18954,0.21356,0.22466,0.22282,0.22098,0.2107,0.19199,0.090717,0,0,0,0,0,0,0,0,0,0,0,0,0,0,0,0,0,0,0,0,0,0,0,0,0,0,0,0,0,0,0,0,0,0,0,0,0,0,0,0,0,0,0,0,0,0,0,0,0,0,0,0,0,0,0,0,0,0,0,0,0,0,0,0,0,0,0,0,0,0,0,0,0,0,0,0,0,0,0,0.31063,0.51776,0.67897,0.79424,0.90953,1.0246,1.1396,1.2545,1.3352,1.3816,1.428,1.4509,1.4504,1.4499,1.4193,1.3587,1.2981,1.2482,1.2091,1.17,1.1221,1.0654,1.0087,0.94124,0.86303,0.78479,0.70849,0.63413,0.55979,0.48442,0.40802,0.33163,0.25832,0.18807,0.11783,0.057135,0.0059981,-0.045128,-0.087621,-0.12148,-0.15534,-0.18351,-0.20597,-0.22844,-0.24742,-0.26291,-0.27841,-0.2915,-0.30219,-0.31288,-0.32134,-0.32757,-0.33381,-0.33646,-0.33554,-0.33461,-0.32928,-0.31955,-0.30982,-0.29689,-0.28075,-0.26461,-0.24829,-0.23179,-0.21529,-0.20046,-0.1873,-0.17414,-0.16144,-0.14921,-0.13698,-0.12327,-0.10808,-0.092891,-0.075592,-0.056183,-0.036772,-0.016895,0.003452,0.023796,0.041303,0.055972,0.070641,0.079794,0.083431,0.087065,0.085698,0.079325,0.07295,0.064401,0.053675,0.042948,0.032657,0.022802,0.012946,0.0036803,-0.0049957,-0.013674,-0.023425,-0.034252,-0.045082,-0.058656,-0.074969,-0.09128,-0.10953,-0.12973,-0.14993,-0.1686,-0.18575,-0.20289,-0.2149,-0.22178,-0.22866,-0.23017,-0.2263,-0.22243,-0.21634,-0.20803,-0.19972,-0.19205,-0.18502,-0.17799,-0.17189,-0.16673,-0.16157,-0.15453,-0.14563,-0.13672,-0.12276,-0.10373,-0.084696,-0.06026,-0.030408,-0.0005532,0.031473,0.065679,0.099889,0.13217,0.16253,0.19289,0.21872,0.24001,0.2613,0.27755,0.28877,0.29998,0.30735,0.31087,0.31439,0.31585,0.31524,0.31464,0.31271,0.30946,0.3062,0.30321,0.30047,0.29773,0.24699,0.14822,0.04942
0,0,0,0,0.020117,0.013024,0.011576,0.015775,0.019974,0.028425,0.041126,0.053828,0.068466,0.085041,0.10162,0.11859,0.13598,0.15337,0.1706,0.18766,0.20473,0.22007,0.2337,0.24732,0.25832,0.26668,0.27505,0.28041,0.28279,0.28516,0.28501,0.28235,0.27968,0.27482,0.26779,0.26075,0.2514,0.23975,0.22809,0.21406,0.19767,0.18127,0.16265,0.14181,0.12096,0.098935,0.075722,0.05251,0.029802,0.0075975,-0.014606,-0.034501,-0.052086,-0.06967,-0.084124,-0.09545,-0.10677,-0.1158,-0.12254,-0.12927,-0.1352,-0.14033,-0.14547,-0.15102,-0.15699,-0.16297,-0.16945,-0.17644,-0.18344,-0.19008,-0.19636,-0.20264,-0.20787,-0.21204,-0.21622,-0.21961,-0.22222,-0.22483,-0.2265,-0.22724,-0.22799,-0.22703,-0.22437,-0.22171,-0.21987,-0.21885,-0.21783,-0.21525,-0.21112,-0.20699,-0.20278,-0.19849,-0.1942,-0.18927,-0.1837,-0.17813,-0.17021,-0.15993,-0.14965,-0.13628,-0.11982,-0.10337,-0.085369,-0.065839,-0.046309,-0.028111,-0.011242,0.0056224,0.020286,0.032748,0.045206,0.055807,0.064549,0.073291,0.082722,0.092843,0.10296,0.1163,0.13286,0.14942,0.16971,0.19371,0.21771,0.24374,0.27182,0.29989,0.32836,0.35723,0.38609,0.41429,0.44181,0.46932,0.49593,0.52164,0.54736,0.56999,0.58951,0.60903,0.62511,0.63775,0.65039,0.66124,0.6703,0.67937,0.68201,0.67822,0.67444,0.6703,0.66582,0.66133,0.65781,0.65525,0.65269,0.64828,0.642,0.63573,0.63073,0.627,0.62327,0.61503,0.60228,0.58952,0.5796,0.57252,0.56543,0.55408,0.53848,0.52287,0.50244,0.47718,0.4519,0.41948,0.37992,0.34035,0.29791,0.25262,0.20733,0.16392,0.12237,0.080826,0.044408,0.013117,-0.018171,-0.045867,-0.069976,-0.09408,-0.11626,-0.13651,-0.15676,-0.17456,-0.18989,-0.20523,-0.21693,-0.22501,-0.23309,-0.23825,-0.2405,-0.24275,-0.24259,-0.24002,-0.23745,-0.23398,-0.22959,-0.22519,-0.22116,-0.21747,-0.21379,-0.20987,-0.20571,-0.20155,-0.19795,-0.19491,-0.19188,-0.18956,-0.18798,-0.18639,-0.18577,-0.18611,-0.18645,-0.18767,-0.18977,-0.19187,-0.19436,-0.19724,-0.20012,-0.20242,-0.20413,-0.20584,-0.20601,-0.20463,-0.20324,-0.20031,-0.19581,-0.19132,-0.18562,-0.17872,-0.17182,-0.16374,-0.15449,-0.14525,-0.13586,-0.12633,-0.1168,-0.10762,-0.098783,-0.089947,-0.081024,-0.072016,-0.063006,-0.053483,-0.043447,-0.03341,-0.022101,-0.0095169,0.0030691,0.018636,0.037186,0.055737,0.075917,0.09773,0.11955,0.13665,0.14906,0.16146,0.16399,0.15665,0.14931,0.13278,0.10708,0.081379,0.054882,0.027598,0.00031504,-0.021571,-0.038062,-0.05455,-0.066105,-0.07273,-0.079354,-0.083511,-0.085201,-0.086889,-0.091547,-0.099181,-0.10681,-0.11503,-0.12382,-0.13262,-0.13479,-0.13034,-0.12589,-0.1154,-0.098871,-0.082338,-0.061547,-0.036502,-0.011455,0.011467,0.032262,0.053058,0.070125,0.083463,0.096798,0.10902,0.12013,0.13123,0.14914,0.17386,0.19858,0.21333,0.2181,0.22287,0.21812,0.20385,0.18958,0.083326,0.058266,0,0,0,0,0,0,0,0,0,0,0,0,0,0,0,0,0,0,0,0,0,0,0,0,0,0,0,0,0,0,0,0,0,0,0,0,0,0,0,0,0,0,0,0,0,0,0,0,0,0,0,0,0,0,0,0,0,0,0,0,0,0,0,0,0,0,0,0,0,0,0,0,0,0,0,0,0,0.28235,0.47062,0.62355,0.74113,0.8587,0.98214,1.1114,1.2408,1.3313,1.3832,1.435,1.4628,1.4667,1.4705,1.4396,1.3741,1.3086,1.2541,1.2106,1.1672,1.1174,1.0613,1.0053,0.93984,0.86509,0.79033,0.7188,0.65051,0.58223,0.50691,0.42456,0.3422,0.26498,0.19292,0.12086,0.059021,0.0074115,-0.04419,-0.087143,-0.12145,-0.15576,-0.18447,-0.20758,-0.23069,-0.24992,-0.26527,-0.28062,-0.29307,-0.30261,-0.31214,-0.31975,-0.32542,-0.33109,-0.33338,-0.33229,-0.33119,-0.32553,-0.31531,-0.30507,-0.29123,-0.27378,-0.25632,-0.23907,-0.22203,-0.20499,-0.19012,-0.17741,-0.16469,-0.15219,-0.13989,-0.12759,-0.11362,-0.097961,-0.082303,-0.064558,-0.044725,-0.024888,-0.0047719,0.015627,0.036024,0.053517,0.068107,0.082696,0.091622,0.094884,0.098143,0.096124,0.088821,0.081516,0.07203,0.060362,0.048693,0.037984,0.028238,0.018488,0.0098028,0.0021814,-0.0054415,-0.01384,-0.023013,-0.032186,-0.044454,-0.059816,-0.075177,-0.093133,-0.11369,-0.13424,-0.15361,-0.1718,-0.18998,-0.20279,-0.21022,-0.21765,-0.21939,-0.21545,-0.2115,-0.20542,-0.19719,-0.18896,-0.18159,-0.17507,-0.16856,-0.1632,-0.15898,-0.15476,-0.14883,-0.14117,-0.13352,-0.12054,-0.10222,-0.083904,-0.059787,-0.029856,7.85e-05,0.032268,0.066713,0.10116,0.1335,0.16373,0.19396,0.21968,0.24086,0.26205,0.27837,0.28982,0.30126,0.30944,0.31434,0.31924,0.32252,0.32419,0.32585,0.32572,0.32379,0.32187,0.31882,0.31464,0.31047,0.25701,0.15422,0.051424
0,0,0,0,0.019891,0.013792,0.01299,0.017485,0.021981,0.030359,0.042619,0.054881,0.068967,0.084878,0.10079,0.11707,0.13374,0.1504,0.16697,0.18345,0.19993,0.21488,0.2283,0.24171,0.25269,0.26122,0.26975,0.27531,0.2779,0.28049,0.28049,0.27789,0.27529,0.27049,0.26348,0.25646,0.24709,0.23538,0.22366,0.20954,0.19301,0.17648,0.15785,0.13711,0.11637,0.094509,0.071521,0.048533,0.02616,0.0043988,-0.017362,-0.03657,-0.053227,-0.069884,-0.083298,-0.093469,-0.10364,-0.11162,-0.1174,-0.12318,-0.12846,-0.13325,-0.13804,-0.14351,-0.14965,-0.1558,-0.16235,-0.16932,-0.17629,-0.18253,-0.18803,-0.19354,-0.19765,-0.20035,-0.20305,-0.20507,-0.2064,-0.20774,-0.20921,-0.21083,-0.21245,-0.21282,-0.21193,-0.21104,-0.21108,-0.21203,-0.21298,-0.21173,-0.20827,-0.20481,-0.20101,-0.19686,-0.19272,-0.18773,-0.18191,-0.17608,-0.16781,-0.1571,-0.14638,-0.13278,-0.1163,-0.099822,-0.082158,-0.063313,-0.044468,-0.026738,-0.010119,0.006499,0.021146,0.033823,0.046496,0.057121,0.065696,0.074271,0.083404,0.093097,0.10279,0.11541,0.13095,0.14649,0.16579,0.18885,0.21191,0.23703,0.26422,0.29142,0.31882,0.34644,0.37406,0.40141,0.4285,0.45559,0.48206,0.50792,0.53377,0.55684,0.57711,0.59737,0.61355,0.62566,0.63776,0.64753,0.65497,0.66241,0.66492,0.6625,0.66008,0.65594,0.65007,0.64421,0.63983,0.63693,0.63402,0.62865,0.62081,0.61296,0.60673,0.60212,0.59752,0.58973,0.57877,0.5678,0.56065,0.55732,0.55399,0.54615,0.5338,0.52146,0.50337,0.47954,0.45571,0.42364,0.38334,0.34303,0.29888,0.2509,0.20291,0.15757,0.11488,0.072196,0.035712,0.0054391,-0.024831,-0.051817,-0.075521,-0.099223,-0.12133,-0.14185,-0.16237,-0.17995,-0.19459,-0.20922,-0.22034,-0.22794,-0.23554,-0.24032,-0.24228,-0.24424,-0.24369,-0.24062,-0.23755,-0.23401,-0.22999,-0.22596,-0.22221,-0.21873,-0.21524,-0.21136,-0.20707,-0.20279,-0.1989,-0.1954,-0.1919,-0.18912,-0.18707,-0.18502,-0.18401,-0.18404,-0.18406,-0.18502,-0.18691,-0.1888,-0.19124,-0.19424,-0.19724,-0.19976,-0.20179,-0.20382,-0.20411,-0.20266,-0.20122,-0.19795,-0.19287,-0.18779,-0.18165,-0.17445,-0.16725,-0.15891,-0.14943,-0.13995,-0.13042,-0.12084,-0.11125,-0.1025,-0.094585,-0.086671,-0.078603,-0.07038,-0.062157,-0.053309,-0.043839,-0.034368,-0.023609,-0.011562,0.00048599,0.016086,0.035239,0.054394,0.076172,0.10057,0.12497,0.14445,0.159,0.17354,0.17703,0.16945,0.16187,0.14403,0.11594,0.087851,0.059384,0.030547,0.0017118,-0.020046,-0.034723,-0.049393,-0.058518,-0.062098,-0.065677,-0.067864,-0.06866,-0.069455,-0.073772,-0.081613,-0.089453,-0.099062,-0.11044,-0.12183,-0.12629,-0.12383,-0.12137,-0.1121,-0.096017,-0.079936,-0.060158,-0.036681,-0.013207,0.008284,0.027791,0.047294,0.063154,0.075369,0.087579,0.097676,0.10565,0.11363,0.1292,0.15237,0.17553,0.19216,0.20224,0.21233,0.21177,0.20056,0.18936,0.1595,0.11099,0,0,0,0,0,0,0,0,0,0,0,0,0,0,0,0,0,0,0,0,0,0,0,0,0,0,0,0,0,0,0,0,0,0,0,0,0,0,0,0,0,0,0,0,0,0,0,0,0,0,0,0,0,0,0,0,0,0,0,0,0,0,0,0,0,0,0,0,0,0,0,0,0,0,0,0,0,0.25747,0.42918,0.5763,0.69883,0.82133,0.95197,1.0907,1.2295,1.3269,1.3831,1.4392,1.4701,1.4756,1.4811,1.4497,1.3813,1.3129,1.2539,1.2042,1.1545,1.1026,1.0485,0.99432,0.93302,0.86456,0.79611,0.72833,0.66127,0.59421,0.51873,0.43487,0.35101,0.27204,0.19798,0.12394,0.060903,0.008915,-0.043058,-0.086535,-0.12153,-0.15652,-0.186,-0.20996,-0.23393,-0.2535,-0.26869,-0.28388,-0.29568,-0.30411,-0.31253,-0.31885,-0.32307,-0.32729,-0.32896,-0.32807,-0.32718,-0.32143,-0.3108,-0.30017,-0.28542,-0.26655,-0.24767,-0.2296,-0.21235,-0.19509,-0.18031,-0.16801,-0.1557,-0.14349,-0.13139,-0.11928,-0.10528,-0.089393,-0.073502,-0.055485,-0.03534,-0.015194,0.0050195,0.0253,0.045578,0.062933,0.077363,0.091793,0.10062,0.10386,0.10709,0.10461,0.096438,0.088259,0.077899,0.065357,0.052817,0.041644,0.031841,0.022037,0.013777,0.0070624,0.00034913,-0.0069103,-0.014717,-0.022522,-0.033618,-0.04801,-0.0624,-0.079935,-0.10062,-0.12131,-0.14088,-0.15934,-0.17781,-0.19084,-0.19843,-0.20602,-0.20798,-0.20431,-0.20063,-0.19472,-0.18657,-0.17842,-0.17145,-0.16566,-0.15987,-0.15536,-0.15214,-0.14891,-0.14398,-0.13734,-0.1307,-0.11844,-0.10055,-0.082661,-0.058752,-0.028816,0.0011234,0.033353,0.067867,0.10238,0.13476,0.16499,0.19523,0.22093,0.24208,0.26323,0.27968,0.29144,0.3032,0.31209,0.31811,0.32413,0.32882,0.33217,0.33553,0.3367,0.33569,0.33467,0.33121,0.32529,0.31938,0.26371,0.15825,0.052773
0,0,0,0,0.022689,0.016991,0.016241,0.020439,0.024639,0.032782,0.044869,0.056957,0.07079,0.086367,0.10194,0.11803,0.13462,0.15122,0.16744,0.18328,0.19912,0.21352,0.22649,0.23945,0.25009,0.2584,0.26672,0.27216,0.27473,0.27729,0.27718,0.2744,0.27162,0.26667,0.25954,0.25241,0.24295,0.23117,0.21939,0.20514,0.18842,0.17169,0.15305,0.13248,0.11191,0.09023,0.067427,0.044623,0.022494,0.0010369,-0.02042,-0.039053,-0.054862,-0.070671,-0.083157,-0.092319,-0.10148,-0.10849,-0.11335,-0.11821,-0.12287,-0.12731,-0.13175,-0.13714,-0.14347,-0.1498,-0.15647,-0.16347,-0.17048,-0.17645,-0.18138,-0.18631,-0.18949,-0.1909,-0.19231,-0.19296,-0.19284,-0.19272,-0.1935,-0.19519,-0.19687,-0.19853,-0.20018,-0.20182,-0.20358,-0.20543,-0.20728,-0.20704,-0.20471,-0.20237,-0.19924,-0.19532,-0.1914,-0.18656,-0.18078,-0.175,-0.16654,-0.15541,-0.14428,-0.1303,-0.11347,-0.096647,-0.079246,-0.061274,-0.043301,-0.026104,-0.0096855,0.0067322,0.021365,0.034206,0.047046,0.057574,0.065788,0.074,0.082877,0.09242,0.10196,0.114,0.12855,0.14309,0.16141,0.18353,0.20564,0.22989,0.25629,0.28268,0.30882,0.33472,0.36062,0.38689,0.41354,0.44018,0.46623,0.49168,0.51713,0.54052,0.56184,0.58316,0.59962,0.61123,0.62283,0.63099,0.63571,0.64043,0.643,0.64344,0.64387,0.64117,0.63533,0.62949,0.62313,0.61624,0.60935,0.60299,0.59715,0.59131,0.58396,0.57509,0.56623,0.5593,0.55431,0.54932,0.54606,0.54453,0.543,0.53768,0.52855,0.51943,0.50351,0.48081,0.4581,0.42638,0.38563,0.34487,0.29886,0.24761,0.19636,0.14906,0.10575,0.062438,0.026415,-0.0023061,-0.031024,-0.057115,-0.080573,-0.10403,-0.1262,-0.14708,-0.16796,-0.185,-0.1982,-0.21139,-0.22179,-0.22938,-0.23697,-0.2418,-0.24387,-0.24593,-0.24517,-0.24158,-0.23798,-0.2345,-0.23113,-0.22776,-0.2242,-0.22043,-0.21667,-0.21261,-0.20825,-0.2039,-0.19966,-0.19554,-0.19141,-0.18807,-0.1855,-0.18294,-0.18153,-0.18129,-0.18104,-0.1818,-0.18358,-0.18536,-0.18784,-0.19102,-0.1942,-0.19698,-0.19936,-0.20174,-0.20223,-0.20083,-0.19943,-0.19591,-0.19028,-0.18464,-0.17808,-0.17059,-0.16309,-0.15452,-0.14487,-0.13521,-0.12544,-0.11554,-0.10565,-0.097214,-0.090248,-0.083282,-0.076014,-0.068442,-0.06087,-0.052476,-0.043265,-0.034053,-0.023599,-0.011903,-0.00020819,0.015308,0.034649,0.053996,0.076921,0.10342,0.12991,0.15157,0.16838,0.18519,0.18976,0.18209,0.17442,0.15544,0.12512,0.094798,0.064476,0.03415,0.0038263,-0.017868,-0.030927,-0.043978,-0.050507,-0.050508,-0.050509,-0.051217,-0.052628,-0.054039,-0.058726,-0.066685,-0.074642,-0.085596,-0.099546,-0.1135,-0.12041,-0.12028,-0.12015,-0.11179,-0.09519,-0.078592,-0.059453,-0.037775,-0.0161,0.0037807,0.021867,0.039951,0.054877,0.066639,0.078395,0.086234,0.090154,0.094072,0.1057,0.12506,0.14441,0.16114,0.17525,0.18937,0.19167,0.18215,0.17263,0.14521,0.099898,0.025317,0,0,0,0,0,0,0,0,0,0,0,0,0,0,0,0,0,0,0,0,0,0,0,0,0,0,0,0,0,0,0,0,0,0,0,0,0,0,0,0,0,0,0,0,0,0,0,0,0,0,0,0,0,0,0,0,0,0,0,0,0,0,0,0,0,0,0,0,0,0,0,0,0,0,0,0,0.23603,0.39345,0.53719,0.6673,0.79743,0.93413,1.0774,1.2207,1.322,1.3813,1.4406,1.4726,1.4772,1.4818,1.4495,1.3803,1.3112,1.2477,1.1898,1.132,1.0777,1.0268,0.97587,0.92078,0.86145,0.80212,0.7371,0.6664,0.5957,0.51988,0.43895,0.35804,0.27946,0.20325,0.12704,0.062791,0.010533,-0.041713,-0.085788,-0.1217,-0.15761,-0.18808,-0.21312,-0.23816,-0.25818,-0.27317,-0.28816,-0.29934,-0.30669,-0.31405,-0.31867,-0.32054,-0.32242,-0.32321,-0.32289,-0.32258,-0.31696,-0.30604,-0.29512,-0.27946,-0.25906,-0.23866,-0.21989,-0.20274,-0.1856,-0.17105,-0.1591,-0.14715,-0.13535,-0.12369,-0.11203,-0.098262,-0.082375,-0.066486,-0.048371,-0.028028,-0.0076868,0.01248,0.032473,0.052462,0.069554,0.083744,0.097934,0.1068,0.11035,0.1139,0.11117,0.10218,0.09318,0.082009,0.068666,0.055323,0.043639,0.033616,0.023593,0.015605,0.0096523,0.0037006,-0.0026363,-0.0093615,-0.016085,-0.026146,-0.039549,-0.052953,-0.069946,-0.09053,-0.11112,-0.13041,-0.14839,-0.16637,-0.17905,-0.18641,-0.19377,-0.19592,-0.19286,-0.18981,-0.18424,-0.17617,-0.1681,-0.16163,-0.15677,-0.15191,-0.14838,-0.1462,-0.14401,-0.13999,-0.13413,-0.12827,-0.11646,-0.098716,-0.080965,-0.057156,-0.027291,0.0025745,0.03472,0.069136,0.10355,0.13594,0.16632,0.1967,0.22247,0.24365,0.26483,0.28149,0.29364,0.30579,0.3153,0.32218,0.32906,0.33473,0.3392,0.34367,0.34565,0.34514,0.34462,0.34038,0.33243,0.32447,0.2671,0.16029,0.053447
0,0,0,0,0.025486,0.020189,0.019492,0.023394,0.027298,0.035207,0.047121,0.059036,0.072615,0.087858,0.1031,0.11899,0.13552,0.15205,0.16791,0.18311,0.19831,0.21217,0.22468,0.23719,0.24749,0.25559,0.26369,0.26902,0.27156,0.2741,0.27389,0.27092,0.26795,0.26285,0.2556,0.24836,0.23881,0.22697,0.21512,0.20074,0.18383,0.1669,0.14825,0.12785,0.10746,0.085947,0.06333,0.040712,0.018826,-0.0023259,-0.023477,-0.041535,-0.056498,-0.071459,-0.083017,-0.09117,-0.099323,-0.10537,-0.10931,-0.11325,-0.11727,-0.12136,-0.12546,-0.13076,-0.13728,-0.1438,-0.15058,-0.15763,-0.16468,-0.17038,-0.17473,-0.17909,-0.18133,-0.18145,-0.18158,-0.18085,-0.17928,-0.17771,-0.1778,-0.17954,-0.18128,-0.18425,-0.18843,-0.19261,-0.19608,-0.19883,-0.20159,-0.20236,-0.20115,-0.19993,-0.19748,-0.19379,-0.19009,-0.18538,-0.17965,-0.17391,-0.16527,-0.15372,-0.14218,-0.12782,-0.11064,-0.09347,-0.076333,-0.059233,-0.042132,-0.02547,-0.0092515,0.0069657,0.021579,0.034589,0.047599,0.058029,0.06588,0.073729,0.082349,0.091742,0.10113,0.1126,0.12615,0.13969,0.15704,0.17821,0.19938,0.22276,0.24835,0.27393,0.29882,0.323,0.34719,0.37238,0.39858,0.42477,0.4504,0.47544,0.50048,0.52419,0.54657,0.56894,0.58569,0.5968,0.60791,0.61446,0.61646,0.61844,0.62109,0.62437,0.62766,0.6264,0.62058,0.61477,0.60643,0.59555,0.58468,0.57733,0.5735,0.56966,0.56119,0.54806,0.53494,0.52887,0.52985,0.53085,0.53148,0.53175,0.53202,0.5292,0.5233,0.51739,0.50365,0.48208,0.4605,0.42911,0.3879,0.3467,0.29884,0.24432,0.1898,0.14056,0.096623,0.052678,0.017118,-0.010051,-0.037219,-0.062413,-0.085625,-0.10884,-0.13106,-0.1523,-0.17354,-0.19004,-0.2018,-0.21357,-0.22324,-0.23082,-0.23841,-0.24329,-0.24546,-0.24763,-0.24665,-0.24253,-0.23841,-0.23499,-0.23228,-0.22956,-0.22618,-0.22214,-0.2181,-0.21386,-0.20943,-0.205,-0.20042,-0.19567,-0.19093,-0.18702,-0.18393,-0.18085,-0.17905,-0.17853,-0.17801,-0.17859,-0.18026,-0.18193,-0.18444,-0.18779,-0.19115,-0.19419,-0.19692,-0.19965,-0.20034,-0.19899,-0.19764,-0.19387,-0.18768,-0.18149,-0.1745,-0.16672,-0.15894,-0.15013,-0.1403,-0.13047,-0.12045,-0.11025,-0.10004,-0.091927,-0.085909,-0.079892,-0.073423,-0.066502,-0.05958,-0.051642,-0.042688,-0.033734,-0.023586,-0.012243,-0.00090124,0.014534,0.034067,0.053601,0.077669,0.10627,0.13486,0.15869,0.17776,0.19683,0.20249,0.19473,0.18698,0.16683,0.13429,0.10175,0.069572,0.037754,0.0059383,-0.015688,-0.027128,-0.038564,-0.042496,-0.03892,-0.035344,-0.034571,-0.0366,-0.03863,-0.043685,-0.051762,-0.059839,-0.072137,-0.088655,-0.10518,-0.11454,-0.11674,-0.11894,-0.11148,-0.094367,-0.077246,-0.058748,-0.038874,-0.018998,-0.00072401,0.015945,0.032612,0.0466,0.057907,0.069213,0.074796,0.074658,0.074519,0.082216,0.097749,0.11329,0.13013,0.14826,0.1664,0.17155,0.16373,0.15589,0.13092,0.088802,0.046681,0,0,0,0,0,0,0,0,0,0,0,0,0,0,0,0,0,0,0,0,0,0,0,0,0,0,0,0,0,0,0,0,0,0,0,0,0,0,0,0,0,0,0,0,0,0,0,0,0,0,0,0,0,0,0,0,0,0,0,0,0,0,0,0,0,0,0,0,0,0,0,0,0,0,0,0,0.21459,0.3577,0.49809,0.63579,0.77354,0.9163,1.0641,1.2119,1.317,1.3795,1.4421,1.4751,1.4788,1.4825,1.4493,1.3794,1.3094,1.2414,1.1755,1.1095,1.0527,1.0051,0.95745,0.90854,0.85833,0.80813,0.74588,0.67154,0.59721,0.52105,0.44306,0.36506,0.28688,0.20851,0.13013,0.064664,0.012141,-0.040371,-0.085044,-0.12188,-0.1587,-0.19016,-0.21628,-0.24239,-0.26285,-0.27765,-0.29245,-0.30299,-0.30928,-0.31556,-0.31848,-0.31802,-0.31755,-0.31745,-0.31771,-0.31797,-0.3125,-0.30128,-0.29007,-0.2735,-0.25158,-0.22966,-0.21017,-0.19313,-0.1761,-0.16179,-0.1502,-0.1386,-0.12721,-0.116,-0.10479,-0.091244,-0.075358,-0.05947,-0.041258,-0.020721,-0.00018266,0.01994,0.039644,0.059346,0.076172,0.090121,0.10407,0.11298,0.11684,0.1207,0.11773,0.10791,0.098098,0.086117,0.071971,0.057824,0.045631,0.03539,0.025149,0.017433,0.012241,0.0070502,0.0016349,-0.0040073,-0.009648,-0.018676,-0.031092,-0.043511,-0.059963,-0.080449,-0.10094,-0.11993,-0.13744,-0.15495,-0.16726,-0.17439,-0.18151,-0.18386,-0.18142,-0.17898,-0.17377,-0.16578,-0.15779,-0.15182,-0.14789,-0.14395,-0.14141,-0.14026,-0.13911,-0.136,-0.13092,-0.12584,-0.11449,-0.096881,-0.079267,-0.055561,-0.025765,0.0040296,0.036089,0.070407,0.10472,0.13713,0.16765,0.19816,0.22402,0.24523,0.26644,0.28331,0.29584,0.30837,0.31851,0.32625,0.33399,0.34065,0.34623,0.35181,0.3546,0.35458,0.35456,0.34956,0.33956,0.32956,0.27049,0.16232,0.054123
0,0,0,0,0.027361,0.022809,0.022548,0.026579,0.030611,0.038669,0.050755,0.062841,0.076853,0.092794,0.10874,0.12561,0.14341,0.16121,0.17738,0.19191,0.20644,0.21957,0.23129,0.24301,0.25242,0.25951,0.2666,0.27111,0.27303,0.27495,0.27416,0.27065,0.26715,0.26151,0.25375,0.24599,0.23612,0.22416,0.21219,0.19765,0.18055,0.16344,0.14473,0.12439,0.10406,0.082716,0.060356,0.037996,0.016368,-0.0045277,-0.025423,-0.043143,-0.057689,-0.072235,-0.083273,-0.090801,-0.098328,-0.10376,-0.10708,-0.11041,-0.11404,-0.11799,-0.12194,-0.12719,-0.13375,-0.14031,-0.1471,-0.15413,-0.16116,-0.16667,-0.17065,-0.17463,-0.17626,-0.17553,-0.1748,-0.17301,-0.17017,-0.16732,-0.16657,-0.16791,-0.16925,-0.17311,-0.17949,-0.18588,-0.1907,-0.19397,-0.19725,-0.19855,-0.19788,-0.19721,-0.1952,-0.19184,-0.18848,-0.18409,-0.17867,-0.17324,-0.16491,-0.15367,-0.14243,-0.12781,-0.10979,-0.091771,-0.074829,-0.058963,-0.043098,-0.027066,-0.010862,0.0053425,0.02001,0.033142,0.046275,0.056806,0.064734,0.072662,0.08096,0.089632,0.098303,0.10936,0.12281,0.13625,0.15283,0.17253,0.19224,0.21451,0.23935,0.26419,0.28822,0.31144,0.33465,0.35858,0.3832,0.40782,0.43238,0.45687,0.48135,0.50531,0.52872,0.55213,0.56939,0.58051,0.59163,0.59677,0.59594,0.5951,0.59716,0.60214,0.60711,0.60711,0.60216,0.59719,0.5881,0.57488,0.56166,0.55264,0.54782,0.543,0.53377,0.52011,0.50645,0.50183,0.50625,0.51067,0.51524,0.51996,0.52468,0.52488,0.52057,0.51627,0.50354,0.4824,0.46124,0.43005,0.38881,0.34758,0.29828,0.24092,0.18355,0.13348,0.090689,0.0479,0.013241,-0.013284,-0.03981,-0.064602,-0.087658,-0.11071,-0.13269,-0.15359,-0.17449,-0.19035,-0.20117,-0.21199,-0.22118,-0.22874,-0.2363,-0.24124,-0.24355,-0.24587,-0.24524,-0.24169,-0.23813,-0.23499,-0.23228,-0.22956,-0.2257,-0.2207,-0.2157,-0.211,-0.20662,-0.20223,-0.19732,-0.19189,-0.18646,-0.18197,-0.1784,-0.17484,-0.17265,-0.17186,-0.17106,-0.17155,-0.17332,-0.17509,-0.17793,-0.18185,-0.18576,-0.18915,-0.19201,-0.19486,-0.1958,-0.19482,-0.19383,-0.19019,-0.1839,-0.1776,-0.17035,-0.16214,-0.15393,-0.14485,-0.13488,-0.12492,-0.11472,-0.10431,-0.093888,-0.085785,-0.079999,-0.074213,-0.067913,-0.061098,-0.054283,-0.046188,-0.036815,-0.027441,-0.01705,-0.0056379,0.0057744,0.020931,0.039835,0.05874,0.082241,0.11034,0.13844,0.16273,0.18323,0.20374,0.2108,0.20442,0.19804,0.17756,0.14299,0.10841,0.075346,0.043786,0.012227,-0.0091299,-0.020288,-0.031443,-0.034683,-0.03001,-0.025337,-0.024822,-0.028467,-0.032114,-0.039383,-0.050276,-0.06117,-0.075379,-0.092906,-0.11044,-0.12034,-0.12262,-0.12491,-0.11764,-0.10083,-0.084009,-0.065139,-0.044215,-0.02329,-0.0052846,0.0097992,0.02488,0.037891,0.048833,0.059777,0.064608,0.063328,0.062047,0.06584,0.074712,0.083587,0.096362,0.11304,0.12971,0.13587,0.13152,0.12716,0.10583,0.067548,0.029257,0,0,0,0,0,0,0,0,0,0,0,0,0,0,0,0,0,0,0,0,0,0,0,0,0,0,0,0,0,0,0,0,0,0,0,0,0,0,0,0,0,0,0,0,0,0,0,0,0,0,0,0,0,0,0,0,0,0,0,0,0,0,0,0,0,0,0,0,0,0,0,0,0,0,0,0,0.20269,0.33786,0.48538,0.64527,0.80521,0.95658,1.0994,1.2422,1.341,1.3959,1.4508,1.4768,1.4738,1.4708,1.4351,1.3666,1.2981,1.2306,1.1642,1.0977,1.042,0.99709,0.95216,0.90703,0.86169,0.81636,0.75581,0.68005,0.60427,0.52783,0.45071,0.37359,0.29493,0.21473,0.13451,0.067639,0.014119,-0.039393,-0.084899,-0.1224,-0.15989,-0.19217,-0.21926,-0.24634,-0.26715,-0.28167,-0.29619,-0.30567,-0.31012,-0.31457,-0.31616,-0.3149,-0.31365,-0.31261,-0.31179,-0.31097,-0.30477,-0.29318,-0.2816,-0.26493,-0.24317,-0.22142,-0.20187,-0.18454,-0.16721,-0.153,-0.1419,-0.1308,-0.12005,-0.10964,-0.099234,-0.086314,-0.070881,-0.055446,-0.037528,-0.017125,0.003278,0.023247,0.042781,0.062314,0.078871,0.092451,0.10603,0.11493,0.11914,0.12335,0.12037,0.11019,0.10001,0.087626,0.073038,0.058451,0.045842,0.03521,0.024578,0.016741,0.011697,0.0066539,0.0016236,-0.0033943,-0.0084117,-0.017268,-0.029964,-0.042663,-0.059015,-0.07902,-0.099023,-0.11651,-0.13147,-0.14643,-0.15701,-0.16321,-0.16941,-0.1717,-0.17006,-0.16843,-0.16392,-0.15654,-0.14916,-0.14395,-0.14091,-0.13788,-0.13667,-0.13729,-0.13791,-0.1358,-0.13094,-0.12609,-0.11464,-0.096589,-0.078537,-0.054749,-0.025215,0.0043221,0.036285,0.070672,0.10506,0.13762,0.16835,0.19908,0.2251,0.24641,0.26772,0.28492,0.29801,0.3111,0.32154,0.32933,0.33713,0.34351,0.34848,0.35345,0.35607,0.35634,0.35661,0.35186,0.34208,0.3323,0.27286,0.16374,0.027234
0,0,0,0,0.028313,0.024851,0.025411,0.029993,0.034576,0.043168,0.055768,0.068369,0.083505,0.10118,0.11885,0.13789,0.15829,0.1787,0.19582,0.20966,0.22351,0.23573,0.24632,0.25691,0.26485,0.27015,0.27545,0.27845,0.27915,0.27985,0.278,0.2736,0.2692,0.26266,0.25398,0.2453,0.23488,0.22273,0.21058,0.19587,0.17859,0.16132,0.14249,0.12211,0.10173,0.080531,0.058504,0.036476,0.015119,-0.0055677,-0.026253,-0.043877,-0.058438,-0.072999,-0.083923,-0.09121,-0.098496,-0.10365,-0.10666,-0.10967,-0.11318,-0.11719,-0.12119,-0.12642,-0.13287,-0.13933,-0.14603,-0.15299,-0.15994,-0.16532,-0.16913,-0.17294,-0.17427,-0.17313,-0.17198,-0.16944,-0.16549,-0.16154,-0.15981,-0.16028,-0.16076,-0.16512,-0.17337,-0.18163,-0.18745,-0.19085,-0.19425,-0.1956,-0.1949,-0.1942,-0.19239,-0.18948,-0.18657,-0.18269,-0.17784,-0.17299,-0.16546,-0.15525,-0.14505,-0.13027,-0.1109,-0.091539,-0.074726,-0.060463,-0.046205,-0.030888,-0.014514,0.0018608,0.016657,0.029868,0.043079,0.053908,0.062354,0.0708,0.078713,0.086092,0.09347,0.10428,0.11853,0.13278,0.14877,0.1665,0.18422,0.20516,0.2293,0.25345,0.27702,0.30003,0.32302,0.34549,0.3674,0.38931,0.41216,0.43595,0.45975,0.48386,0.50829,0.5327,0.55073,0.56236,0.57399,0.57792,0.57415,0.57038,0.57124,0.57673,0.58222,0.58333,0.58005,0.57676,0.56815,0.55422,0.54029,0.52893,0.52012,0.51132,0.50169,0.49123,0.48077,0.47819,0.4835,0.48881,0.49736,0.50916,0.52096,0.5247,0.52038,0.51605,0.50318,0.48177,0.46034,0.4292,0.38835,0.34749,0.29717,0.23739,0.17761,0.12779,0.087948,0.048103,0.014785,-0.012005,-0.038797,-0.06369,-0.086675,-0.10966,-0.13109,-0.15095,-0.17082,-0.18594,-0.1963,-0.20667,-0.21561,-0.22313,-0.23065,-0.23566,-0.23816,-0.24066,-0.24095,-0.23904,-0.23713,-0.23449,-0.23113,-0.22776,-0.22276,-0.21612,-0.20948,-0.20404,-0.19981,-0.19559,-0.19038,-0.1842,-0.17802,-0.17292,-0.16891,-0.16489,-0.16234,-0.16126,-0.16018,-0.16068,-0.16276,-0.16484,-0.16831,-0.17318,-0.17804,-0.18185,-0.18461,-0.18737,-0.1886,-0.18831,-0.18801,-0.18489,-0.17893,-0.17298,-0.16562,-0.15685,-0.14808,-0.13867,-0.1286,-0.11854,-0.10825,-0.097719,-0.08719,-0.07879,-0.072518,-0.066248,-0.059486,-0.052233,-0.04498,-0.036118,-0.025647,-0.015177,-0.0039918,0.0079105,0.019814,0.034494,0.051952,0.069411,0.09064,0.11564,0.14063,0.16368,0.18479,0.2059,0.21469,0.21115,0.20761,0.18763,0.15121,0.11478,0.081792,0.052234,0.022684,0.0018007,-0.010412,-0.022616,-0.027071,-0.023779,-0.020485,-0.021967,-0.028225,-0.034485,-0.045817,-0.062222,-0.078627,-0.095318,-0.1123,-0.12928,-0.13782,-0.13793,-0.13805,-0.13026,-0.11457,-0.098873,-0.078614,-0.05379,-0.028968,-0.0098948,0.0034322,0.016756,0.02875,0.039419,0.050089,0.05567,0.056162,0.056654,0.05658,0.055945,0.05531,0.059855,0.069582,0.079313,0.084626,0.085526,0.086426,0.069966,0.036143,0.0023127,0,0,0,0,0,0,0,0,0,0,0,0,0,0,0,0,0,0,0,0,0,0,0,0,0,0,0,0,0,0,0,0,0,0,0,0,0,0,0,0,0,0,0,0,0,0,0,0,0,0,0,0,0,0,0,0,0,0,0,0,0,0,0,0,0,0,0,0,0,0,0,0,0,0,0,0,0.20032,0.33391,0.49903,0.69572,0.89244,1.055,1.1833,1.3116,1.394,1.4305,1.467,1.4776,1.4623,1.447,1.4069,1.342,1.2772,1.2151,1.1559,1.0966,1.0456,1.0028,0.96,0.91625,0.87153,0.8268,0.76692,0.6919,0.61685,0.54018,0.4619,0.3836,0.3036,0.22189,0.14019,0.071717,0.016468,-0.038778,-0.085351,-0.12327,-0.16118,-0.19411,-0.22206,-0.25002,-0.27108,-0.28523,-0.29938,-0.30737,-0.30921,-0.31105,-0.31172,-0.31121,-0.3107,-0.30868,-0.30512,-0.30157,-0.29378,-0.28174,-0.26971,-0.25375,-0.23385,-0.21396,-0.19499,-0.17696,-0.15894,-0.14468,-0.13421,-0.12374,-0.11388,-0.10462,-0.095365,-0.083471,-0.068939,-0.054409,-0.037177,-0.017241,0.0026936,0.022402,0.041886,0.061371,0.077653,0.090735,0.10381,0.11265,0.11725,0.12184,0.11909,0.109,0.098912,0.086534,0.071869,0.057203,0.044273,0.033079,0.021885,0.013533,0.0080222,0.0025124,-0.0026685,-0.0075207,-0.012373,-0.021919,-0.036161,-0.050406,-0.067099,-0.086236,-0.10537,-0.12012,-0.13048,-0.14083,-0.1483,-0.15288,-0.15746,-0.15943,-0.15879,-0.15814,-0.1547,-0.14847,-0.14223,-0.13802,-0.13586,-0.13369,-0.13416,-0.13728,-0.1404,-0.13937,-0.1342,-0.12901,-0.1169,-0.097837,-0.078776,-0.054715,-0.02564,0.0034415,0.035298,0.069929,0.10456,0.1374,0.16843,0.19945,0.22571,0.2472,0.26868,0.28633,0.30014,0.31395,0.32438,0.33143,0.33848,0.34332,0.34596,0.3486,0.35009,0.35043,0.35077,0.34729,0.33998,0.33267,0.27419,0.16454,0
0,0,0,0,0.029262,0.026892,0.028272,0.033404,0.038538,0.047661,0.060777,0.073892,0.090149,0.10955,0.12896,0.15016,0.17316,0.19617,0.21424,0.2274,0.24055,0.25186,0.26132,0.27079,0.27727,0.28077,0.28426,0.28575,0.28524,0.28473,0.28183,0.27653,0.27124,0.26379,0.25419,0.24459,0.23362,0.22129,0.20895,0.19406,0.17662,0.15917,0.14024,0.11982,0.099398,0.078339,0.056646,0.034954,0.013869,-0.0066076,-0.027082,-0.044607,-0.059182,-0.073758,-0.084568,-0.091612,-0.098654,-0.10353,-0.10623,-0.10893,-0.11231,-0.11637,-0.12044,-0.12564,-0.13199,-0.13834,-0.14495,-0.15183,-0.1587,-0.16396,-0.1676,-0.17123,-0.17227,-0.17071,-0.16915,-0.16585,-0.1608,-0.15576,-0.15304,-0.15265,-0.15226,-0.15712,-0.16725,-0.17737,-0.18419,-0.18772,-0.19125,-0.19265,-0.19191,-0.19117,-0.18957,-0.1871,-0.18464,-0.18127,-0.177,-0.17272,-0.166,-0.15683,-0.14766,-0.13272,-0.11201,-0.091299,-0.074616,-0.061959,-0.049306,-0.034706,-0.018161,-0.0016191,0.013301,0.026593,0.039883,0.051009,0.059971,0.068933,0.076458,0.082546,0.088632,0.0992,0.11425,0.1293,0.14471,0.16045,0.1762,0.19579,0.21924,0.24269,0.26581,0.28859,0.31138,0.33238,0.35158,0.37078,0.39192,0.415,0.43811,0.46239,0.48782,0.51326,0.53203,0.54417,0.55631,0.55903,0.55233,0.54564,0.54529,0.55128,0.55731,0.55951,0.55789,0.5563,0.54818,0.53354,0.51889,0.50518,0.4924,0.47962,0.46959,0.46232,0.45506,0.45451,0.46071,0.46692,0.47946,0.49832,0.51721,0.52448,0.52013,0.51581,0.5028,0.48111,0.4594,0.42832,0.38786,0.34738,0.29605,0.23385,0.17165,0.1221,0.0852,0.048306,0.016332,-0.010725,-0.037779,-0.062766,-0.085684,-0.1086,-0.12948,-0.1483,-0.16713,-0.1815,-0.19142,-0.20133,-0.21002,-0.21751,-0.22499,-0.23007,-0.23275,-0.23543,-0.23664,-0.23638,-0.23612,-0.23398,-0.22996,-0.22595,-0.21979,-0.21152,-0.20323,-0.19706,-0.19299,-0.18893,-0.18343,-0.1765,-0.16956,-0.16386,-0.1594,-0.15494,-0.15203,-0.15066,-0.14929,-0.1498,-0.15219,-0.15459,-0.15869,-0.16449,-0.1703,-0.17454,-0.1772,-0.17987,-0.1814,-0.18179,-0.18218,-0.17957,-0.17396,-0.16835,-0.16088,-0.15155,-0.14222,-0.13248,-0.12232,-0.11217,-0.10177,-0.091128,-0.08049,-0.071792,-0.065035,-0.058279,-0.051057,-0.043367,-0.035677,-0.026047,-0.014481,-0.0029161,0.009063,0.021456,0.033846,0.048047,0.064059,0.080074,0.099031,0.12092,0.14282,0.16463,0.18634,0.20805,0.21856,0.21786,0.21716,0.19768,0.15941,0.12114,0.088228,0.060674,0.033129,0.012725,-0.000536,-0.013789,-0.01946,-0.017548,-0.015634,-0.019113,-0.027982,-0.036852,-0.052245,-0.07416,-0.096075,-0.11524,-0.13167,-0.1481,-0.15529,-0.15323,-0.15117,-0.14286,-0.12829,-0.11372,-0.092078,-0.06336,-0.034644,-0.014501,-0.0029313,0.0086319,0.01961,0.030006,0.040399,0.046728,0.048994,0.051258,0.04732,0.037179,0.027036,0.023358,0.026139,0.02892,0.033389,0.039549,0.045709,0.034105,0.0047433,-0.0055806,0,0,0,0,0,0,0,0,0,0,0,0,0,0,0,0,0,0,0,0,0,0,0,0,0,0,0,0,0,0,0,0,0,0,0,0,0,0,0,0,0,0,0,0,0,0,0,0,0,0,0,0,0,0,0,0,0,0,0,0,0,0,0,0,0,0,0,0,0,0,0,0,0,0,0,0,0.19794,0.32992,0.51264,0.74609,0.97958,1.1533,1.2671,1.3809,1.4469,1.4649,1.483,1.4782,1.4506,1.423,1.3785,1.3174,1.2562,1.1996,1.1475,1.0954,1.0491,1.0084,0.96778,0.9254,0.88129,0.83717,0.77797,0.70369,0.62938,0.55249,0.47304,0.39357,0.31224,0.22905,0.14586,0.075773,0.018805,-0.038148,-0.085789,-0.12413,-0.16245,-0.19603,-0.22486,-0.25368,-0.27498,-0.28877,-0.30255,-0.30905,-0.30827,-0.30751,-0.30725,-0.3075,-0.30774,-0.30472,-0.29844,-0.29215,-0.28277,-0.27029,-0.25781,-0.24255,-0.22452,-0.20648,-0.1881,-0.16937,-0.15065,-0.13636,-0.12652,-0.11668,-0.1077,-0.099595,-0.091489,-0.080622,-0.066995,-0.053368,-0.036823,-0.017358,0.0021082,0.021557,0.040991,0.060422,0.076426,0.08901,0.10159,0.11037,0.11535,0.12032,0.11781,0.10781,0.097806,0.085435,0.070693,0.055951,0.042701,0.030946,0.019191,0.010324,0.0043482,-0.0016282,-0.0069591,-0.011645,-0.016331,-0.026565,-0.042352,-0.058142,-0.075172,-0.093445,-0.11172,-0.12372,-0.12947,-0.13522,-0.13957,-0.14254,-0.1455,-0.14716,-0.1475,-0.14785,-0.14548,-0.14038,-0.13528,-0.13208,-0.13079,-0.1295,-0.13165,-0.13727,-0.14289,-0.14295,-0.13744,-0.13193,-0.11914,-0.099078,-0.07901,-0.054673,-0.026061,0.0025563,0.034304,0.069181,0.10407,0.13717,0.16849,0.19982,0.22631,0.24797,0.26962,0.28771,0.30224,0.31678,0.3272,0.3335,0.3398,0.34311,0.34342,0.34372,0.34408,0.3445,0.34491,0.3427,0.33786,0.33302,0.27551,0.16534,0.027631
0,0,0,0,0.024779,0.023258,0.02475,0.029256,0.033762,0.041586,0.05273,0.063872,0.077887,0.094776,0.11166,0.13023,0.15049,0.17074,0.1862,0.19687,0.20754,0.21659,0.224,0.23142,0.23621,0.23838,0.24054,0.24116,0.24022,0.23929,0.23643,0.23165,0.22686,0.22028,0.2119,0.20352,0.19415,0.18379,0.17344,0.16096,0.14635,0.13174,0.11592,0.098887,0.081852,0.064365,0.046428,0.028491,0.011035,-0.0059398,-0.022913,-0.037474,-0.049626,-0.061777,-0.070737,-0.076505,-0.082272,-0.086218,-0.088341,-0.090464,-0.093227,-0.096632,-0.10004,-0.10437,-0.10961,-0.11486,-0.12033,-0.12603,-0.13173,-0.13606,-0.13901,-0.14197,-0.14271,-0.14124,-0.13977,-0.13671,-0.13204,-0.12737,-0.1247,-0.12402,-0.12333,-0.1276,-0.13681,-0.14602,-0.15212,-0.15512,-0.15811,-0.1593,-0.15866,-0.15803,-0.15679,-0.15492,-0.15305,-0.15046,-0.14714,-0.14381,-0.13854,-0.13134,-0.12412,-0.11161,-0.093792,-0.075976,-0.06213,-0.052253,-0.042376,-0.030509,-0.016652,-0.0027973,0.0096835,0.020792,0.031898,0.041293,0.048978,0.056662,0.06277,0.067304,0.07184,0.080544,0.09342,0.1063,0.11888,0.13118,0.14347,0.15925,0.17849,0.19774,0.21682,0.23571,0.25462,0.27151,0.28638,0.30125,0.31815,0.33709,0.35606,0.37635,0.39795,0.41959,0.43555,0.44586,0.45617,0.45795,0.45116,0.44436,0.44356,0.44877,0.45402,0.45631,0.45565,0.455,0.44844,0.43596,0.42347,0.41107,0.39876,0.38644,0.37793,0.37321,0.36847,0.36885,0.3744,0.37995,0.39206,0.41072,0.42941,0.43694,0.4333,0.4297,0.41881,0.40062,0.38242,0.35654,0.32298,0.28942,0.24622,0.19338,0.14054,0.099367,0.069853,0.04034,0.014256,-0.008403,-0.031057,-0.051916,-0.070984,-0.090058,-0.10722,-0.12247,-0.13772,-0.14939,-0.15747,-0.16554,-0.17268,-0.1789,-0.18511,-0.18938,-0.1917,-0.19401,-0.1954,-0.19586,-0.19632,-0.19475,-0.19114,-0.18752,-0.18192,-0.17434,-0.16676,-0.1613,-0.15798,-0.15466,-0.14996,-0.14387,-0.13777,-0.13277,-0.12886,-0.12496,-0.12238,-0.12113,-0.11987,-0.12029,-0.12242,-0.12455,-0.12822,-0.13345,-0.13868,-0.14239,-0.14457,-0.14675,-0.14815,-0.14876,-0.14938,-0.14742,-0.14288,-0.13835,-0.13208,-0.12407,-0.11606,-0.10781,-0.099309,-0.090808,-0.0821,-0.07319,-0.06428,-0.056908,-0.051075,-0.045244,-0.039034,-0.032444,-0.025853,-0.01751,-0.0074151,0.0026782,0.01299,0.023519,0.034048,0.045683,0.058422,0.071166,0.086011,0.10296,0.11992,0.13756,0.15591,0.17425,0.18373,0.18434,0.18493,0.16891,0.13625,0.10359,0.076196,0.054076,0.031957,0.015153,0.0036679,-0.007814,-0.013046,-0.012027,-0.011007,-0.014736,-0.023215,-0.031694,-0.046213,-0.066769,-0.08732,-0.10432,-0.11778,-0.13125,-0.13667,-0.13405,-0.13143,-0.12429,-0.11262,-0.10095,-0.082336,-0.056786,-0.031232,-0.014,-0.0050936,0.0038076,0.012533,0.021081,0.029625,0.035212,0.037839,0.040465,0.035574,0.023163,0.010752,0.0042593,0.0036858,0.0031129,0.0064855,0.013806,0.021126,0.01348,-0.009126,0,0,0,0,0,0,0,0,0,0,0,0,0,0,0,0,0,0,0,0,0,0,0,0,0,0,0,0,0,0,0,0,0,0,0,0,0,0,0,0,0,0,0,0,0,0,0,0,0,0,0,0,0,0,0,0,0,0,0,0,0,0,0,0,0,0,0,0,0,0,0,0,0,0,0,0,0,0.16394,0.27325,0.43284,0.64268,0.85255,1.0019,1.0907,1.1796,1.2276,1.235,1.2424,1.232,1.2039,1.1757,1.1369,1.0875,1.038,0.9931,0.95266,0.91227,0.8756,0.84264,0.80966,0.77491,0.73843,0.70192,0.65285,0.59127,0.52966,0.46551,0.3988,0.3321,0.26378,0.19384,0.1239,0.064826,0.016644,-0.031522,-0.071664,-0.10378,-0.1359,-0.16415,-0.18853,-0.21291,-0.23076,-0.24209,-0.25342,-0.25822,-0.25648,-0.25476,-0.25417,-0.25468,-0.25519,-0.25227,-0.24589,-0.23952,-0.23104,-0.22045,-0.20987,-0.19745,-0.18319,-0.16894,-0.15387,-0.13797,-0.12208,-0.11016,-0.10222,-0.09428,-0.087169,-0.080895,-0.07462,-0.065995,-0.055017,-0.044036,-0.030536,-0.014512,0.0015141,0.01761,0.03378,0.049951,0.063172,0.073448,0.083728,0.09102,0.095326,0.099632,0.097636,0.089336,0.081039,0.070734,0.058416,0.046101,0.034928,0.024898,0.014868,0.0072664,0.0020928,-0.0030813,-0.0075859,-0.011421,-0.015258,-0.024073,-0.03787,-0.051671,-0.066,-0.080865,-0.095732,-0.1046,-0.10747,-0.11034,-0.11267,-0.11446,-0.11626,-0.11751,-0.11821,-0.11892,-0.11738,-0.11361,-0.10983,-0.10759,-0.10687,-0.10616,-0.10866,-0.11438,-0.1201,-0.1206,-0.11587,-0.11115,-0.10022,-0.083078,-0.065934,-0.045539,-0.021892,0.001759,0.028169,0.057338,0.086509,0.1142,0.14043,0.16665,0.18882,0.20695,0.22506,0.24032,0.25273,0.26514,0.27382,0.27876,0.28369,0.28581,0.2851,0.28438,0.28421,0.28459,0.28496,0.28365,0.28065,0.27764,0.23013,0.1381,0.046047
0,0,0,0,0.0099111,0.0093026,0.0098997,0.011702,0.013504,0.016634,0.02109,0.025547,0.031153,0.037909,0.044663,0.052089,0.06019,0.068289,0.074473,0.078741,0.08301,0.08663,0.089596,0.092564,0.094479,0.095343,0.096212,0.096458,0.096082,0.095709,0.094568,0.092656,0.090741,0.088106,0.084755,0.081405,0.077656,0.073513,0.06937,0.064378,0.058537,0.052695,0.046367,0.039552,0.032739,0.025744,0.01857,0.011395,0.0044133,-0.0023766,-0.0091647,-0.014989,-0.01985,-0.02471,-0.028293,-0.0306,-0.032907,-0.034486,-0.035334,-0.036183,-0.037289,-0.03865,-0.040014,-0.041745,-0.043843,-0.04594,-0.048129,-0.050408,-0.052685,-0.054417,-0.055602,-0.056783,-0.057079,-0.056493,-0.055904,-0.054678,-0.052815,-0.050947,-0.049875,-0.049603,-0.049331,-0.051041,-0.054722,-0.058399,-0.060841,-0.062045,-0.06324,-0.063711,-0.063462,-0.063212,-0.062712,-0.061962,-0.061219,-0.060184,-0.058851,-0.05752,-0.055416,-0.052533,-0.049646,-0.044639,-0.037514,-0.030388,-0.02485,-0.0209,-0.016949,-0.012203,-0.0066604,-0.0011189,0.0038724,0.0083156,0.012758,0.016515,0.01959,0.022665,0.025107,0.026919,0.028734,0.032215,0.037365,0.042518,0.047551,0.052469,0.057384,0.063695,0.071395,0.07909,0.086719,0.094279,0.10185,0.1086,0.11455,0.1205,0.12726,0.13483,0.14242,0.15053,0.15917,0.16783,0.17422,0.17834,0.18245,0.18316,0.18046,0.17773,0.17741,0.1795,0.1816,0.18252,0.18225,0.18198,0.17935,0.17437,0.16938,0.16442,0.15949,0.15457,0.15117,0.14928,0.14738,0.14752,0.14975,0.15197,0.15681,0.16428,0.17175,0.17476,0.17331,0.17187,0.16751,0.16024,0.15295,0.1426,0.12919,0.11576,0.09848,0.077349,0.056216,0.039745,0.027939,0.016135,0.005702,-0.0033608,-0.012424,-0.020766,-0.028393,-0.036024,-0.042888,-0.048983,-0.055086,-0.059755,-0.062985,-0.066213,-0.069068,-0.071555,-0.074042,-0.075752,-0.076678,-0.0776,-0.078158,-0.078341,-0.078521,-0.077895,-0.076452,-0.075003,-0.072765,-0.069734,-0.066704,-0.064523,-0.063191,-0.061859,-0.059978,-0.057543,-0.055106,-0.053107,-0.051542,-0.049979,-0.048948,-0.048448,-0.047946,-0.048114,-0.048964,-0.049818,-0.051289,-0.053376,-0.055465,-0.05695,-0.057823,-0.058698,-0.059256,-0.059502,-0.05975,-0.058963,-0.057148,-0.055338,-0.052829,-0.049624,-0.046421,-0.043121,-0.039721,-0.036321,-0.032838,-0.029275,-0.025711,-0.022762,-0.020429,-0.018097,-0.015613,-0.012977,-0.010341,-0.0070037,-0.0029661,0.0010714,0.0051955,0.0094059,0.013619,0.018274,0.023369,0.028465,0.0344,0.04118,0.047963,0.055018,0.062355,0.069696,0.073488,0.073729,0.073967,0.067559,0.054498,0.041434,0.030476,0.021629,0.012781,0.0060598,0.0014671,-0.0031258,-0.0052186,-0.0048106,-0.0044025,-0.0058933,-0.0092853,-0.012677,-0.018485,-0.026706,-0.034923,-0.041723,-0.047107,-0.052492,-0.054664,-0.053617,-0.05257,-0.049713,-0.045043,-0.040375,-0.032932,-0.022712,-0.01249,-0.005598,-0.0020371,0.0015228,0.0050117,0.008431,0.011849,0.014084,0.015135,0.016186,0.014229,0.009265,0.0043007,0.0017038,0.0014742,0.0012451,0.0025938,0.0055216,0.0084495,0.0053925,-0.0036497,0,0,0,0,0,0,0,0,0,0,0,0,0,0,0,0,0,0,0,0,0,0,0,0,0,0,0,0,0,0,0,0,0,0,0,0,0,0,0,0,0,0,0,0,0,0,0,0,0,0,0,0,0,0,0,0,0,0,0,0,0,0,0,0,0,0,0,0,0,0,0,0,0,0,0,0,0,0.06557,0.10929,0.17313,0.25707,0.34101,0.40073,0.43624,0.47179,0.49104,0.49399,0.49696,0.4928,0.48153,0.47025,0.45474,0.43497,0.41519,0.39722,0.38105,0.36489,0.35023,0.33705,0.32383,0.30994,0.29536,0.28075,0.26112,0.23649,0.21185,0.18619,0.15951,0.13283,0.1055,0.077529,0.049556,0.02593,0.00666,-0.012609,-0.028663,-0.041508,-0.054358,-0.065659,-0.075413,-0.085163,-0.092297,-0.096826,-0.10136,-0.10328,-0.10259,-0.1019,-0.10166,-0.10187,-0.10207,-0.1009,-0.09835,-0.095804,-0.092412,-0.088176,-0.083945,-0.078976,-0.073272,-0.067572,-0.061544,-0.055186,-0.048829,-0.044061,-0.040885,-0.037709,-0.034864,-0.032355,-0.029847,-0.026398,-0.022006,-0.017614,-0.012213,-0.0058042,0.00060573,0.0070433,0.013509,0.019979,0.025268,0.029376,0.033488,0.036406,0.038129,0.039851,0.039052,0.035732,0.032413,0.028292,0.023365,0.018439,0.013971,0.0099587,0.0059468,0.0029064,0.00083685,-0.0012325,-0.0030342,-0.0045684,-0.0061031,-0.0096297,-0.015149,-0.020669,-0.026398,-0.032343,-0.038291,-0.041838,-0.042983,-0.044131,-0.045064,-0.045782,-0.0465,-0.046998,-0.047281,-0.047564,-0.04695,-0.045441,-0.043929,-0.043031,-0.042745,-0.042457,-0.04346,-0.04575,-0.048039,-0.048237,-0.046346,-0.044456,-0.040085,-0.03323,-0.026372,-0.018214,-0.0087561,0.0007031,0.011266,0.022934,0.034601,0.045677,0.056168,0.066655,0.075522,0.082773,0.090021,0.096126,0.10109,0.10605,0.10952,0.11149,0.11347,0.11432,0.11403,0.11375,0.11368,0.11382,0.11398,0.11345,0.11225,0.11105,0.092045,0.055234,0.018416
0,0,0,0,0,0,0,0,0,0,0,0,0,0,0,0,0,0,0,0,0,0,0,0,0,0,0,0,0,0,0,0,0,0,0,0,0,0,0,0,0,0,0,0,0,0,0,0,0,0,0,0,0,0,0,0,0,0,0,0,0,0,0,0,0,0,0,0,0,0,0,0,0,0,0,0,0,0,0,0,0,0,0,0,0,0,0,0,0,0,0,0,0,0,0,0,0,0,0,0,0,0,0,0,0,0,0,0,0,0,0,0,0,0,0,0,0,0,0,0,0,0,0,0,0,0,0,0,0,0,0,0,0,0,0,0,0,0,0,0,0,0,0,0,0,0,0,0,0,0,0,0,0,0,0,0,0,0,0,0,0,0,0,0,0,0,0,0,0,0,0,0,0,0,0,0,0,0,0,0,0,0,0,0,0,0,0,0,0,0,0,0,0,0,0,0,0,0,0,0,0,0,0,0,0,0,0,0,0,0,0,0,0,0,0,0,0,0,0,0,0,0,0,0,0,0,0,0,0,0,0,0,0,0,0,0,0,0,0,0,0,0,0,0,0,0,0,0,0,0,0,0,0,0,0,0,0,0,0,0,0,0,0,0,0,0,0,0,0,0,0,0,0,0,0,0,0,0,0,0,0,0,0,0,0,0,0,0,0,0,0,0,0,0,0,0,0,0,0,0,0,0,0,0,0,0,0,0,0,0,0,0,0,0,0,0,0,0,0,0,0,0,0,0,0,0,0,0,0,0,0,0,0,0,0,0,0,0,0,0,0,0,0,0,0,0,0,0,0,0,0,0,0,0,0,0,0,0,0,0,0,0,0,0,0,0,0,0,0,0,0,0,0,0,0,0,0,0,0,0,0,0,0,0,0,0,0,0,0,0,0,0,0,0,0,0,0,0,0,0,0,0,0,0,0,0,0,0,0,0,0,0,0,0,0,0,0,0,0,0,0,0,0,0,0,0,0,0,0,0,0,0,0,0,0,0,0,0,0,0,0,0,0,0,0,0,0,0,0,0,0,0,0,0,0,0,0,0,0,0,0,0,0,0,0,0,0,0,0,0,0,0,0,0,0,0,0,0,0,0,0,0,0,0,0,0,0,0,0,0,0,0,0,0,0,0,0,0,0,0,0,0,0,0,0,0,0,0,0,0,0,0,0,0,0,0,0,0,0,0,0,0,0,0,0,0,0,0,0,0,0,0,0,0,0,0,0,0,0,0,0,0,0,0,0,0,0,0,0,0,0,0,0,0,0
